4380
3019
5761
7262
269
7136
5164
6955
2852
9522
2722
4719
4225
2496
2563
296
1794
5565
3223
7386
4266
4431
8514
5444
6697
8166
5202
8673
5597
2010
632
3723
3077
4893
7057
1290
622
5599
4192
9433
5132
6176
8970
5593
8839
9713
8670
7023
4783
563
239
6761
4061
1857
7247
7183
6023
314
8249
6884
4224
1350
4459
1835
234
3066
5135
7702
2808
8742
2388
8025
4581
811
4974
2397
3563
2666
5638
6177
3361
2632
783
7659
436
349
7879
8844
2544
6876
8533
1938
4187
301
8502
4887
6158
4342
4286
3142
7073
4856
5357
8414
7474
3829
7919
3838
8594
6096
9968
8688
3212
6669
5307
4435
3986
8903
1149
7249
6550
3408
1594
2975
1970
2563
8939
2323
3077
1781
8595
2815
875
4058
7293
4827
5559
3716
7172
5409
7744
3607
8222
1602
7445
7400
9702
3158
9805
5715
4244
817
367
3259
764
6417
8027
9948
7760
3651
2276
5756
3458
4037
5339
400
8953
9654
6921
2764
15
3754
1768
3394
4182
138
8271
1404
8549
9208
4584
3684
7523
6687
4287
1056
7806
9337
2105
299
3591
4859
1246
8766
3246
9691
5829
9998
2422
4466
2379
9439
3525
6396
9328
2871
1707
1211
4206
9357
956
3931
9702
7567
5419
1921
2473
5635
596
4653
7248
5093
6582
4367
8216
3264
2604
4486
4829
2536
6135
2258
6546
5315
6282
9595
2251
1048
2433
1867
5559
9359
7166
3126
365
9880
161
5066
2801
9384
9796
7233
1715
430
8080
5747
469
4180
4704
1113
2727
9857
9280
5692
9825
6059
4577
9932
9500
4538
9308
4445
973
4119
5872
7275
7071
2099
1434
4638
188
2436
9984
1688
4984
9594
2474
8219
2618
1632
6781
9081
4551
3342
3877
7491
9661
6988
5631
7538
7081
3072
3072
5028
1189
2872
2421
9022
4897
4612
6265
5137
6557
9754
6012
5687
6129
7245
4774
7436
4202
1160
2760
873
5425
6483
4346
4955
2728
5256
6247
3058
2180
9456
4578
390
3042
7159
9491
5236
5112
7374
6497
3622
4425
2943
2878
4129
67
3162
362
5928
3593
5902
6549
782
6568
836
6516
1224
4489
4981
3070
3552
6898
108
2884
9974
8921
9446
6764
7121
9190
1206
6617
2067
5107
4133
1880
6011
6994
5990
6824
1140
3932
9960
791
6347
2722
9060
4246
654
7921
759
7208
5775
2567
857
1772
968
1740
8443
2260
4920
2464
608
1858
3915
6207
1762
174
7560
4275
6533
7958
4884
2662
1929
9939
837
5649
1209
9011
1
566
1280
2473
1108
7
6027
269
3007
9154
9961
9025
9854
7338
3696
8433
882
3602
5849
261
6429
2344
1739
7159
4973
9451
9493
2300
95
9883
2693
9937
4661
4268
7830
2452
1506
9430
7366
9835
3137
6924
8933
5220
1462
8023
1769
9579
3964
5407
1391
8401
3790
6837
3084
8383
977
5952
9729
7351
8542
4546
8333
7603
4366
6998
3820
9309
8045
9112
3565
970
1345
6001
8866
5124
5828
9437
1408
5474
1165
7867
9494
6486
6670
9200
923
4739
7574
2872
2352
3912
9670
2955
3364
1006
2048
1848
8134
5194
1307
8177
7733
8239
131
5106
6100
1635
3806
3839
9033
6284
6601
2153
3924
8375
5489
6220
1357
7349
4846
7256
1254
2643
154
6410
9712
308
4047
3511
3289
1597
6237
8148
6402
1196
4395
3509
559
6982
5525
5408
4344
6364
3620
1325
7149
6985
4412
7229
2022
3611
5231
8835
8168
6571
7518
9411
7459
3435
7135
8406
9160
507
2506
5911
136
9143
7373
3773
8600
9537
2208
1622
6097
3350
2003
92
35
2064
6211
102
2025
4904
4587
1054
8264
7957
3303
6362
1458
341
404
7705
8823
7159
4739
5436
6619
5299
9597
3743
1410
5047
1553
675
3239
8414
8360
8249
6460
9791
2521
1405
8108
9104
7336
348
8700
8468
3433
2403
7729
5720
7746
3061
9963
4454
9199
9977
7918
7764
6479
6750
9153
5997
2188
300
2975
4233
7784
1513
8859
4827
9554
4388
3185
9847
184
6449
9224
7582
5847
9377
6883
2087
7901
1582
4742
6396
336
2208
4950
7886
9175
8351
5257
6198
5350
3573
413
8586
3287
623
5045
2295
9203
6544
173
2353
3569
9058
190
9828
2629
6874
2749
6710
1322
3638
1598
8604
1898
5654
5175
7302
7465
3989
4559
7031
3858
2466
7029
7428
6489
6895
4204
1401
1952
2309
2788
4242
8037
8370
5348
8253
2105
1921
2483
7162
2971
5204
8199
5963
4402
3119
3717
9678
5097
4004
774
7284
7381
151
714
6429
2451
5102
4038
8034
3420
4503
1497
5615
5642
86
7565
4139
4612
233
4713
4357
2757
3145
2803
5581
1611
4767
3379
6540
924
2401
7698
9105
4051
1048
5585
4680
5751
2799
7207
6313
8124
6202
1170
5067
7219
4273
2030
2947
8124
9767
115
1389
4605
6811
3960
7829
682
250
662
6035
1300
1199
8920
3905
9311
6105
7838
6874
4362
3463
673
864
2275
7826
3745
6730
4547
9655
506
5576
5781
9343
5300
3621
5045
2573
1305
4456
7667
1556
5266
247
3942
7475
3963
2616
4765
3934
3253
5765
8417
5945
714
5340
278
9251
9899
544
8528
7165
4005
3951
4211
7814
3858
4449
5858
1956
1179
2074
329
2609
1947
7340
3990
4224
239
2124
6962
4346
3450
4990
2174
5033
9061
7216
136
2417
4915
8145
2237
806
6643
2060
9176
1134
6111
2453
3529
6371
513
1774
7265
6757
452
4950
3161
394
3192
4415
6178
1523
5552
5818
1831
2924
9174
5042
1742
3679
8831
1857
7166
2247
8600
5779
9307
1612
9551
5029
8156
1791
2831
8713
5150
1139
6867
8409
4881
3670
6843
9078
2432
523
8028
3308
3822
3558
9186
7507
1372
1123
1857
1317
8935
4611
6745
9095
2558
595
7304
6118
7425
3547
3465
1471
5124
704
4794
3866
4275
4311
2523
7572
3264
5063
6162
6408
4377
9753
3084
9562
7988
7967
5838
8480
1724
9054
3545
8172
8997
6169
1596
9594
3674
379
3236
435
8121
9105
5374
1644
6020
9042
6124
8270
8872
2411
2758
4754
4970
8619
9512
217
477
5528
6394
8501
2992
6893
7981
2760
9973
2273
800
3111
9549
9428
1346
7722
7566
9240
8771
2739
1510
1402
8259
3960
7929
9548
1436
1167
7399
2464
9755
7525
4793
8627
5688
9946
5977
4515
8520
1789
1713
7550
7016
2064
4172
9401
4858
9895
9273
4330
1916
4611
3903
4035
3619
4837
9018
1852
4903
6385
6386
2571
3208
2417
2044
5954
4126
8978
7194
5733
8094
6320
5310
1846
6152
4953
8717
1295
205
336
3982
