312
5959
39
3660
3108
591
9859
6817
8876
8659
6223
8632
6651
6442
2572
9770
4657
8039
8790
3281
3627
2139
4050
1928
7870
9077
724
3806
399
3572
9035
9433
3714
334
8137
6790
1261
6857
9250
831
7672
8982
8080
4518
8179
7181
3585
1262
7620
8772
2894
1960
139
5305
9336
7467
6244
4079
5009
3245
9465
3237
5380
9790
513
81
8531
7364
3241
4348
4731
320
9693
1223
8838
831
2404
4796
6844
7149
3797
5711
2999
2229
8681
803
1954
2771
5967
6713
9676
1306
4549
5011
3887
433
9066
3862
3432
9543
3022
1326
6434
9864
4818
1339
5620
7976
5825
3962
1203
7245
7082
3102
4549
6329
7193
9741
4244
9812
8529
4231
602
7048
8713
8929
1535
1078
4560
5040
2957
9254
3790
8769
6332
7579
4056
2613
6399
7413
2415
1210
4633
3472
2806
3925
4237
5242
5855
4586
7218
7298
7489
2014
6575
8332
4727
9028
8776
4657
8536
1524
7909
5875
1950
9226
9211
2685
7797
3306
1930
3721
3955
4177
1891
3084
4494
8054
8147
1772
7262
7808
6624
9313
3521
9153
830
5641
2932
9296
5583
9398
5557
1093
2453
6642
3330
9757
5701
7155
4013
909
8506
233
9039
5122
1635
6003
693
2231
9883
4418
7964
241
1154
838
9541
4949
5004
5924
1508
3865
6918
9593
5595
2535
2961
8280
4622
5645
6589
9615
1219
7410
6867
7352
9064
5139
6591
7995
5472
3099
1064
5873
6955
9122
4621
1843
7713
284
1229
9089
859
7042
275
7566
9103
7806
6749
8632
9862
1983
8247
7798
5051
5757
2873
923
3826
4390
8569
1607
1826
5831
8286
5948
9184
9622
9331
2733
5706
7340
5828
2627
2173
3808
873
2569
8612
2575
2524
5527
3774
7783
2183
5133
5002
5570
687
6805
9377
8576
1943
1051
9567
2990
8803
4536
608
6051
730
1065
5652
6760
4806
2670
5630
4871
3516
4527
9503
620
9650
105
8393
4313
3810
5878
5715
4518
5834
6443
3864
485
7516
6746
5308
1684
1721
7240
5549
75
1349
2441
7889
8693
1751
7639
7378
9355
1040
7410
2579
9324
2901
3857
5741
8665
746
3462
5738
3532
7245
7824
5629
2233
9309
154
5980
141
2517
1857
2780
8739
4264
4451
8231
3989
9418
8322
6028
5696
5081
2055
6884
6304
6023
2836
9180
3434
6821
8306
3540
3097
941
9
6323
959
9980
4622
9860
6221
1178
358
1201
7615
3160
2889
8250
8334
6436
3250
3458
7465
9660
5779
4327
6206
1613
5445
1644
4337
3718
6956
36
8911
5406
8585
189
7789
2815
170
3015
7929
3789
780
7072
3746
951
8448
3677
9364
8633
6044
5126
107
6139
5208
6175
1337
4394
3064
783
5698
7377
3546
9327
3092
5892
2933
129
9301
6808
9698
1369
9636
5730
22
8012
8322
7723
6509
4756
7529
892
9811
110
842
5724
2139
9729
693
8099
6835
1114
2113
7578
5262
2296
4748
418
4289
2497
636
7501
8314
8319
307
3980
4793
9499
9953
4518
9155
6724
9955
6338
2571
5244
3002
2258
1793
512
2839
9404
3623
7425
7985
1333
14
6660
2569
1996
208
5170
37
1729
4902
5948
953
4560
9817
4480
1460
3742
421
2112
5333
9823
3514
1685
14
801
444
2624
2577
2632
5579
1656
9592
4871
125
7045
5729
8904
1718
8936
6917
4600
1401
2869
570
8130
9593
5486
782
4470
6473
4125
2756
4022
1905
173
1931
7453
8162
6630
7834
5292
1440
4691
7720
2259
3502
9762
5975
2936
2280
7559
4065
8502
3385
2013
1306
4501
8365
9050
2693
2610
2529
2782
7939
1724
3319
8584
3493
9419
1861
7365
451
5196
2381
6086
134
3436
7319
2188
5327
3953
3898
5635
8778
6096
7530
1272
4685
7886
9179
3305
6523
5847
1203
9303
4198
8964
4862
5610
9200
909
9691
1042
1538
4763
7843
7893
9205
2536
8218
7674
5790
6054
8815
7008
9223
8169
3902
8811
5432
1185
6420
3549
7269
7207
6642
4333
1
8820
1370
2135
6272
1177
3286
4160
5450
7038
1321
883
2891
6554
4093
8701
7495
44
9179
6514
1339
8180
2442
5690
1758
1825
7582
59
4727
2472
7377
3332
2216
638
2368
6851
4744
962
7452
771
1023
8761
8833
4054
9114
1607
4275
4747
6974
5639
3236
2156
6505
7079
7090
4919
420
9347
4861
8327
2228
669
390
4990
9456
8982
2691
7809
3565
7548
6896
9792
2261
7855
2879
48
9975
3057
4816
167
3863
906
6779
4260
7062
2101
330
7960
3772
5611
1380
5189
7058
1242
3876
3169
3004
4369
5896
6455
3699
7291
2277
538
8161
8101
9912
3047
7350
4302
3256
1238
8679
3338
1015
6940
694
4083
7270
5761
3484
9324
904
6569
6003
2419
3119
8209
5137
3843
7427
3815
3838
3107
6833
4790
8342
7279
576
5277
6554
2944
8350
3355
5377
2619
1337
6554
1852
2275
3786
9941
2472
4139
412
5574
2460
844
9531
5409
6785
8624
5287
4710
1105
377
8791
727
1465
2368
3594
5047
6120
1037
232
7387
2282
8672
5096
9632
2862
9563
6907
2168
8082
7420
4277
4914
2449
8762
7388
997
6242
6187
472
2361
3554
2271
6939
3266
5804
9293
2170
7993
4437
2024
2825
8761
4964
8702
3925
4275
302
3421
8315
9215
1744
8114
4006
736
3941
575
7381
2689
4504
9544
187
8178
6707
923
9408
9098
5317
5130
645
5255
8162
5142
5749
6777
1269
5865
9655
87
3777
9855
1983
9725
8917
8818
7012
3235
2269
7089
9628
315
2597
3533
7428
2902
5545
9648
8316
9075
2455
2026
7183
6757
3862
6649
2128
1120
7344
3284
4784
2384
9963
500
4924
7606
917
2480
6226
6240
861
7235
788
9268
2719
5596
2278
9273
2423
8434
1138
5170
2823
4658
3067
6823
3988
4870
478
2241
5690
4292
1940
6962
7279
7168
9236
3615
8933
3295
3333
9788
7929
2889
6177
1330
3241
9114
7814
4287
1123
2245
3478
314
7400
3861
9918
3009
799
3826
611
833
6229
9772
8856
769
2066
2264
3756
4252
5320
3060
5681
3433
8485
3064
8567
8312
8471
2042
423
5691
8031
7054
460
9167
7678
5561
1627
1046
9100
9856
915
99
2919
5378
8671
4081
2809
9470
9705
6271
4386
8194
329
8220
3252
7538
2107
7531
9454
929
1086
8883
8384
7055
5736
2710
125
2351
6103
2060
559
4948
9650
4539
5140
6792
6702
6005
7621
7480
397
5806
4104
4927
8129
6425
203
3517
8335
2942
8705
3763
9310
4522
5050
9486
8302
8226
7082
9438
8901
5765
5899
354
2212
7886
9342
7570
4297
2179
7901
5881
7790
1213
9068
9612
5070
84
4750
7131
6376
3510
2340
5491
9788
3843
2496
6030
3282
7704
3464
7688
6794
3367
9621
3262
6878
8367
9003
7733
5507
9565
9011
2197
4846
9583
6276
1808
9876
7296
6209
4322
762
2645
4252
8854
6299
2675
2359
5603
4984
9867
843
9282
7689
5492
4482
1053
7458
419
1182
6821
1921
9801
7005
5680
5683
6168
1204
5309
1702
2723
4808
5749
7897
8658
3211
4112
3744
6111
5012
8193
1348
496
8151
9664
487
1585
1076
369
2677
7501
8684
8518
2758
4105
1565
9550
6944
2877
350
3576
8553
2208
4838
136
4745
5199
7431
5973
4718
2697
5560
6428
4186
8266
9761
8309
2231
2578
2719
9312
3275
6641
7063
1627
3382
514
3095
6339
7896
9681
5848
5956
6736
4426
8480
6112
6159
7312
9348
8472
6922
3750
9498
2793
4462
7117
2076
8501
1550
4075
7321
8093
6776
7732
1701
5321
9895
5256
6977
8852
1761
8745
3957
1942
1984
7479
7530
3423
3485
313
564
4349
648
9610
9004
2683
7956
1310
3852
7942
5744
6464
3476
1740
929
1977
7018
4387
9306
1983
5613
5300
8462
7816
7258
2578
7020
4265
8503
75
9112
8735
7965
2378
7915
889
9972
3237
7729
7952
2198
3642
1456
6485
4629
5985
2920
4965
6696
5102
5110
3387
6704
4519
5906
9986
3562
8012
793
7525
237
5879
533
8918
5394
129
8039
2199
7796
589
8855
7752
9725
1302
3458
1133
976
4257
6450
8891
4165
5566
6412
5952
6606
4417
5395
4476
5817
1383
4154
3535
7566
8407
2918
2736
1096
8214
2273
872
2944
8423
2667
8521
2789
861
795
3022
7672
5966
5396
1296
6916
3271
7059
4513
2619
2390
148
3913
5899
8856
5444
2763
207
9951
4992
