4840
2012
6728
9451
6563
4487
4582
1519
2615
3105
4656
8259
5954
5548
7080
3400
1607
9781
3949
8706
2131
1686
2356
4262
5326
6393
8260
4511
5776
3063
7038
5883
9518
1183
2104
1586
5056
7122
228
6599
4864
9258
5217
3591
1328
1643
286
9119
9544
5906
9366
3690
5659
1514
5933
9735
6614
2253
7813
7993
7604
1368
3677
3352
2113
7207
3623
3381
6569
2767
6580
9082
9899
6202
9023
48
5167
1357
1859
7514
545
2102
9321
8719
7706
2273
8594
6869
8330
4138
2877
9800
4100
1852
7445
2107
7093
8296
4554
8757
9058
6738
955
6716
1741
5989
9501
3712
2755
5942
8827
4941
134
4837
4266
5140
8818
6032
4327
2404
7838
7779
7295
4642
1857
5962
4634
7303
2671
1143
3765
6648
1646
6622
27
8305
9769
717
4544
8507
6896
7673
5050
4269
3722
6164
396
9982
3064
6411
3248
5144
9431
4700
4640
8248
5538
2708
3648
9506
5122
3094
2076
5586
5363
6968
7130
6045
2804
7208
8332
8294
362
4220
708
1884
2817
1446
7780
4705
2177
8790
7697
6597
4345
1929
3219
4128
1674
5216
1868
9679
1458
9131
7682
998
7972
6692
5243
1812
449
41
7748
4548
3621
2817
4766
8832
8608
9151
4693
2848
1183
116
3998
8495
2598
3823
8221
8446
5581
2448
176
4626
6612
2634
9388
9737
9444
8758
8450
8538
5540
3844
1181
4842
8340
6893
6010
9659
9210
3588
7284
543
9927
1338
7244
1594
3204
3921
9170
3093
7102
3480
2258
3759
4508
949
4445
958
4233
5154
6515
9187
6562
8542
970
5020
765
6963
5310
1619
3475
2279
8149
3219
6205
380
8350
8522
6199
5395
1813
1354
531
4126
2501
1722
1756
2866
7979
8826
533
2507
626
820
3870
4793
7425
1229
866
2217
8077
9818
7520
2766
4828
576
7492
7614
6711
8036
1154
585
731
5537
398
2580
6781
2343
4298
3716
8647
5088
941
3814
6724
8959
1421
7804
4595
2002
1241
17
5371
966
4981
397
2620
5993
9570
2004
7837
1434
3993
7240
9080
1660
2516
7295
7390
4922
1386
4144
5080
8069
4565
7159
5531
6105
4066
1320
5863
5726
2036
1504
1565
233
8357
4598
970
2322
1290
3393
3060
3089
2865
1267
1887
7874
5482
4819
845
8071
3199
6505
6656
717
7009
4194
3821
8790
6705
9187
9391
4517
5368
5114
6053
1305
9364
735
3353
4001
7871
1690
446
8669
9741
7823
5
4645
818
9988
8764
7779
6877
9523
1540
9531
4389
6554
3197
9723
2655
9664
7984
1597
8601
9842
7881
6841
3206
4907
5070
7
3046
5027
1569
9235
9186
9982
446
3961
7489
4069
2833
8432
649
7746
8119
7955
5349
7444
7407
8346
7519
131
5166
2359
2651
7373
5355
8476
1856
6223
3853
9626
4452
4815
6639
5733
7314
6566
9133
8547
2219
5387
5279
3603
9078
3035
2623
5242
8053
3044
951
9320
9574
912
2956
3546
8082
7600
6817
9944
4774
9310
8250
8926
3147
9780
6446
1256
3588
7546
4503
1975
8643
9658
858
1552
3833
1664
3101
2612
2217
8958
1498
3066
4711
4892
335
7863
6354
5580
8974
6080
9706
5116
8824
1927
4624
8644
9953
2753
3482
1439
9184
5960
6047
4694
8006
5900
853
7112
7704
9220
6372
9318
8186
5042
4246
5434
3530
2245
9678
3912
166
4136
5395
189
3612
9783
8535
9092
4108
3202
6824
2856
5099
5850
7746
9283
3127
4793
7630
8452
1890
3790
7340
2815
5629
1685
936
9023
7810
5077
1564
3703
9310
851
9762
8838
5321
6421
2612
920
4851
5137
7954
6633
5709
2482
3647
1028
6193
4172
2425
1738
5600
3223
339
4782
1910
6024
5153
8221
4747
9902
5966
7308
9768
7367
6493
6345
9268
5827
6123
8979
6555
8144
3309
5894
858
5748
5164
1070
985
6954
761
4285
181
4163
7790
5511
8633
6301
6563
1930
8280
6194
7946
1564
4442
2599
6968
7085
8465
389
2240
4907
2790
549
7181
7379
3349
1827
7003
8709
418
8885
5747
6401
4326
2485
1330
30
6858
2394
9492
554
1662
1205
1170
1835
2007
4455
9765
6259
3091
2656
8870
5938
5530
5074
4901
837
707
4020
3201
5613
8400
7746
8378
6971
1655
7506
3585
5879
5085
4417
264
1295
3329
7948
7867
8316
3555
7755
9179
3841
767
1783
3939
8861
1898
6797
681
271
6904
5354
2739
5337
4759
6390
8018
8365
9067
5997
7632
3285
2055
7240
4578
1759
5285
7883
7385
1396
386
8919
7515
5914
265
5295
6425
7407
426
5080
9101
1830
4807
2090
7507
8910
1419
9123
9216
8734
2279
1739
4323
2397
1850
2722
1334
6637
3245
7989
1792
2104
2200
2079
4779
7954
6964
9052
9022
3838
2974
633
1254
29
9413
8999
806
5600
4352
4767
4231
5503
1999
415
7421
9395
1804
4082
5673
4461
4829
9710
9140
7706
5498
1015
5663
2125
7157
8065
324
5852
8859
67
3720
3320
2741
8246
4671
2579
1243
9276
5420
7206
3766
6398
8372
5882
7296
5422
3870
8260
3851
9579
6473
9006
4138
6035
266
3680
6928
8227
2160
7694
9235
3817
2198
7051
9516
8282
6660
1531
5871
4224
5218
3686
1137
1227
2523
4456
8538
2425
3801
5461
7369
7248
3331
906
5774
6807
1312
2190
9752
2533
7398
3752
5452
5217
7844
4010
862
8104
9112
3211
2799
1198
6926
163
644
5739
4037
4031
7775
1735
8207
756
6956
4256
8518
9120
8425
135
6854
8492
5970
923
3834
125
489
7390
8390
1418
1487
8820
8943
5432
6897
4761
2962
5089
1986
9426
9560
3924
5761
7995
3524
9158
3671
1024
1957
3941
2927
7208
5823
3500
2050
5563
1264
5859
4238
1428
7378
9966
418
7873
2492
9814
5049
391
7701
101
0
739
5158
523
9606
3211
570
1069
2655
1059
7110
9085
244
1324
5423
980
4171
4198
988
380
3759
9558
873
8619
636
1395
3604
4665
8105
7451
9528
5522
8210
8146
132
4471
7184
2826
7160
6607
2376
8798
235
5003
877
9688
9611
8664
4562
5443
1202
9661
8320
9594
4193
5795
4016
2991
540
6757
8678
4312
9249
8909
8619
6724
4103
446
3733
8588
8095
7472
6197
5604
2105
6341
892
2848
6710
5898
2971
8483
7653
2234
6582
3555
6925
7260
3411
2409
4230
2749
8229
4868
4196
5496
7808
5629
5553
3922
552
965
6149
8066
5899
218
9268
3725
8423
6441
4341
5184
3593
6349
59
8518
7747
9333
7138
9578
1929
1460
7127
5862
5529
7314
6788
3449
4548
8144
951
1224
8589
9289
1246
6747
7517
195
9521
776
305
581
9019
2941
6321
211
4726
822
4861
1940
8355
8383
5574
2661
5283
2324
6182
6902
4213
5732
2909
8273
8844
8579
489
380
748
5630
4545
9556
5170
858
1886
7913
4957
7813
614
8057
9420
8542
5591
3332
6660
3169
4029
8767
1022
2938
6224
6500
3628
7467
4173
9782
4662
6217
7518
3266
7014
3104
2633
8369
7803
806
5218
2954
9294
4557
990
8868
2415
6738
8933
9929
8810
1347
7635
7734
7900
2670
9611
8416
108
52
472
9072
4952
2284
2258
2255
1453
8547
5177
7596
8962
6290
4065
9146
994
9112
667
4935
1220
6262
2107
4247
345
8009
6971
3040
849
4402
6012
1197
2010
8050
6547
6998
9622
177
2520
6103
9511
6237
9591
5884
6906
9552
5408
1806
5358
9258
1297
9559
3599
5501
6894
5986
3891
2264
4042
8606
6720
8955
8021
7825
968
6361
3906
5193
4563
3676
7380
5662
4040
4034
9860
9843
9287
8788
9650
1483
437
8216
9909
9368
2852
5436
6288
9934
4766
8195
7956
6391
1903
1981
9628
6991
7421
6654
5945
2416
6741
5616
7146
3848
1346
5844
743
4389
4620
5444
9082
6851
4347
3956
3003
2829
1751
9015
6951
1567
7582
3470
5852
2092
5744
2523
4916
1179
6171
9476
1003
6348
5198
723
8270
2329
4700
761
6354
7528
3311
306
5998
7084
8261
8628
9495
7034
1548
2082
6438
5818
7446
8926
7383
4
8345
5754
2609
665
310
1039
4365
7988
883
6439
2069
3237
6039
1380
9578
589
3826
7524
3649
5641
295
3692
6348
805
7062
5921
7169
3537
8650
9317
4441
449
5100
5615
5447
9726
4242
8515
5618
3386
4152
7105
2977
5840
6905
4202
1283
3050
3018
1196
3080
701
7651
6110
351
399
1307
8519
4364
5593
527
6938
7141
8247
5486
3387
2570
1468
468
4469
1311
2562
8385
1540
8856
6351
1222
4749
9408
8083
6059
1518
229
6206
8975
7552
5283
4382
5245
281
3291
4790
8088
8286
4240
9179
3315
5237
4975
9464
6416
8856
7432
7537
466
1270
7997
9988
9184
9235
6102
5515
3353
3632
9726
9534
3887
7349
8877
3926
3570
219
6019
829
6314
774
9678
9232
3807
9456
5864
2470
2328
1233
5425
2122
3599
7561
7364
4420
9230
3776
4728
3767
4232
5076
6245
7907
7318
3874
6929
250
1836
9297
8423
2144
2744
5191
2738
6571
8614
4303
3947
8778
8259
2162
8973
8946
4284
994
6593
8980
6641
7318
9387
826
2220
1359
3504
8720
8328
618
1795
335
5152
4382
7514
788
1014
2917
7985
2512
8476
9335
2571
2712
2114
4961
6081
125
1756
7957
2281
3494
2127
9419
787
681
8025
6613
9874
3193
6426
1633
6278
712
9171
8279
4562
8782
6345
7826
5983
4274
5717
6380
4636
5221
459
4753
7328
574
5109
7909
5326
2079
9612
6322
2740
1623
9507
4938
4336
3009
2367
1675
5422
7642
6151
5904
6643
7504
6564
9300
2975
1461
9780
9409
5923
6739
4018
7863
9551
2266
2874
6632
4102
1828
6827
5535
1361
4345
2077
9665
9996
6622
2812
6525
1937
9017
6161
3837
9519
6671
3195
3694
4054
2303
6255
8651
2434
4967
5929
6757
1106
2068
7582
240
6900
9287
7824
3175
5839
7442
7965
2368
8892
5843
1348
9897
4113
6295
2404
7777
7067
5536
8083
7732
4344
7393
3528
7247
1695
5862
2823
737
3372
1344
86
8834
4796
9134
1936
3453
1905
9191
8613
1673
5170
1156
9595
1478
8195
9115
4390
4322
9324
837
1024
3067
2856
5905
101
4846
2524
6834
5117
3119
6674
7379
8854
4562
6626
5099
3710
2821
524
8364
5002
7104
1444
149
5750
9653
7834
1687
2522
6994
8021
7108
6581
4646
5179
2819
6008
9167
3231
4929
4609
2273
6088
3857
9843
9315
602
1332
5646
2612
6452
6852
4753
7451
3525
9946
1320
6316
7995
9167
4179
7542
1562
7248
8262
5657
597
6986
3958
3669
299
8149
4935
3757
5185
9517
6063
4954
2633
5068
3797
1741
380
9571
8092
3212
7385
6535
6118
14
3242
9464
7575
2305
1263
2748
7287
872
4649
6443
1747
8595
1717
9059
7553
886
9794
3980
3006
9644
8577
678
2519
9668
6233
7934
6960
7097
4500
3504
2515
5631
9530
7718
3448
6681
9608
670
9661
88
6812
6441
4515
3550
7151
592
486
8161
1455
3634
5654
234
3208
7736
6550
1437
7583
2361
8385
4259
1307
7673
5124
6195
6736
3516
4539
3712
8953
1897
8780
4684
2673
9193
170
6266
191
6831
9047
4896
9948
4689
3226
7243
8513
7748
6840
1901
161
2135
9234
337
7857
8726
7035
4735
1984
7134
6549
6187
9543
6272
1751
1448
5134
2815
9804
1018
8119
6947
282
6425
1051
9008
1742
9393
6944
6672
9233
4727
3364
7821
