9348
1536
4683
52
6026
7330
2148
1540
7773
838
777
9077
2314
9857
7227
6830
1906
3169
1023
4385
2664
6699
4290
4470
4918
6640
3262
3043
4282
859
196
5594
4270
8762
5193
5183
3733
2998
4542
3124
3409
3216
3559
5428
6978
2090
6813
9944
1737
9824
1726
3065
7866
2881
5090
7987
3024
270
1145
8433
6090
2125
5216
7963
6787
3962
7731
409
9840
4075
8860
3747
9650
5166
7273
4599
3611
1426
4364
901
6589
8799
3948
8346
1454
1971
3080
7
1016
9
4956
6734
508
6920
4012
5913
9975
1013
3725
8087
5997
2422
2963
4771
3746
7541
8949
1362
7096
7517
8429
6073
1362
3859
6651
2553
5142
9556
2473
8280
4545
9479
1578
5389
8613
7343
1803
1448
2142
2672
8699
9227
5714
5467
71
153
6214
5015
3726
6906
7469
7198
2467
9944
8155
6369
6497
7673
6184
4185
2825
8393
8785
5451
6518
1667
536
5911
6418
4347
3707
622
2241
7036
6498
2141
7787
5161
4402
6298
9432
674
8671
5450
7315
693
4318
1836
321
7054
456
2294
5723
7709
74
8666
6902
6835
2889
4212
6212
2552
4019
6611
8579
4171
1233
2193
5204
4823
1321
9057
6150
7807
96
3492
1777
9958
525
3048
7246
925
9464
1198
467
5482
5505
4054
4013
2257
845
3129
7030
4930
2250
403
3798
9214
1684
1899
853
7319
5089
8128
2606
2932
6550
4081
6000
2238
205
5401
8478
1081
3918
8198
8934
7874
2266
9365
8031
994
2358
1307
8267
1900
4580
8818
5420
8617
2990
8558
9811
5341
2684
9259
9299
7797
5717
7461
7444
5776
4273
708
8356
8327
9197
8818
8487
1866
3976
9673
3263
1321
2458
9646
7032
1963
1941
644
6874
6095
2995
9503
3409
9693
5263
6006
3049
1607
1200
8164
6930
257
2879
1307
5923
8266
2105
8325
7595
5014
6784
3000
979
8586
3325
4853
8704
6084
9328
4526
9732
6564
808
18
7156
4378
6845
2422
9108
7901
4971
8945
8222
1509
4089
2660
1409
8903
5879
6036
5158
8555
3399
869
3678
4266
5377
6453
2888
5401
8506
3539
831
5629
5600
8346
7743
1354
9148
3229
1160
8732
1738
7201
4859
1265
3364
8129
2273
1185
9050
4786
2411
3787
2286
9157
6964
8893
7676
962
9283
3023
9575
2870
7165
5629
5583
3388
3543
287
4254
8977
6057
6199
3537
3239
7005
8263
1732
360
7815
2172
4582
5765
7599
8026
5756
3754
153
8662
2161
2223
6374
906
7691
3118
1203
7928
2633
8539
4319
9871
8024
437
4683
6819
5429
8200
3657
7372
2861
8492
2407
6685
5440
526
6053
1134
2259
3001
9889
6601
7205
8913
9092
3774
7706
460
1142
9187
4387
8093
8076
492
6878
7165
4850
546
2361
7480
5811
867
6258
5618
6469
5223
2314
948
3858
4442
4873
6695
4256
4842
7707
3740
6466
8815
1383
7861
4280
1986
3872
4499
4290
6571
1540
3421
1138
3451
7954
5690
8638
4898
6536
5724
5940
7534
1435
953
8809
2834
2240
3623
1914
4158
9911
1571
1076
7952
7815
4910
62
2135
2836
6308
3460
3088
8749
7306
3247
9631
4450
6995
5439
3772
5155
8176
2330
2583
9940
7122
1311
8409
8269
4045
659
3657
8301
3723
7549
4135
5598
8809
5165
4120
5443
9666
4806
2591
8174
3734
4813
7733
3775
5351
4377
2004
1063
5200
3962
2278
2283
5539
1623
7300
771
5037
6415
2334
8977
5895
3809
71
1855
9292
7303
7561
5666
8738
1229
9228
2699
1447
3568
4814
572
8106
513
1488
6392
690
2264
653
5954
3999
7046
3480
9799
9963
963
1601
8760
2141
9477
163
7488
346
7698
2877
2212
9560
6061
7723
6616
3856
7372
6704
5534
1391
1562
3714
1177
121
328
6002
4720
3979
9103
1255
8446
9052
8081
3446
4421
2478
1613
4896
5747
7495
8353
3384
7277
1175
2489
1135
4489
4869
9701
8414
584
5354
841
8064
3135
8138
5439
217
8342
2554
6199
7334
7929
3970
2078
6738
5885
3969
1260
4771
557
7431
823
9295
1890
1028
2069
5582
6161
6794
5727
9149
9886
6465
1106
5964
1742
9143
4815
4725
7114
5969
6145
2649
9743
9987
9454
6457
8483
1528
2743
7502
7346
495
8042
1797
486
2098
3207
9018
9605
5796
3135
9264
4596
2486
168
5707
1273
2725
6397
9994
7471
9380
7810
9156
3843
9298
3638
8366
2955
5160
5649
3142
8085
913
8444
2687
8429
7126
4128
1577
4505
4965
5415
7356
8719
3581
7407
5969
6134
8569
8941
1629
3225
135
9118
7211
1192
1123
5688
9317
5449
2340
383
4095
4380
7187
5043
7728
2540
9172
3127
3613
976
3187
1788
932
5186
6092
9356
7026
1495
7014
5523
977
717
6413
8632
8050
2355
2970
6313
6643
5953
7634
1940
9533
169
9288
1266
3676
2549
5487
589
8955
5376
7025
1235
6396
7633
9733
7939
9986
1889
9104
2707
8683
4990
8330
8900
2252
6792
8540
7374
5883
7928
9347
6309
1059
4241
1540
9981
8216
2046
5964
4649
5864
1243
6514
5166
1801
1328
172
6023
884
2152
5115
290
1806
2592
2644
8919
5071
90
6923
2937
2193
705
6126
1445
3591
7079
6779
7527
9911
2235
6783
6732
1302
5446
2221
2323
6894
868
8679
1036
9150
2799
683
482
9294
2695
1805
5653
3278
3535
4797
3471
5498
385
6117
9113
2204
9153
2546
4454
4590
6814
8508
861
3049
2293
4435
4068
7008
1488
8904
3191
6466
4108
9525
2952
3984
1192
4730
7249
4284
4569
5317
4997
3913
922
5949
8468
2181
2721
5035
1261
5520
2509
5862
3662
4999
6491
5401
150
2354
6200
8163
6364
3526
2737
2939
4969
8103
4998
1918
32
1374
413
951
3261
9027
5346
9577
635
7863
5084
2252
7328
9073
8011
7361
835
2179
3006
9092
7566
8456
9377
8429
3454
7308
1779
3203
3623
2728
9205
5934
8949
6616
1503
4775
989
1339
9052
3422
8546
5639
3462
7624
259
5942
5869
2035
4465
5313
3184
5895
1775
1991
7918
2762
1826
714
1334
4560
5864
6278
922
830
1668
2590
3874
7593
1095
262
1469
2192
6012
1143
5090
243
2874
8786
8069
7886
3948
2404
8726
4854
8188
9522
1571
6046
6747
5426
7101
9990
3438
4949
424
4097
6387
3685
3819
3522
5681
6982
4264
51
3005
8716
1526
849
2505
26
9289
7447
6823
7970
9907
2581
6011
7182
1780
2924
9502
9017
9629
985
1055
5962
3587
6748
323
2558
2430
3156
9230
6482
2513
714
986
2490
6404
6326
1588
7825
4781
6833
646
3885
9069
8904
6126
5950
9686
9225
8094
5283
5098
4046
3101
2744
1631
5923
7467
5232
3487
8853
2993
6876
5116
7481
9975
9605
2945
4535
559
4923
2963
6481
3694
9770
2950
9059
1211
4230
8060
457
9792
3284
5816
3831
750
100
7553
3737
5245
7694
1106
9480
1696
4392
4526
5718
7431
9649
3841
9414
158
4845
1969
795
5891
6622
9219
9099
3541
8731
5226
6623
1799
8799
1435
7498
9636
1441
2700
9603
2205
9372
2490
9041
9790
7434
314
9859
7118
7170
3719
4665
4277
6362
9002
2306
5864
1995
1032
546
9615
3584
5493
5872
6472
9898
822
2170
501
468
2612
8789
3680
9885
572
3829
5310
743
4756
8404
5185
4875
2232
3923
456
6151
2706
4619
4450
9254
4024
30
7887
7770
2640
7167
1015
328
2638
8059
1347
1263
9486
9042
6697
4551
2700
5334
7878
8770
4960
6959
3524
2738
5000
584
2555
7127
2942
4458
2692
3779
3913
9106
7896
780
3439
2865
5367
796
5879
4721
6212
9321
9308
5215
173
3980
2606
4394
7129
1856
659
1142
6698
7657
2603
4124
4034
4975
8977
4386
2514
3365
3005
9058
2510
5642
7878
3706
1868
4300
6293
1200
5451
3555
213
4656
8816
673
2326
2035
3275
9732
6784
5661
8856
5510
133
3108
5986
8338
4271
8152
130
5458
969
4131
6037
7481
4954
4782
8523
7578
8171
4717
3580
7491
3610
8840
549
650
8215
1431
9168
8771
5228
2442
3393
6459
8313
6834
4829
1924
5901
8591
4822
4109
1681
6903
3681
6732
2334
3920
6744
2971
5791
538
8506
3325
3841
6716
3056
187
4086
329
4492
8448
7865
3967
8826
7117
6252
4364
3128
6921
3406
4509
5058
3769
808
9396
8758
6952
3478
5509
6470
3699
7395
2157
6683
5972
5196
4160
6678
7592
2215
4589
4035
4127
6877
1088
7543
560
226
3125
9000
8791
8630
1060
8091
9980
9347
1853
8423
4576
4983
4032
8345
5894
1532
1833
2226
4588
5570
4327
5355
4677
5118
1128
5513
6485
2683
643
6170
9672
3151
1377
3231
9663
393
9928
5124
1608
1670
9014
9866
5977
4083
4934
1510
9464
1469
9554
6547
9482
3012
4118
4050
9622
4126
7628
3234
2661
2008
234
9642
9977
8326
1892
1346
3527
1100
8542
2674
5266
7637
3123
6082
1061
6384
603
2097
4893
1964
3308
7490
4737
2440
592
1520
9535
6156
1535
1314
8516
3430
8361
5241
391
4813
3266
678
6146
1826
5434
2200
462
980
9016
100
4987
8338
850
6397
9689
8571
7772
7907
3526
5377
795
3896
3459
6332
9460
973
1797
4955
645
6571
3590
598
5152
3325
5877
2047
2752
7819
2464
9174
5945
2562
1949
5355
1473
2975
2656
255
9716
1162
1707
7955
5176
4815
6024
4210
7759
9959
2764
8123
7874
4805
7817
8342
7472
1293
3683
551
8691
399
9292
8512
5131
465
8031
4673
7993
266
517
9131
6426
3243
8839
1011
2542
7048
5184
4098
3396
9828
3022
8728
4740
7147
7366
9984
1672
6696
6881
5583
6952
6087
5734
7142
9457
6421
3301
7496
3969
3251
6830
3509
7185
42
5580
8564
6831
9864
8721
735
9751
9000
4382
6792
6622
6224
7327
3674
6075
5908
5730
2522
3410
408
4194
1420
2542
146
6612
482
7179
9134
1613
1583
8717
9483
7566
7322
960
7890
8605
8254
8125
4487
4305
8542
2597
3048
2425
6982
4093
4307
8218
4444
8055
8549
1492
7526
905
3996
2479
981
379
333
5847
4910
4514
3154
7569
1050
9541
7467
2105
4371
8648
9397
3130
3183
141
6313
121
6089
3843
2139
4990
8330
9544
6626
5455
7335
9139
8023
5131
5252
8999
9191
2096
1590
949
2099
5882
8662
2561
7335
1833
7042
3374
8295
6941
8029
5113
2548
4145
8423
5199
8270
705
3335
5036
8324
5449
8612
9009
7320
3691
5971
7985
9982
6605
7467
5384
226
8989
9892
3224
328
5233
9998
6882
1039
4927
9246
7086
9103
5958
8691
5431
1538
3656
2823
6277
3327
932
5809
3448
6049
7364
7191
9245
7238
912
5968
7425
7283
4700
1032
6752
8597
181
1565
8
4354
5203
9190
9951
5966
3932
3
2397
2570
54
6703
8264
3958
1382
7890
1754
5655
2569
2227
2705
3140
5885
683
2291
9450
8286
2836
8059
640
153
593
148
6597
5950
5831
7873
532
8567
3097
9847
1434
7391
6577
9576
5374
6689
3242
2413
4351
5614
7243
7135
8508
6346
8334
2610
8684
6820
4862
3790
4701
7264
270
1979
8362
5955
9479
3816
7574
970
1482
5816
9413
6248
3907
1626
2074
8234
8782
8868
7003
8136
1283
6363
5569
3386
5309
7874
7787
68
3721
7948
5746
3936
7162
5695
1702
471
9001
5176
6616
1019
7385
4884
257
1988
5577
5122
8095
8549
5202
1155
6432
9018
2128
3499
2567
2817
9310
4199
6940
4994
4250
938
8784
7019
4471
134
2478
2829
1697
228
2876
1357
3740
9072
961
3015
5173
4500
5281
3414
3834
5086
7811
8265
7653
7697
2851
1314
4419
1621
3252
5856
3523
6668
8493
2439
2427
707
6852
5017
788
736
5369
8499
4965
9758
5673
7286
2621
7683
1587
3617
3178
7162
7990
9928
2886
8129
3913
9507
8593
2641
6357
4421
8858
9541
717
278
8295
4106
9038
368
2085
9970
9633
9779
2153
132
8317
6197
1284
9347
4761
3481
3397
6217
3599
2523
5528
6849
2796
7478
1868
7486
7044
3858
6771
1275
4723
5101
3522
6879
4942
9797
9096
1340
5864
4559
2460
8661
7265
7543
3423
3162
2408
9188
8720
1745
2048
3095
2446
4259
5105
3440
6984
7792
854
7229
7680
3007
1940
3072
4143
5238
6250
7324
7442
691
9667
476
2769
4853
4264
2336
2304
1050
6483
3861
1455
2469
6847
4991
988
2667
379
2117
6136
7003
365
730
1703
3720
4499
1475
1969
1572
7700
9274
278
6506
9270
2062
8638
1576
8248
5285
3485
8855
3359
7855
2022
6185
5007
9416
8695
8670
5535
7241
5682
9315
7871
1387
59
4760
7557
570
1757
7595
8322
6274
456
1878
772
2633
6565
7778
4084
761
5450
6199
80
408
8840
1745
3091
3397
1345
9152
2912
6464
5080
6028
254
4119
5809
675
8717
3257
2791
1505
1399
4473
7212
6283
7969
1265
5067
2360
3632
3504
6841
7324
7001
4594
6938
6770
6433
5994
2112
4357
3683
7678
7438
3403
9792
527
5739
1695
9344
8964
9155
825
1094
3202
6887
3580
7634
3034
3795
7500
6337
3871
4688
2490
2287
1890
6416
1150
6044
3756
1879
5392
9515
455
5242
4147
1751
6121
3215
9678
8513
1695
2660
199
5109
1730
7355
1710
1947
4344
7683
7732
1049
9577
9346
2119
2661
3692
9630
875
5047
3470
6075
6102
6765
1599
382
407
9673
2921
5953
1252
6021
4877
9871
1232
343
3532
5423
2261
1919
5166
7373
227
9277
227
9491
6197
4127
1492
4584
3052
5512
5925
3487
4778
813
4057
5728
3229
3801
3186
8403
6183
9104
2388
840
9030
3648
4116
8996
9844
7971
8130
2918
1773
8849
3744
2888
9832
9075
366
6225
309
5746
8852
9015
4018
4814
2651
4642
9737
842
6776
8939
7513
7141
5430
8419
4575
3828
4479
9392
1344
2314
7350
5394
3318
8873
4772
5444
9734
9698
5710
9230
170
1641
4527
7463
8527
8468
5863
5688
6909
6882
7744
9068
7886
1960
5464
1859
7309
6838
6480
2070
8749
3209
8576
4741
8499
3353
8500
507
353
6867
5048
5171
31
6593
4667
1140
4600
9444
5395
7992
254
804
6445
4618
9275
3422
5822
2062
3558
7772
3723
8442
9838
4547
5426
5394
6086
8806
1044
2930
8253
6119
7679
2116
4409
7358
923
5921
7663
4818
3537
9076
7313
2500
8995
6250
1844
5067
3020
7334
3405
7801
5173
9761
5288
8125
3425
9902
8181
7826
6198
540
4384
4773
6697
5780
6970
8483
6324
178
6089
6113
3846
9713
2409
5365
3191
9231
3389
7874
2166
2688
2454
8849
882
4782
5519
554
6353
8701
8803
1250
512
8621
795
5087
9656
5001
7416
4438
5961
6636
9305
1525
2342
7603
7178
9933
6364
6189
3321
9495
8416
5999
9350
8632
3029
3973
5590
6383
4982
9507
9044
8843
2966
8153
933
2185
3505
7813
566
4906
4031
3570
404
9172
3765
9006
456
2607
3223
889
3709
4304
1710
6761
4527
4370
9890
1274
7266
1263
6372
1107
2620
8703
4731
5173
6000
8168
5465
6444
8408
4131
6473
9752
3998
3743
5655
4613
3943
255
8459
3221
3789
1614
132
1824
6487
515
1725
1458
9127
9567
15
547
7167
6147
8131
7668
2193
2607
8978
1028
3410
7077
6443
3330
7627
8780
6672
7021
6412
6945
9341
6984
7196
7559
325
4425
3073
1503
2171
8560
72
9347
5483
4453
9458
3884
1091
8058
7788
6659
4801
3167
3033
8693
8906
8101
9358
4239
8963
7978
2745
2201
6592
755
7951
6895
999
5864
2849
7578
9664
8280
5594
798
5163
2126
8248
4492
9022
8619
7316
8024
6218
115
911
933
5353
1828
6107
9547
6662
3456
5044
5867
5384
620
3753
6569
5372
1280
7019
2936
5439
4031
961
1124
8373
1825
7396
553
8553
1676
190
6817
4801
8674
7482
9242
8588
2083
8280
2085
3019
386
8688
1659
6378
5045
7216
5706
7530
791
2387
1533
3324
7896
816
4794
2443
580
2028
8021
9510
7200
6413
3234
5834
1600
7277
440
5752
3062
5127
1969
9896
9462
7761
285
7817
9845
2389
9110
8659
6607
3790
622
6923
4423
2172
196
9779
7321
1443
4422
6172
8011
8502
1536
6984
6435
2828
6419
1536
6402
1709
5905
4255
414
5307
181
6730
1645
5839
831
972
9981
7822
1005
9665
9200
1800
8853
9999
7525
7646
7583
3933
3202
8861
7583
5697
8717
7131
1007
3161
9322
9533
6540
5941
655
5778
9575
239
6851
7344
7612
3017
3316
5785
9615
4818
4856
793
1170
2644
8604
751
3907
1597
920
406
7410
6183
9395
8255
65
8246
4883
7724
7092
7054
3692
4075
887
1519
58
7981
1439
4814
6570
5346
4344
7553
5490
3523
3790
6726
3153
8124
4232
1920
5985
5476
5582
7024
1081
8730
7323
9164
9695
8814
669
5438
907
1369
4569
5852
6198
2425
4812
607
7057
5069
1885
3330
418
5530
7006
4489
5657
9448
7457
8587
258
9884
8230
4718
9571
5330
8050
1918
6324
1542
7580
5049
9454
6575
9746
8506
9308
6617
6888
2256
5310
6590
3488
3738
1629
9457
5797
2145
2457
6598
1889
5090
5133
4177
6815
2310
5028
8217
6699
8800
5029
8969
7317
6915
3530
963
772
5549
8671
3553
7735
8612
8933
8970
2790
6892
4326
7213
792
9154
6114
140
5182
8279
8808
7464
220
5852
8433
4949
488
3943
1143
1963
2187
6976
7171
6648
5060
2826
7123
8773
4412
9057
6154
9619
484
7052
7537
3825
154
8255
1291
5342
6443
993
3655
6565
6626
3236
8638
4794
7918
9686
4492
9759
3730
2627
540
7283
5062
8693
9436
8568
6107
3961
5488
5647
364
7039
5922
2930
448
4046
9479
2926
7068
9473
8364
7723
68
5330
7391
1546
1330
7730
810
8602
7263
1682
1275
8982
575
1393
7327
8014
7450
2018
636
6369
3044
8920
830
308
1261
5825
6185
2050
1044
7037
1277
943
2311
426
1320
3962
4518
3934
597
8399
966
847
2018
6151
5201
2898
3727
9709
6282
7198
6898
2461
9150
3852
6072
5530
9622
7358
6038
8956
1961
3481
5645
5941
9279
9232
5532
2799
6160
4126
5503
2868
2154
5808
7734
9433
6786
8204
8144
9751
4209
9058
1878
55
2080
8430
5780
5178
4527
6183
5874
8802
6094
2616
545
1665
223
2232
1472
9116
9106
2743
8526
9579
5392
2583
7194
2207
5652
1220
471
8897
3363
3490
7835
7827
4828
8307
3334
7813
7739
1729
3856
3975
8423
830
7499
6486
7675
1109
9096
8373
5618
8828
9829
4312
6027
5081
3428
1792
5868
6926
2231
1902
8771
5874
4551
9846
8136
1966
3187
1474
4574
6624
6582
175
2840
2143
5457
7496
1080
3613
6952
2958
8467
4738
9209
5440
32
2042
4694
3901
5263
4717
6148
9331
1414
6566
4780
9650
823
4595
238
211
1901
7752
9510
8175
5541
2400
5943
3997
4042
2482
1987
1451
552
5164
8652
2487
210
8414
5365
9931
4815
725
9634
1076
6879
8786
3055
3741
2508
7399
7516
4909
1660
7677
5381
8617
8706
5365
8447
1031
2420
393
2798
6320
8759
4142
7892
9313
6006
6121
2741
2911
2210
2267
3894
4356
2003
7898
2355
2650
2045
9837
6815
9507
1470
6755
9606
4387
3843
2545
9647
7242
6042
1798
4365
2002
7139
6029
9237
6065
5087
4671
2825
5451
1243
322
1411
5064
7110
4033
7902
7773
8333
7305
3181
4330
8999
9390
9055
2495
6364
8568
7322
9820
1266
1725
9876
2355
7039
9996
3505
6572
1234
5747
1223
4485
5261
3198
3645
9124
6235
1517
4226
9435
5087
9040
4105
1990
6253
4370
2402
5171
6993
2991
9988
5775
6333
8642
391
4729
2097
256
4302
4629
5075
347
4753
2592
1998
8356
6169
4491
9302
8928
8420
7062
697
2278
9864
4042
8305
7714
3876
6946
8183
3065
1234
8423
8401
3465
2537
3527
3692
4396
7167
5602
1813
7194
9132
576
7840
1639
2249
7634
3228
3264
8551
7892
8382
285
4925
2107
5738
5012
3033
945
9936
4010
2471
5610
3362
8038
1343
2273
5988
7316
3289
1508
1932
9107
2780
410
8089
6556
8340
9837
5792
3791
6369
4135
4146
5019
1436
8797
9753
1674
5349
8338
3473
8231
3095
2314
4627
2461
4621
1276
5773
5293
7150
2370
2541
5243
3044
2000
8412
7318
7195
7039
8567
4594
7060
4085
3273
6100
2841
275
869
1865
8715
4427
7006
3923
7303
9467
5657
1074
727
1338
6602
9162
8996
94
8860
342
5033
5864
6877
8282
4660
4909
725
4925
7765
865
3671
2779
2281
4290
1231
8869
752
1406
4764
8163
1018
5394
7799
8104
704
6593
4913
8448
3679
4973
3772
5385
2735
4213
4480
1738
5841
2042
8253
5540
2328
527
5056
1284
9359
5118
4158
5074
2152
9649
957
202
4532
5219
8098
1973
3678
548
7733
1218
2561
2962
97
7830
6394
1467
9768
6573
3321
5692
404
2027
5617
9556
391
6916
4399
1274
9188
3524
6119
6487
5926
189
2553
1138
2670
4795
6627
5159
7898
6517
6528
6386
3761
3394
2302
4126
5739
3508
6381
7381
733
342
2323
898
4114
4350
125
7563
7877
719
4912
7284
9244
3503
910
658
8030
2303
2948
8270
3444
8876
7327
1905
5085
2816
1422
2898
8940
2166
515
5641
7133
281
8980
5759
2613
2567
2718
4228
6054
167
6009
8477
7569
6052
7014
2872
5286
1669
4452
7037
983
9179
2722
1779
988
4758
7727
3115
3551
932
8894
3101
3623
343
4918
1086
1490
7170
2997
8683
1402
832
3604
3716
9467
4241
7797
3768
8763
8929
265
3240
2311
1127
1054
8875
8943
855
4549
1182
5912
3364
6818
1765
3152
4998
6573
6595
1438
35
502
5410
214
1742
8789
1295
6044
2249
1535
3093
6417
4183
5637
3636
8649
2291
3126
9437
9149
2438
6996
7422
4027
7273
5428
8869
2971
6040
7903
2898
7245
9999
662
6429
8526
2436
5074
6305
2890
2096
6201
260
8459
5579
6717
564
3519
8883
7150
3247
1159
4009
7664
366
1980
2232
9207
9984
9133
4595
494
7279
3
6281
5544
7233
7013
9575
9054
9614
4311
9387
9814
984
3181
4721
6052
4635
1502
5244
8315
8019
484
2
6780
4869
7567
2468
2879
3771
2745
4505
8975
2463
1508
246
3232
706
2976
8444
9820
4282
3465
766
2858
3782
9100
8029
528
1455
8330
5969
6815
1886
8838
7623
9293
3284
3080
9938
2913
4793
8052
6239
5174
324
1860
1785
914
8148
2434
4261
3777
5145
3714
7995
1754
4498
6188
2354
6387
6772
4151
5591
4288
4835
8001
7434
5319
5200
6475
213
303
687
2273
3257
6631
3060
5608
262
6339
1114
3903
3927
1712
4079
2360
4697
745
1632
5312
2902
7506
7420
2602
9137
9394
7287
7210
7184
4014
3758
6636
7473
3375
97
917
5115
3862
3890
2034
210
406
4009
397
3798
9391
9249
7486
2409
3083
6051
2045
6219
2641
6236
5877
4580
6519
334
6980
2573
1749
512
9024
4203
917
2387
2964
5865
2918
8866
3991
2401
3663
5604
5933
3430
7824
2866
1511
3905
8741
2319
2454
5622
4164
873
77
1827
9045
9467
6468
6789
9937
8780
3657
4582
4515
4344
705
8247
6700
8216
8988
2501
9219
2256
2854
9003
584
7398
8937
2052
8713
9130
5024
6156
1998
2934
2087
9010
7487
915
2670
508
9990
5525
5244
695
3935
2309
5808
1288
7916
4201
8947
5924
1444
3697
3769
1769
2683
3937
4439
647
2205
7574
8206
1983
1876
1143
1189
5190
9626
522
4101
9717
5224
5247
1053
8785
6156
8589
7206
6530
3497
3095
8449
6610
5689
3227
4317
3475
5549
7255
7732
2557
9589
9464
5045
7908
4202
112
6812
482
8905
6179
2669
3190
4363
6190
3761
6568
2047
1541
1687
6711
7961
40
3531
1186
6483
8721
420
9519
9921
4780
6214
4299
7171
8083
4248
8735
8180
3269
3713
6251
7776
9155
5436
5073
2930
311
6506
6945
2234
8049
6310
9437
9166
7071
9907
8824
7576
8856
7426
1776
4845
8613
3424
9812
573
9804
7516
4644
5606
443
3286
836
7427
5326
3747
1596
8946
7324
4813
9119
1427
1428
4344
6006
189
6848
9871
7417
4235
1091
9980
5641
7411
6996
3398
5260
8150
1911
9669
7926
867
4068
7857
5345
9623
5303
8616
1945
9343
2643
9775
2471
4638
99
4912
6167
6425
8495
5905
5320
2784
407
245
6623
3879
5999
2732
6552
1011
2919
438
4923
9664
4774
7316
9575
1406
4467
6047
7982
5965
6559
6210
6892
3741
9666
2514
8036
2456
2912
6623
1433
3227
6024
7682
4790
4383
9833
1238
4364
5094
1121
8115
9318
289
868
629
4345
2863
6485
4267
3405
9711
1908
8572
9650
3238
5892
2964
1233
4012
2904
6715
5313
3825
8057
8119
7955
6301
3142
3960
6346
7957
4553
529
6042
2810
6386
3335
3020
6667
3907
785
6347
8730
8390
879
4942
2572
6494
1079
2354
8890
9945
43
5491
389
2159
3559
4472
9335
1931
8134
6840
3028
2018
6676
6540
7038
2100
4509
387
7176
2366
9588
9660
2050
4554
7105
9027
2372
2884
8322
3787
262
9545
6866
3492
4955
6798
4678
186
2894
1050
5156
2954
453
946
4047
9233
4882
6975
5949
7074
9545
2685
6281
3684
5499
7250
996
4662
8064
9913
5015
272
7988
5003
8675
3223
7288
3930
7961
524
9785
9385
2902
1667
7182
6298
6614
1339
1483
6101
9994
2270
2722
3874
5252
9414
8345
8756
6478
9914
2822
3682
7914
3268
439
1523
3524
4177
1167
7846
9988
5796
8555
4299
1296
2487
8226
912
4734
9423
6010
7324
519
2794
1784
2274
4775
3208
7887
4195
8305
3699
7066
3699
8720
4141
804
1558
7192
1077
7284
7414
5290
4341
3895
2020
9174
8298
3509
408
7723
6017
1510
2583
682
6955
8605
4177
8617
2957
5586
1091
6003
9350
7294
1343
9820
5021
3903
2262
259
8151
3500
3664
4320
3474
306
3640
6972
8242
4956
4246
7280
6725
3329
7818
3830
5572
6344
9298
8396
1080
2902
4632
887
6663
5944
4443
1795
4842
3708
537
1960
5260
889
7238
2153
4641
1104
7867
8135
544
8346
7581
1826
5983
240
8665
5759
5081
8730
3146
7860
9935
1503
598
4480
9272
7867
6395
8153
4118
1503
7473
2653
7831
6209
6604
9066
4468
9748
4113
1753
3738
1635
210
2628
2610
6039
9992
6489
3343
5881
7404
6982
9572
8592
4946
1780
2271
667
450
9249
9238
155
4980
6709
413
152
5192
5622
6512
5572
7615
9335
7827
3580
6313
5307
4836
8298
4060
5143
3753
9384
8397
8902
9676
2959
7279
9686
816
7885
309
8719
8334
7269
1685
3076
8625
6608
2108
3154
4314
4658
4072
1045
5728
3416
9525
8666
519
2189
9815
7183
4892
6731
4513
3991
203
6142
1104
4746
478
3332
6952
40
4898
7969
3848
862
7431
2191
4364
6049
9604
4995
2671
6072
9124
5307
6923
5254
8737
2403
7983
9204
7531
4086
2523
2174
7141
1618
3387
5124
1549
8404
4350
8432
5558
9395
6498
8935
8628
8648
6461
4024
5603
6907
8634
4226
3651
3849
4687
7363
1972
961
3767
5146
7179
158
6513
4254
6030
2750
2643
8359
6850
3122
5068
2762
9374
238
2149
4195
7611
7296
6883
1611
1691
8573
1437
6264
3218
3527
4564
2995
7910
7707
5219
4789
3983
7590
5828
8667
6954
4168
3757
8633
1600
1089
7573
1035
350
5639
9879
9270
9104
7290
9122
4925
591
6830
6074
9087
6229
5448
1071
7277
6297
1284
6647
1641
8171
867
7275
9131
7421
9202
3915
4541
7867
3717
607
3174
8633
770
1035
6180
5944
4154
8925
2002
453
8595
1078
2361
3646
8160
8547
7475
7298
3618
8504
5002
9204
791
5512
415
8346
3457
9859
5431
4472
9186
1148
96
2357
1539
8949
3073
7767
9316
4057
4063
5792
5677
3094
2732
5444
7507
838
8873
4917
1351
4072
605
8701
72
2288
3262
759
7273
4487
827
8075
4317
1200
4540
2628
3166
4345
7873
4384
2604
1226
344
3459
6579
93
6746
8888
5974
6233
4260
5430
664
61
708
4250
6425
8342
8233
5607
3245
1949
3133
9590
3064
8176
2911
2811
3990
4747
9464
8375
6823
9299
5616
3700
9911
3855
3257
7792
4844
1395
2504
2904
4585
7514
2900
3472
1247
1439
3303
9693
1826
4920
2481
4496
6986
6928
8748
1903
4448
7824
3083
481
2456
4969
459
1765
8447
5552
763
6431
1129
1478
7096
8657
6381
4867
2001
3426
397
7071
4970
7550
3869
9420
2971
346
5844
8900
3560
2066
1280
6842
1484
433
3508
2943
574
7323
4669
8964
3414
6314
1090
5591
4601
8740
2745
4028
7839
6629
3255
7177
278
1070
9231
2638
239
5482
3148
223
4823
5929
3258
1951
2080
1659
4414
475
3309
7130
725
8432
4653
1140
282
2105
6846
900
2113
7657
4371
1596
7537
4114
608
7089
3407
9360
290
5763
6165
3286
6747
616
5793
1682
7147
5076
2682
9934
7819
1030
1645
9974
6819
1906
2901
2002
7484
3095
6425
8655
5615
1756
6976
2766
3659
8956
7503
2232
6134
2490
51
3724
5515
7891
8010
7575
2
5679
1660
8559
7037
8387
6599
796
4750
199
9544
4771
1350
655
1669
5313
8344
7944
5575
608
7212
1584
1525
2377
9344
3074
1051
7110
2681
7517
8569
7266
9655
2945
4440
8000
1382
1493
3432
4661
9793
823
1429
4243
1025
4065
920
8674
4291
6564
2970
8621
9191
500
4787
8567
6580
5344
5440
8360
7641
7548
5970
568
6975
1197
7075
1046
7931
9536
6644
6597
8895
5191
3170
9668
656
3505
5352
3800
1938
4165
6365
6505
4095
4235
6925
2038
9271
1207
5094
9077
7328
8771
6537
5083
5679
7431
7392
1796
3215
8472
7823
7936
6686
9578
3763
5787
4280
1427
7607
9591
7706
2958
3573
2391
5736
6377
5913
4442
8267
8411
8545
3970
6850
1493
4177
8337
8345
4644
3124
6655
2295
4288
7644
5275
8161
2389
3290
8155
1404
9067
1385
3329
1312
8292
5333
4156
936
3553
8553
1576
2597
8833
1494
6963
882
2024
7951
8493
1043
8839
2113
8779
5110
3934
3969
1656
8012
8859
6221
8393
4385
45
1636
7563
2406
8010
2385
2524
6688
5769
6226
8226
6714
6876
8344
972
5189
542
6695
2659
8383
1669
4413
9692
8289
6932
7856
6141
7731
2192
2175
5641
8474
8029
1770
3466
5858
6468
8174
9290
182
1043
280
4334
2908
6033
5771
1024
2542
4076
6989
7303
3539
5809
8347
9765
5052
9255
3917
1005
3130
9305
9509
7806
4604
5006
8784
49
1958
5847
4543
3819
5934
6740
8207
4159
2096
4739
9204
3747
5938
8166
6421
5309
8689
432
3056
1403
4218
1404
350
156
453
1241
4737
5501
7547
5510
3642
2819
1624
4006
7528
4658
7531
4384
3931
2169
7067
2278
8630
203
9044
6464
3714
7978
4079
5893
1231
2033
959
5221
6949
5182
2904
901
1945
9418
458
503
7676
3575
5707
1398
4381
2005
4738
9403
767
3696
3279
5615
6373
490
5705
654
8745
2720
6559
276
348
4140
7600
6679
3751
7079
1303
1792
6273
264
3037
3575
5193
6926
5522
1818
8803
950
614
3289
5792
3257
1058
9106
1493
9124
7620
2084
1310
2869
4983
5154
5723
1712
5217
7398
4824
9259
9622
2334
9147
1324
9593
7736
8455
6205
323
6806
3885
6393
4940
2702
6754
4934
54
4321
1563
4767
3786
2774
3300
5196
5082
3202
7601
3600
1637
374
3756
4479
1001
9300
4893
1818
5314
8175
5208
8809
5041
7407
1375
3203
1304
9918
4168
1373
4033
5330
250
717
4462
3543
6113
8473
8364
2328
4657
9649
3889
1610
5111
342
5124
4102
3674
8165
7035
3728
6832
2676
1327
9704
3118
1816
4957
2109
6776
2945
4406
1385
5798
6242
8789
3405
4039
7985
624
8009
5055
6567
4344
4200
9340
1300
8651
4566
9334
7122
8569
6191
9861
1396
2515
5830
6237
3548
9871
6558
1364
4582
7736
6953
3556
436
4099
5130
315
4726
6236
1193
1343
85
6718
6546
2848
3005
6194
5098
1942
9525
2287
4704
3641
5852
5520
5100
8608
7698
7507
4583
9473
2912
925
5510
4934
8661
763
9380
1857
8670
5699
2650
8182
5104
4009
1150
5159
3157
1645
5846
2269
8481
2562
9735
434
848
9370
6158
5371
1199
60
5162
6706
1875
9672
2437
8403
7065
2385
2173
6524
7787
8025
9251
4039
3884
2634
9294
9348
9168
7216
7549
2991
4779
53
7672
8001
1925
7972
9121
6547
8982
3791
8093
9869
2292
7196
8969
5276
5094
9642
9290
2850
2771
3682
8437
4775
3292
5688
72
9581
5971
5664
8227
2641
3783
557
3126
9229
3501
8564
1561
8523
7964
5888
498
2116
3557
2591
3494
5655
3357
7706
239
1349
8457
5201
2870
4840
789
7109
2478
3796
9825
1039
5421
9926
3320
109
3735
2345
9102
8989
4488
6647
1621
7634
1102
6876
236
4148
3777
919
3157
7316
6448
7354
2017
8092
9625
9424
9595
7541
3733
6206
9438
9106
8510
4450
6707
1946
8077
2760
75
7011
6644
3452
3717
9482
5973
4249
2540
6655
4893
144
3120
2140
2673
2724
9488
3318
5907
6914
7185
1245
6081
3055
7678
9806
6586
505
2988
7959
2446
9167
8279
218
7025
5276
1679
3243
6619
9007
761
148
9727
2950
3027
6136
3574
1785
8
3603
1207
6083
956
4560
8870
2778
4245
325
6406
1856
7030
7417
8028
1250
2681
3494
5714
877
5479
7945
9556
6481
1015
5335
4362
3566
9218
8137
8915
4379
1231
3063
7610
5221
7472
963
5592
8612
7047
9404
4949
7706
3062
6532
588
2468
4498
2491
2955
3027
1699
3882
9044
5460
8459
9531
6979
9563
1776
9157
3931
9503
8664
4438
5855
3422
4160
4970
3370
8177
1961
4824
300
7899
9951
4347
562
7291
2615
9261
1937
3856
9317
6543
8718
9100
4519
2102
7869
865
594
4208
9268
2281
9015
5877
362
8274
4593
8856
4706
101
5629
1307
6190
9303
9926
9602
7410
8089
253
3760
8999
7786
9874
6047
4504
2717
3489
6635
4972
7077
1323
9533
5136
7180
176
8150
3536
1107
9046
7537
2610
2212
425
667
7568
1427
5391
1086
2624
8115
5543
3177
4721
7253
6653
8331
884
3242
6780
8158
5813
5898
2097
3425
5988
6334
3319
478
2932
7031
4053
602
4352
3121
7040
6954
1717
6738
5534
1667
640
7917
3368
6058
7028
8723
9995
9962
5880
2041
1004
739
4139
932
1893
5280
4821
3025
817
4897
7451
4145
2639
8039
6702
8081
1814
6558
4865
8584
1030
8644
8405
4186
2054
3320
6116
1642
1632
7406
9254
1964
1957
8239
2018
8696
622
9996
2581
5946
1680
3011
6520
2134
859
1355
7217
936
9935
7770
6233
1930
5836
2246
9077
2048
5781
9719
6803
2941
8799
43
2259
600
8780
4628
6639
5832
4494
8732
6265
9436
6474
5752
7360
8280
3243
2859
8653
1290
8912
9073
2976
1563
9779
1388
6387
4241
1031
1131
7
8256
5613
1174
5075
464
4019
1927
806
5658
5818
7826
3061
845
9746
9989
5237
8269
9012
1274
9543
8715
8731
8665
9867
8783
9184
282
2194
2929
5937
5001
7044
5880
8686
9106
5786
794
8464
8652
8954
7618
7141
9490
8589
8463
8284
156
46
761
9097
8220
1553
6638
5942
805
9869
6379
3703
6902
3639
8406
7432
2131
1293
9304
5
9076
6236
4520
8102
2231
4159
7826
1700
4321
5780
9287
540
5666
3036
1342
2032
4679
6527
4216
5364
6232
8506
2897
7532
9457
4550
4883
8463
8942
2694
8852
5943
9712
6589
5903
3272
9228
3497
2528
8219
9219
7856
9113
8231
7932
4469
9314
5242
9261
6791
3421
5721
7528
71
1687
9666
8514
5508
8715
8426
2831
8660
8256
2584
1273
4065
4291
1709
480
4269
9119
2830
6187
6404
2584
2751
3164
9661
6552
5214
1874
2300
3041
8313
6776
8567
7473
9357
7931
867
5475
2029
6104
4170
3969
8939
196
8619
3943
118
2965
8575
7252
7232
189
2739
6394
3770
5736
4055
4740
5758
9195
8481
727
3257
7228
8607
2033
6019
2384
1736
4046
9356
7743
2877
7530
6613
948
9153
8225
9656
4960
1585
5617
5861
1535
4370
1489
6283
18
3047
9147
3391
123
7148
2900
7003
6328
1042
2141
9046
6422
4022
5922
8140
902
96
8096
7226
4189
2885
675
888
9686
9930
8124
8227
3666
6502
5858
2550
1840
2722
5360
692
2103
799
6220
6485
4623
6788
9304
3723
6448
6211
4225
4399
3651
4103
6949
8173
2116
7277
5986
5337
3993
6475
4681
9436
76
4993
1601
8847
9364
9803
1623
9602
6482
5664
7043
9946
1447
4442
2583
6229
3427
1138
5232
9883
1928
1079
7711
2499
7533
6875
8801
1935
3791
8874
3130
6837
8385
3544
9057
7098
2644
8998
1429
8237
2977
4225
5965
8990
7427
3383
3340
2025
4739
326
5027
707
203
9299
417
2512
9163
5284
5942
9246
8154
9099
7813
2961
6244
7743
7927
7804
5426
5784
5357
1033
472
5799
4941
4613
9175
6080
9293
7803
531
3269
5134
9835
7998
7920
6576
1287
5155
5020
1043
1642
4639
1201
6445
9173
6298
5098
3560
3127
5508
4820
3171
777
7738
2822
5032
6211
1751
9528
4270
9646
9095
1841
3157
8183
1415
417
3630
5901
1064
2359
861
3015
2467
8304
4439
4677
6614
3821
9413
2225
9229
5695
6923
7617
6027
6130
5650
5517
3303
4131
5377
983
1332
6143
9691
5100
1465
9914
6881
5973
6975
9129
8456
2682
6905
6060
8613
8932
1933
300
8341
1453
9920
7820
5258
9831
3345
4191
5503
4453
7483
4422
7644
9578
718
1828
5781
9100
919
7280
9741
4756
1804
8678
2632
2470
4100
4267
3757
5911
8499
8970
8970
3855
5091
896
4259
4397
7885
2144
4914
1441
743
740
3490
8906
3048
6146
4759
2573
2567
8534
6036
4718
1202
7841
1552
1406
74
4126
5747
2578
9019
8173
9274
11
1209
5470
9370
1095
5045
3979
7137
1748
2816
7474
2247
1148
55
2654
4628
6866
6108
7601
1596
1079
2773
5792
7077
9832
9085
1915
7641
7320
2841
5575
4295
5462
1685
4474
4803
1947
9821
1683
8462
4402
4088
4963
3696
6452
910
172
2130
8511
9034
2964
584
4306
2058
9829
7867
4632
6163
2757
1397
8270
2610
2414
4581
3954
5293
265
9555
7691
8312
7659
1662
6799
3204
2300
7056
5701
2066
4047
7347
7592
8853
6147
4764
692
8660
9814
4150
4960
8191
4449
1610
2264
1801
948
7962
9157
8596
8174
781
555
2859
3992
2820
3168
7096
7695
3995
4020
7942
7085
2700
3729
4016
1139
2925
8240
3960
8725
6665
7205
4565
5042
2172
1113
7539
5198
2968
7602
3406
2862
261
6897
8857
4159
5270
7079
4072
6915
9926
7781
2399
1017
6128
7855
8769
360
8766
4155
1674
9975
3626
316
5464
4124
8608
2982
3604
4896
68
8333
5551
8348
3632
591
8983
9698
3142
522
7321
1033
3652
3291
2128
4806
2309
4180
7643
7924
4355
4121
4717
849
91
3320
7934
9620
8729
2018
479
1902
1842
8250
6779
5436
817
761
4504
4870
5673
2428
6189
4152
3673
2635
830
6330
6301
1734
1170
4861
7457
9534
5606
9989
3472
9437
5930
1118
8155
387
3705
8892
1910
5102
6214
3763
9356
6741
8465
4383
6658
9425
3289
3137
8249
5656
716
887
3213
8792
3946
7975
3611
6397
584
8312
639
1439
8992
4124
4971
2075
4805
4974
4563
8059
2244
7588
693
7365
678
9105
5479
5789
6546
8266
6585
1928
1151
258
2313
4990
9447
1605
3845
4187
9992
5725
1018
6434
2308
1668
5596
1118
3224
5463
5039
9463
3833
1620
1121
6557
3514
6736
8810
5748
4490
6710
7548
4269
8267
4127
9861
9164
5181
331
8083
7195
3177
4922
4135
954
7162
9658
7218
9585
4485
5885
8604
3333
3337
7878
2163
8658
7745
2223
8368
4987
967
7050
5734
363
899
6643
3556
5687
7552
9038
2298
3954
8831
162
9496
4524
4534
4177
6721
2808
7472
2835
8526
9513
9560
9886
9135
8280
1072
2196
3933
7205
6731
4745
4251
6999
75
1568
1243
3825
6932
2161
3245
4676
816
2056
2673
7179
2732
8765
7118
1671
3471
828
1915
9175
5018
609
1978
4499
2923
8322
9701
7173
6812
392
3904
8629
6712
1754
3934
3840
1502
1240
1536
3124
1982
7474
1032
2763
4656
5523
603
6609
4324
1549
789
5139
2627
9602
5079
6742
181
1036
4971
3313
2060
5418
5448
5849
1102
5447
4033
4215
2368
2472
7575
7447
3613
8146
7535
9824
8966
9846
4399
2315
7763
1787
2913
3298
1063
2838
7610
2310
5666
4775
4516
540
1057
2323
6487
9142
7776
9482
2343
2922
9087
3509
9607
9905
162
6158
5019
6398
8178
6283
3339
6040
4561
6472
2323
2758
491
1872
151
3831
3767
6536
580
6155
5133
5064
2258
6193
5810
4854
8518
765
5647
2145
1923
149
2176
3672
8544
7929
5256
8837
7013
6605
9329
6761
9615
7909
609
6628
1699
1996
584
8513
4559
4240
8470
9516
3884
3517
5578
3777
1232
3220
500
8722
1408
7400
1004
4005
8338
8134
3484
4280
0
5934
6664
5106
1112
6370
8126
1047
7681
4458
7832
4071
313
8513
6719
4899
1337
4367
4329
3565
6266
2596
6115
7708
5312
2526
5337
8825
8804
2055
242
857
1248
607
1882
8071
2260
8993
9255
6940
5525
3780
8300
9678
9861
8272
7867
8930
4814
6491
2005
9312
2551
5984
2574
5698
7241
9962
1292
3048
6491
7602
8654
9867
1962
2163
746
603
7189
6694
5406
8008
3940
4255
599
1930
8008
99
0
9469
5405
4276
3170
1628
1533
6235
5290
3192
5310
4001
4329
326
1291
3738
5845
3715
8161
5663
1084
6292
5216
4614
9192
5710
8929
9535
7358
2430
294
6173
225
5303
8652
3456
7284
6694
6382
3195
4876
6435
404
4103
6595
6358
9304
8099
2713
3060
7977
8758
8805
7317
808
9587
1866
7058
1632
3720
5284
2224
691
3875
8738
7892
5631
320
8749
562
5343
8083
8422
7494
3773
4575
6927
3614
9062
1266
1263
5026
102
4557
2153
2145
8723
6835
3894
1561
2901
557
2446
7731
7218
1191
8646
9672
6920
7019
5300
3060
6820
9896
4830
2646
271
5854
4512
8464
9288
8697
620
9698
3325
6760
9547
1981
5187
7945
9554
7383
1589
9618
2832
4474
9192
1390
8099
4136
2221
7715
1691
5824
5888
4956
2358
2646
5390
2168
5210
8786
7315
5550
9778
247
8977
8586
2831
5902
8029
89
2896
6654
6739
1661
7181
5018
9561
9037
1004
5176
8385
3661
662
6410
6072
4837
228
6714
8060
5264
595
3974
8219
8339
5398
5942
1766
2216
5051
8390
8260
6407
8678
8116
9027
1776
8393
3752
2521
8103
9109
91
6745
3596
3930
2885
2673
1078
7978
5703
6191
8987
4236
7313
1780
4078
9981
7970
5409
9190
1872
3802
606
8567
3718
5389
8810
7136
505
3174
9052
8592
4434
917
2375
3061
7610
5319
2173
9218
7934
3568
4442
989
9771
1576
6513
6130
5897
1663
3813
4151
7413
9454
8189
5086
9574
684
3418
9952
2240
681
309
7020
5895
6715
5489
7276
7675
5170
5088
4096
7186
5194
2034
5161
6212
5213
8008
7668
5344
9778
8006
8608
3835
6582
9814
7230
2936
2261
6473
6661
8595
2261
9065
5535
3448
3232
1115
4692
4433
508
7600
3633
8220
4408
1722
5796
2331
1781
2443
9014
7092
2174
6856
3445
1705
3702
6941
7037
8290
5693
2923
9747
9830
9518
4412
7598
8313
3528
9959
5058
2447
1959
8383
9306
815
3886
7174
5169
994
772
9822
830
9979
8312
704
3337
6689
4065
8534
2910
2759
7799
8674
4845
4844
3480
8978
3116
1662
3272
4859
3562
8666
9080
6114
4160
9886
8641
8682
3798
6224
6397
631
1182
5079
5331
7969
6273
5383
9165
324
2869
3210
1687
2436
1304
2778
3623
4126
6620
8315
643
1114
1375
5861
5443
9469
2085
5551
1652
922
8708
199
358
9496
8460
2734
7059
7375
2145
2896
925
6412
6198
2033
3650
2148
7208
4531
974
246
5716
9972
3614
7000
4982
7924
6156
5907
9247
885
252
3643
6018
283
802
390
7227
7443
9549
5855
7516
4015
8996
690
6390
9631
5628
3495
2448
8860
7251
5964
807
9805
5484
9930
5427
1549
2215
9306
289
5556
60
6160
9890
465
5268
3429
6271
5721
244
4771
1223
7081
7687
8026
727
1000
5879
432
1541
9336
7256
1636
5098
2811
9553
83
6601
5985
9992
8260
1279
3504
8856
9374
4857
9293
8882
505
2429
1830
7325
6418
6966
626
1643
552
9279
1856
9818
3203
9211
9404
6371
7044
1279
2240
8530
631
6845
3655
8499
9590
270
2972
8821
3351
2634
3042
9358
3334
1063
1997
2683
3421
5916
2589
1026
191
1473
6010
9990
6484
181
3835
4950
1726
9435
9905
7539
1787
1475
4496
4491
1571
6224
2222
1543
673
4187
2676
6189
8575
7731
5442
1427
4650
9966
542
177
8052
9377
1484
6097
6904
1736
3818
3222
6696
5283
2434
4566
5906
4158
8339
5350
2369
5691
7721
5856
8992
749
4280
419
905
9331
3208
9608
7804
400
1786
236
1003
323
6921
9695
690
1432
2780
4983
3252
1386
5304
6401
4656
6387
2770
3446
2786
7841
4369
8454
166
231
450
6708
2088
9149
1781
9294
2967
8149
6213
3351
5111
7180
2149
8114
694
9336
7862
9901
7078
7892
3509
2008
6425
2277
5505
6528
8683
8072
5370
5565
1449
9739
4341
6932
831
4901
2748
1994
5551
7586
9986
6518
8030
6206
7284
7408
2600
3661
235
6508
1892
709
4606
5854
2018
3097
6725
8521
6896
3748
2504
6456
5004
6190
86
5127
9588
2685
7377
1999
3977
3786
9286
3100
1074
5135
5978
5581
6861
7275
1888
6504
4848
6498
1224
3271
4238
9139
2257
115
2581
7431
8623
8011
5827
6819
2216
3969
3769
6522
1576
1857
2968
4275
6628
5055
7416
1666
859
252
5352
309
9625
565
2447
2397
8517
7656
2241
3079
9562
7075
1005
2390
7843
6539
7187
7647
6992
4485
4515
1089
2245
9525
1584
4111
4545
3777
7268
3131
5691
2017
1869
3648
1753
6534
6309
7980
3931
3220
3295
9608
9028
8205
2525
4646
5256
779
687
2790
9905
4473
102
8277
4956
5759
9702
4642
3728
4232
8362
4686
6335
6017
993
6752
5636
7233
4038
3826
4604
7823
9309
1403
3474
2917
3897
2697
6227
9311
5739
9019
8736
2976
901
5065
3841
609
4637
6545
7462
1478
4237
5967
4649
9888
4439
6232
6175
7816
2661
6787
6142
4062
894
4755
3096
5759
5477
5685
5078
924
2844
227
1968
4285
6630
1699
4696
7329
7977
6400
5238
4944
5938
5331
2958
8288
3075
6189
7854
1120
807
115
6323
8677
8774
6134
5788
9598
9220
8285
4310
2342
1556
8082
4518
8949
1739
2807
5701
5379
9855
6739
4421
6043
3533
3500
2530
2871
8185
8354
420
2430
2512
6630
8417
8327
1914
4885
3839
5768
4588
4038
8743
5007
1449
5291
1525
5244
9449
2599
1356
842
9905
9629
1910
3529
5506
9392
2489
6937
2046
2924
1782
8580
1652
400
6603
984
4749
5799
6967
3807
8639
8114
7357
6653
1407
2355
5810
6710
3795
9368
9569
5130
949
3731
7630
7615
3252
3458
40
120
5989
5807
4535
7559
3415
9574
8292
8284
2083
7934
6184
9929
8754
6758
9245
4628
968
2334
5281
3799
9631
6767
2776
4616
2191
3000
1537
7360
7352
8614
9361
7771
482
9135
7004
9483
9100
5963
1394
664
7681
8719
6821
3320
2248
7927
1721
4007
954
3695
4005
6995
3215
7087
5862
9495
1489
753
8930
5874
2466
3408
873
4003
8106
4543
7912
2788
9848
371
1048
2640
6745
3373
2275
2929
3079
6840
9846
3818
5193
7531
402
6878
4408
1324
2701
8172
6209
8082
7397
552
8470
8053
9989
4854
8543
4436
6384
3557
8159
2786
1433
7222
5873
5133
7029
6680
6385
4493
9993
2514
7879
9206
8285
2828
3102
7722
2210
6282
1378
4926
3823
309
1288
7287
4599
648
5656
2113
2999
9124
3877
4668
7867
9537
8653
7027
5808
5761
5659
2026
8340
866
282
4371
5018
5969
5492
7789
5721
3941
7241
8202
5860
2319
2539
8940
9221
5628
1030
4603
6994
340
3373
6101
8561
5922
8735
115
6472
3920
1273
755
8013
8447
5781
359
6988
6288
3648
3754
3863
9522
6952
8938
3463
7624
5364
4599
8689
5046
5967
2598
9924
6232
1308
5170
319
4127
8557
4912
5519
1017
6222
9005
6678
2124
6012
6406
9623
7519
5732
6067
3950
3412
9078
3762
2061
5318
823
9756
4176
4107
1830
4725
9250
7334
4902
1125
2009
4396
2826
6574
44
7120
5120
954
7253
6381
1828
5731
9057
784
4245
9646
403
6544
5636
8101
8617
1947
3176
7823
4983
5182
7887
4462
9200
576
6879
4372
4803
7995
9419
8931
1345
7081
9329
6752
3532
8359
1583
3619
6699
4248
3846
9342
9323
665
4135
8327
2032
428
1274
9972
5353
5123
2926
4210
7905
5435
8347
4834
1953
3939
578
5537
4050
2951
9126
6658
945
7421
7076
1946
7228
2347
6381
4023
5272
6083
564
7374
7253
5949
3299
7088
6249
9903
6248
952
9113
1771
1293
6195
7095
8549
6933
1725
6084
9712
5650
9844
4806
5796
452
651
293
1965
76
5421
9392
1283
1774
1180
1149
3266
8549
5653
2157
2998
8784
4594
8413
7972
3594
3116
8569
6999
872
8138
3195
6006
9755
4650
8289
2927
8645
5531
4013
9138
3928
53
1605
9884
1658
2133
9259
7343
8933
345
6359
6634
9002
1541
7553
8906
118
6895
4027
5677
5565
541
3386
4542
8883
8089
8837
3474
5258
7693
165
9054
8277
625
9565
6771
6586
3471
9844
791
8454
9615
6781
5713
3531
5428
9752
4305
9989
9778
7409
3002
3226
5018
3205
3980
7327
4787
5109
5506
3623
151
1300
3749
5974
4855
5339
747
1124
9724
1387
3712
6046
5275
9490
4719
1622
500
278
6829
4410
4872
6207
9314
8194
1076
1234
1301
2499
7198
5207
5986
1777
1482
9548
523
2449
6602
7074
6233
9356
8944
8469
8701
8975
9665
3450
6359
6223
8377
6256
4337
5242
116
9337
3194
9257
4736
1538
8363
1058
2413
3534
3623
4954
4877
7217
8051
824
5358
2872
2431
6356
4753
150
6241
1614
342
360
5901
7003
4758
3626
9827
7785
3405
9763
2517
3972
7762
4459
1778
2002
6596
3534
4548
3785
9778
1112
1203
3360
1575
9631
724
5410
977
1185
3505
9247
8828
338
5478
5388
7760
8615
1237
9723
3508
5025
5463
2342
397
6289
4144
9477
9799
826
8062
6223
4190
3909
1917
3357
473
3293
6697
6313
9764
3994
5426
6293
7705
1611
1253
5337
4299
2844
8797
6164
8638
8056
6261
5203
374
2759
3176
2688
6378
6808
5207
6130
5124
7499
2439
7842
8857
1221
4052
4701
4176
4406
6342
7813
6352
6183
4335
7875
7290
236
9533
2599
2448
5770
1010
5488
2592
8722
446
6343
2274
9947
1062
1125
1594
8926
4483
2612
3241
571
5033
9891
1415
6265
2162
9892
9621
7626
4423
5839
9010
9324
4858
6665
4140
7132
1635
4320
4257
566
4245
2781
1537
5655
6204
6012
3857
4515
1702
8999
8159
9746
9899
6446
5133
7110
394
723
9628
376
9089
4274
7031
3712
3304
4302
3320
7106
2875
9991
5147
2245
7587
9239
1485
1152
1903
9259
4272
5774
916
159
6718
3952
2110
2370
6615
3665
6098
3161
1418
1973
2146
2911
3740
2522
235
8234
4359
5617
1871
2585
3346
406
2218
3017
8041
3498
3539
8695
8041
6194
7457
8272
5930
7480
2551
5620
4905
3807
2062
1609
9857
453
1293
7835
5606
5361
7047
8145
909
507
9842
6075
2587
4875
4943
8263
5113
4377
6923
9187
2993
3476
1985
317
3352
5630
5689
5479
3239
9284
9489
4150
6071
4812
7559
5225
2376
3607
992
5062
2767
3750
3656
656
4922
5544
9014
4309
6993
8993
971
7908
3595
4407
9655
171
1194
3238
9497
5775
644
323
9265
1605
4847
4958
2131
3469
8856
6224
2858
8254
991
2468
9494
7964
5011
7330
5251
6438
1958
4422
9624
8748
5884
4352
8057
350
1750
5668
6361
1200
5381
5585
3728
58
4413
9455
4293
9115
3784
1905
6904
7277
5379
9690
991
8291
6217
9757
9050
2799
6186
5724
8357
4321
2168
1154
8314
9818
6766
9116
4928
6415
3549
4001
4436
312
7317
867
146
2136
4940
3022
5952
1127
8430
1677
3943
810
6433
7324
9823
4692
7123
6103
8054
6294
7458
2
6845
755
3416
5138
4816
14
8594
8312
5023
7172
7067
5246
8909
5846
2297
1322
6964
1599
2484
6736
3731
3908
6526
9907
3622
2057
4324
1052
8064
3184
6623
3651
6648
8556
2455
2730
9565
2228
9621
8602
998
7539
6948
6516
11
5324
8339
2729
5434
922
6185
1686
8359
4885
534
8535
6435
8690
6225
3965
3911
4722
2323
9962
5581
9034
2159
1928
2459
9234
6973
4953
5453
903
3650
1354
6815
7771
894
5777
8372
6556
1281
7797
5157
3410
1050
1196
1481
6306
5214
5743
5949
4624
9202
8442
5121
6961
8917
9424
2335
398
8492
9980
889
6084
4027
9906
9373
7609
429
9011
695
4601
1585
4495
8515
1630
3665
4021
5422
9278
511
3846
2681
2638
6975
5864
584
1813
3595
2998
9565
8475
2919
7765
7771
8480
7474
5121
8282
8233
7157
6629
2919
5908
9435
6202
3157
9805
7533
7911
9508
6330
1113
4647
540
3105
9774
3720
998
8633
9975
799
2967
6253
1409
920
7450
2605
3323
9803
9449
2015
6249
4971
5896
1747
9861
4105
6558
1428
2291
2421
4928
7497
3839
1588
1868
9276
5333
1917
8559
4082
2732
2013
2308
1705
9696
9466
3689
2576
3866
1333
1727
9679
8270
9000
1454
5688
8594
239
4210
1029
9222
4148
3351
1697
2388
7330
8540
9555
9478
9851
5975
5028
1950
4277
3605
5106
4725
527
3836
1277
7796
6817
3695
8046
5016
5057
3597
2472
9542
9218
1318
8774
8763
5079
3291
8612
9614
4662
3777
6666
5061
1831
2450
5843
5297
2475
4496
892
5719
1738
1446
423
8459
1445
6013
5263
1515
2778
4792
7558
7061
6725
2749
5979
2390
6387
2625
2135
9040
6802
6782
8054
5255
3525
7555
4723
3209
1572
8761
2427
3224
9935
3133
2836
2405
4435
5630
2519
602
5989
6469
5416
2275
380
4956
1878
5178
2187
2461
9886
8655
9996
8392
842
7632
5592
3744
6823
7147
3538
7378
3396
6237
9091
4979
1958
8277
1024
2854
6072
1082
3593
6358
8624
549
7243
6966
509
4765
1444
3379
9820
8541
2918
2258
5322
7204
4565
6747
9124
7209
74
3218
1162
3673
6234
9534
2770
9647
9217
6631
2120
8334
9544
7345
3827
9230
2741
9695
6003
1792
786
4102
3735
1600
1894
9744
5835
4710
9151
1914
3998
6473
5905
8602
4865
5793
6487
3312
9820
4551
8104
3639
6443
395
1878
2216
3909
1265
5424
1756
8941
2170
8168
5116
7041
1882
1166
7655
3696
3995
138
4783
9913
1038
5033
7456
7374
2681
6351
4878
423
9777
955
4634
2419
1893
6248
2752
793
8148
6783
7104
3949
7293
9210
6600
1791
2241
2628
2378
6701
8151
316
7599
1784
5036
2168
5736
9268
7140
437
6140
3912
8338
9741
963
182
4399
8498
5533
7045
3195
1366
4592
4585
4189
4509
3197
2196
7832
6010
7806
5142
2045
3398
8174
224
2167
8992
1972
8439
7479
3742
5166
4419
6284
97
5638
9543
8286
6343
7491
2683
3336
2905
8543
5813
6336
437
9328
8118
3524
2182
8726
2640
1858
5679
4816
5029
9491
7239
7867
9019
3766
7501
4920
8636
3397
301
920
5002
9110
1035
2902
9984
2064
732
3938
4835
5336
5509
3222
3751
8919
1499
4342
8894
9113
4921
2665
1211
4229
8623
5342
9573
8436
455
3517
6295
8880
7028
8700
2772
1979
4355
6346
664
3720
2211
8971
6697
2457
2001
1489
1452
3639
668
9155
4548
3608
8328
5965
1030
4448
1454
8243
3320
8742
3696
3107
1975
1745
8905
918
8808
9376
9363
9811
3750
3395
51
6817
9994
4425
430
662
1705
4806
7375
2080
3511
1649
465
6463
9513
9240
8694
8606
6680
1536
3754
5804
5042
7148
370
1963
2634
8985
5534
5893
9615
9125
94
8277
1946
2026
8464
5497
2002
7498
5303
3874
2666
5080
2951
5861
5161
81
3645
7698
3626
6373
4684
9070
6442
1062
2370
4751
3118
7548
1177
6899
3623
9698
4937
9181
3710
8384
8922
9774
8906
7398
5976
5500
1873
6562
3295
1553
1178
8847
8838
7859
8224
7306
9192
8139
6211
4417
8093
5957
1673
7419
2247
867
8770
7454
4376
4205
329
9921
3153
9401
102
62
8293
2099
5952
2803
2669
3033
3904
8902
2548
54
8401
7459
1602
1673
4451
307
9878
3169
2126
1178
8317
7255
1588
1293
7215
712
927
4399
5384
3293
6922
1447
2052
7897
1420
4991
1060
4975
9070
3787
4877
462
9902
8771
3519
9738
44
1471
8579
4023
9778
575
4942
8612
7856
2788
2483
8210
1909
9774
1508
6688
4842
3283
6584
5781
8856
5417
1368
7464
2298
8848
2516
1839
413
6287
3075
4195
8387
2601
5863
6188
6183
4460
5071
2734
9819
4390
5782
8768
8382
131
4248
1285
4713
7832
7845
2392
2728
4006
6286
201
4966
603
9181
4862
7521
7610
9585
6824
2396
9413
8966
2980
4067
6597
4963
7273
505
3447
4109
1157
6830
8770
1001
6879
3596
312
6975
6952
4273
89
3306
1012
9607
5391
3100
6814
5070
5962
4622
4445
5099
6184
8388
7249
2553
5983
5503
249
1310
1019
2972
3253
7897
7567
3467
9011
3623
3289
5546
2905
9813
9495
8735
1182
4320
6576
164
3220
7016
1233
9309
2725
9283
8036
4389
8074
9694
8926
8150
9362
1278
9206
5752
5461
8532
3357
897
8918
1534
8862
394
2334
6731
4308
3618
490
9543
9282
9419
5747
7780
8163
8034
3206
3193
7359
5613
3824
6260
8230
9805
4504
5996
700
7123
1449
4242
7889
2431
5850
5989
5516
3379
8747
8644
6051
3126
14
7358
970
4468
6704
101
4405
1219
4547
5985
1324
1792
4521
3313
7658
1368
8127
7245
1186
6019
7203
4359
1279
8458
4532
7567
7237
9785
9797
3526
5065
5152
1805
5050
9546
2499
2638
5871
4763
721
2527
2063
8815
3298
569
9017
5391
8042
3402
1445
6794
762
1050
2007
2554
6470
6744
1954
127
2592
9311
3859
8026
6019
3754
6606
8136
2876
753
695
9913
3491
4144
4231
2236
4647
8882
302
6409
3335
9295
7783
2650
9278
7391
5191
3703
2422
3450
6623
6684
9852
1149
7842
8825
8100
8507
3056
1159
4291
8206
2368
3058
6907
2344
5596
9671
388
2699
950
9275
5620
7072
3513
6341
6881
1416
9882
9049
1998
2941
7197
4882
770
9540
1812
8540
4550
7554
9810
4235
2428
440
9566
5659
2365
6620
5011
9093
1291
1477
2756
2794
9333
4675
3389
5311
89
6712
4228
8133
9139
8583
3647
2084
1236
424
895
3348
5950
8565
3785
9048
5243
5236
8790
6503
5150
2480
9376
1160
97
7318
7709
3417
4269
3338
9800
7292
7064
9252
8410
2031
953
9867
7928
8471
7943
2795
5462
1416
5951
5062
5641
1218
4164
1205
7178
8091
7009
6776
4887
5830
3226
2290
4883
8878
5745
7610
9998
1953
436
511
2911
8715
6115
8476
525
5181
9375
1188
7693
9610
8702
3930
982
3006
1148
1999
9808
1771
5963
4616
4331
3090
7323
1324
1308
7162
2980
4919
242
3824
5936
6270
1495
6316
1542
6848
9490
2907
4433
852
6537
8366
8111
1621
8435
3615
8005
6855
3804
2891
3408
1188
5090
208
4470
8856
6476
7124
107
4757
8810
9967
6927
1716
7063
967
8085
1609
4619
5206
2399
305
5597
9914
645
8187
