788
5658
4187
2431
519
680
2989
6518
4190
4449
405
4656
4945
3836
2705
3578
7961
8975
2027
9193
4156
7396
8003
762
7491
8332
4964
2515
6473
1998
8389
4807
5506
488
3278
8729
437
2870
8293
744
2264
289
9668
6073
7463
3262
9545
4307
9040
6423
7210
9027
846
8615
3810
1791
2511
4927
2845
7847
1508
4198
5275
1160
6933
4637
8997
7851
127
2592
26
3850
5820
7064
7443
1859
1468
5805
1515
8805
4277
9753
9973
8486
4917
8888
8825
3431
8495
5787
8991
9215
4074
3436
1607
1972
2626
7372
3186
6377
2792
536
656
6561
8653
9482
7303
8466
7815
8588
5212
196
9517
6647
4146
8488
6853
3561
3564
7926
9479
9141
9136
14
8494
4485
9819
1184
4443
3578
3387
264
6101
8564
5516
5201
273
3309
8387
218
5033
8031
9056
4085
5197
54
9044
4908
995
3536
5583
719
4587
1489
6468
7224
9988
4580
8251
7392
405
5259
3155
9674
3577
4151
3138
6028
3962
7155
6842
9647
2696
9915
4203
3580
9399
74
6319
9478
1602
9744
8837
4246
4991
1971
2637
7361
2289
6781
7901
8822
692
5619
5422
8820
1545
2245
5510
8409
3438
7713
7586
3701
4904
9602
8880
620
9487
2855
7111
7674
2551
3374
6579
2544
4967
2030
3905
1101
8744
1700
8099
3769
6908
933
3552
8987
744
4723
2651
7258
991
123
5502
6704
2892
7082
9044
9082
9931
3728
1456
1388
8021
5293
429
385
3463
2888
3730
7328
4654
7534
241
2763
6433
5943
5309
1969
7962
8068
8054
4323
9890
5429
4131
1076
6824
1223
3402
3369
8702
2890
2334
9407
5185
5809
3926
8764
4482
2899
6726
5038
6742
5886
4092
7152
4630
3387
8986
2923
6932
8652
8443
8745
4491
2226
6627
3861
9537
7899
39
6894
2444
5321
8454
3753
8702
8094
6723
3974
7038
6371
1072
5483
5620
4952
1192
2125
2961
3414
4457
5646
8297
5424
6157
5632
2718
6343
6916
4663
3930
5580
5775
9692
8584
5009
5323
989
5328
5593
8791
3970
4733
8494
3924
2171
4573
2961
7321
5190
484
1723
3568
9964
9789
66
2337
2843
975
9304
1224
334
6903
7486
5237
4168
1496
5301
3168
9391
9516
4981
5271
2789
6805
7382
4470
9347
3092
9916
8290
5582
325
6640
7202
3195
885
7400
8954
4974
5890
7401
1701
9182
5997
5795
8078
4437
3966
5323
7739
8388
1829
8518
8503
4147
8792
1168
923
1029
9438
1485
9384
8057
7638
8567
4515
6670
5909
8662
4477
9198
250
3325
5822
5579
7984
2305
1438
6504
1647
6165
9712
7502
6591
7360
7179
4030
9259
6800
8678
4886
1598
7544
2719
8685
3612
7429
5207
6200
3375
5022
142
4655
4957
4762
3415
5978
8530
4907
7720
6756
7408
1384
753
6626
8575
8856
5382
9645
5074
9418
4298
9370
7400
1794
954
4891
7196
4382
8419
319
2026
3046
801
2756
7869
946
293
7085
4506
2277
5041
2926
1491
9031
772
7684
8105
6689
6861
9234
3809
8721
8909
8518
65
8990
1630
2105
4744
3269
9257
2581
2151
3217
3673
1986
432
2538
442
5449
185
7092
6509
4314
509
7048
2763
1144
6143
7583
2019
961
8348
635
4578
5292
7628
5824
3262
6539
2805
6351
3839
8816
1724
1220
4251
3612
9432
6757
2124
146
693
5691
4879
4603
5074
2077
4380
9458
1320
4631
957
6319
3895
3130
1054
17
4158
365
3135
3492
2470
721
9128
4787
7133
9586
362
3655
7482
4073
4286
1341
8273
7086
2524
5573
725
8939
7914
6294
8005
7996
175
6240
965
5587
6435
6410
2010
3383
2133
3817
8753
8988
4936
7042
4812
5743
4075
2246
8506
7320
9716
5724
5106
5841
4888
3533
1276
4342
7001
3513
7964
9538
6269
7143
7132
7721
3606
4457
1413
821
6804
7534
7753
9719
8963
4176
1264
6783
6354
62
2076
615
1090
4053
1531
521
5606
9351
2618
5841
8221
8525
2241
9406
8698
7928
1102
2993
4252
6435
4737
7448
9407
9381
6273
5781
350
7635
1258
4278
3330
4850
4516
4346
3884
3802
7169
9657
1467
1206
706
5986
2939
9399
9446
5602
4138
5960
8257
7936
9576
589
7157
6950
1418
5989
7343
9737
5323
4686
2544
4873
6960
1511
2502
9012
4886
5809
6631
8822
8219
9054
1082
9819
389
7644
8626
932
6131
347
8519
7720
4958
777
8338
6850
7035
9568
9941
6216
8656
6469
6038
3755
2832
3089
3430
8794
2981
7660
9889
626
7977
7349
8788
4865
3841
6846
1350
4808
6567
5156
2981
5069
5778
8253
1470
9040
9060
5930
3817
8614
6272
9980
7102
2833
9654
2611
3688
1265
2828
6737
1828
3123
8298
9468
5365
3655
2466
7235
280
9728
3163
3576
9215
4341
7305
347
8733
7860
9386
1736
4861
6422
4607
663
5839
8270
5893
4897
3823
5882
7167
7170
915
9244
3922
5818
1650
7667
3580
6093
4124
2498
6066
2826
6281
1778
6565
4937
6930
1891
1040
5246
38
9598
9361
9754
8586
9078
5265
2048
4193
1340
6610
5509
1651
5586
8292
7280
4941
9335
4243
4098
1765
3889
1521
2847
7479
1753
2876
6282
8497
9648
6459
5231
3000
6256
3578
5881
7493
4125
5856
6068
9392
5466
3465
5836
4375
8711
2213
6933
9275
7368
8636
9268
215
209
6300
8442
7261
9310
3056
7713
6447
3711
8399
5407
9127
5649
5247
600
2116
1143
2676
2464
465
5607
3992
5357
2371
5137
7000
8875
3584
10
6681
1433
7958
8855
1078
4256
607
2213
2599
980
3743
7685
9775
9603
439
4468
6930
8059
154
5913
1841
1928
2248
760
9156
4971
5516
2612
7347
1670
8623
7136
7504
5251
9416
8470
9172
9557
4673
6593
6933
1622
4726
645
9664
9743
5340
9247
6681
4134
1851
1686
1021
8401
3898
1473
7584
3834
7574
8722
3271
4443
6126
9360
484
5512
6686
1202
5978
1387
9126
8583
3228
4651
151
9139
8358
3750
8233
1268
5575
2397
5547
6083
1626
751
1849
9605
3247
7149
7203
673
2731
6637
5904
6908
7497
1930
9582
2400
6475
6585
5364
7531
3249
726
6038
6548
7636
9789
2212
280
176
4148
3120
2690
5260
4357
6905
5994
7239
5242
41
3460
2369
8545
3416
3625
7347
4335
3067
4163
2620
8385
9693
5329
2969
5469
7080
7290
2799
5959
5135
4367
8920
2447
5627
137
7449
8200
2816
5010
8860
1268
6252
5439
1630
7387
5163
9931
5030
3834
6506
3631
9617
3095
1750
3677
646
7379
6560
2043
3563
1737
1616
7677
9652
8451
4514
9644
9266
5499
6273
3634
7024
9391
4559
2423
3253
1454
6430
6309
3063
6127
3966
3240
7613
160
1603
1106
8846
1596
1778
507
5771
2166
8393
7013
8502
9986
3704
1677
1662
1619
1104
4589
4760
3231
6342
5391
7132
1566
4147
2108
9657
2561
6459
5843
389
3360
4664
9701
1396
5100
3155
7068
8452
6499
3727
2764
8980
6897
6434
7570
511
8355
240
9401
8489
440
8917
2267
1364
4240
1167
8516
4239
2518
518
6259
5820
9050
1641
8874
6861
4919
9911
1188
5210
6883
182
2214
7809
2277
2979
3886
1530
9008
2823
1992
2278
4718
3474
1552
5860
5816
8358
2257
8063
2593
5187
9452
6168
4467
8186
6132
9787
2369
5648
9862
16
8795
4258
5431
1921
4112
416
1621
4979
6190
5431
4783
7699
2068
7598
3537
9486
6537
3644
3591
8636
6166
756
6210
954
2382
3231
1257
2116
7598
9701
3863
2059
3278
6583
2594
9496
7415
5035
1932
1293
5136
2101
50
5956
161
8815
674
6119
4520
6037
9497
2635
8953
2271
5322
7913
1103
3372
1115
5882
8274
135
522
1215
7281
6249
3901
2970
1231
3147
5750
29
5978
1173
6357
2093
8966
4600
6471
3298
9800
2149
5629
8302
1166
