4167
471
1021
6997
8003
7705
6297
6524
2772
8717
1373
4173
622
3999
1854
3695
7835
7604
4256
196
6932
6932
9505
4298
1771
3826
9888
4830
2792
2572
808
5468
5150
3949
5932
5233
5322
9488
3969
305
8375
1904
9218
9285
8976
8458
3796
8972
4387
4340
6440
9618
3470
2743
8982
3086
4474
2007
604
21
1088
5203
7842
7868
8620
9096
808
7114
3725
1840
8047
9308
7845
9431
5297
4771
1315
8671
6479
4312
9371
1689
6725
3039
1103
3412
4667
7129
2685
1538
2635
9219
1732
389
9065
7116
3907
4234
1284
8116
4480
5595
5176
8160
9282
5320
6542
2858
5932
3760
9633
2758
791
9513
3724
4975
3722
3375
229
6143
2728
3849
7169
8093
5479
9495
131
2657
9720
3399
804
5411
3544
6616
3440
3650
3138
4549
4715
5616
3550
6627
3294
9178
5738
9270
2002
7974
4692
5149
6968
9573
7457
4222
5826
1624
2173
4444
4769
1006
9184
85
3837
5819
712
6456
4618
3253
9625
7860
8765
5368
4542
3643
7643
4874
8010
4965
6906
5272
3680
3201
55
6047
1227
4102
4019
1606
2523
8344
7322
2600
3661
3542
7713
7808
6005
4081
2764
7326
4762
6199
9305
3798
2543
4492
7260
1175
8122
3786
5160
4889
7298
8143
9303
8224
8890
2325
182
6333
5428
944
6000
3139
3412
8400
2901
7607
3474
4213
4311
6656
2427
418
4337
494
9941
459
6213
1288
2829
3800
8448
8621
8767
6460
6971
4044
8177
7791
1633
2639
9853
4262
1544
5842
3384
6709
9070
8418
8724
1323
9106
4624
9758
1563
6171
9236
9893
9211
8377
9230
5288
5941
9238
7880
2330
6907
921
8776
2582
4711
2519
946
4136
3872
7430
2666
6783
6265
527
7398
5614
3764
2959
6481
4793
1940
2282
9260
5618
5328
3997
2560
4848
1155
4063
9023
4120
9744
8578
3464
1147
1186
3116
9960
5388
4002
61
1966
6476
9346
7452
3847
9380
8150
3826
4184
1102
306
6547
7786
1633
2734
4308
8544
6407
3735
1741
9988
1164
7103
2477
6063
8757
7524
4740
3559
5243
9230
1458
658
8771
9602
4745
7993
2587
9412
4113
1993
3842
8777
2536
7650
5092
5578
1459
9522
7650
628
2838
1964
7914
7261
7548
2498
8872
9777
5060
2610
3129
6362
6392
4459
2199
1262
187
4641
9382
8258
1998
326
5385
2093
8942
7961
6242
4791
9198
7259
5845
8816
5693
6011
4567
6269
6468
9588
9464
3021
94
2748
9418
1945
1204
6397
8797
5418
8452
5393
3401
5269
6189
8630
7079
9425
4490
4321
7213
9321
9801
2702
7108
6909
6518
1878
9127
7139
8393
4249
1273
8907
2840
9803
1619
8208
4234
1515
4858
6986
1738
2350
1273
8736
3348
6363
4112
4074
5791
447
3577
341
9879
5808
3346
3744
7013
959
5980
1924
462
5383
7631
3904
2229
9282
456
50
7117
794
6880
4977
6240
253
8010
87
7989
9481
6504
7468
3745
983
6010
8366
8909
2533
4373
7677
6863
6859
4444
2162
5272
399
9310
864
6953
6340
5211
7747
403
1261
4420
1684
4298
96
5166
3054
1412
5045
7795
5643
2068
1246
9301
1464
3806
5408
1472
6520
4694
1039
8411
5060
298
2424
1626
4927
8680
631
8275
711
8141
4377
5178
1527
1452
9436
3724
4890
2295
8483
3508
9083
8828
6406
7822
4616
7167
6950
2358
8996
4864
6061
1500
7899
4233
7668
1414
3696
3783
8926
8817
9666
3282
6146
6294
2462
2938
9574
8789
7806
7120
5462
2721
8687
4702
3828
8344
160
2500
5578
8540
3318
2704
2043
2243
2781
4201
9015
4248
9864
7160
4509
8379
7177
2852
8074
4108
7997
6728
2128
3487
3279
3219
1827
8460
1452
4236
8621
2967
7510
1232
1664
9607
7154
6410
3531
4901
7021
5549
6006
9762
4587
1873
5160
2885
2943
1240
4584
7424
7991
7083
736
9390
2111
710
3549
4987
6870
3836
451
1151
8542
5896
6222
2489
1196
9282
403
6661
3615
7802
9268
1817
9533
1813
5203
8450
8393
5153
8430
4773
7489
2758
6728
7764
4532
5274
3929
3776
7505
865
2635
7397
3194
1312
7701
4135
3175
492
4725
1287
3847
8724
8646
2994
4274
3704
8034
2678
4154
6548
6224
2353
687
1133
7918
200
5233
3494
2570
7328
3120
5951
8026
4381
5216
6667
5212
2805
6297
9725
6103
9280
90
9135
9424
5935
4237
2270
6233
3269
1414
9125
2915
7846
9157
6180
3381
987
8443
8892
661
1679
6153
4522
6226
6202
4595
9118
9844
9943
9188
3992
7579
5299
7787
5710
357
1605
5763
9195
7692
484
3457
1031
5419
9386
9926
4111
3104
4163
5108
7953
4509
4033
8974
6951
313
6272
2711
3693
5940
3505
7437
208
4615
6693
7758
69
7097
8040
5368
9844
6623
6791
2847
4655
8859
6879
8631
6514
6341
1620
6594
1321
9847
2746
6147
5352
2177
4372
4305
3083
589
9975
5703
2651
8142
8345
9576
6794
2018
5195
4224
3771
4102
4961
6085
1809
8312
3882
5228
4818
4823
9392
9545
8615
8854
9598
6590
5219
1024
3753
1220
9965
1190
5132
5192
636
6228
8628
3244
5839
5777
8404
622
4758
9973
646
8502
7760
1397
2655
313
4946
7385
4078
6315
5728
6319
4545
3553
1003
3193
243
7428
8263
5825
8102
5218
4856
6172
4505
6670
232
3404
4278
8472
6520
6048
571
1095
7009
838
9890
9410
6949
5937
6607
3870
8439
9333
1814
5330
7476
8783
3159
5958
8828
7106
1319
6490
4753
5212
3020
9555
59
1303
2516
3776
9701
1611
2627
8538
4392
5169
8327
570
9425
6354
4265
9189
5810
7885
6595
4722
5986
2312
9976
2509
3249
7902
9317
4964
909
1655
8418
3069
5370
6885
7460
8090
9137
2922
8754
85
4152
7639
6210
3590
6074
720
3712
1252
4354
4523
8602
6536
3657
8407
8347
6381
7354
7945
8018
3635
3054
977
5646
9603
5258
6427
5544
5372
2401
6785
3373
7052
8934
7743
3703
5370
9874
2735
4135
7776
5774
1266
5296
5591
9374
3295
8227
8090
2842
2198
1779
8684
3098
4110
7604
8294
1390
7436
6021
392
7671
1893
5543
7777
4981
5530
665
5818
222
4466
5874
7580
6280
8294
2922
8290
3651
7686
1349
8073
1574
2809
3772
3427
3780
9057
7017
4283
6891
4525
5952
5140
9241
8696
9381
9994
4427
8543
1390
4489
6867
8975
8230
8652
9477
9885
5306
9182
1518
975
3507
61
1378
8359
3297
4860
449
6336
5697
1863
2260
1809
5627
5714
4234
8815
8202
9850
2970
592
6232
6957
9508
6041
6518
7253
8136
6712
1429
8367
7650
5902
9604
8378
5457
7636
4422
5307
4003
7742
191
4173
3935
9629
3675
3686
6014
8511
4219
5637
7350
1393
4669
24
8661
2948
9126
3658
5878
6221
2639
9432
8035
8999
5273
7205
744
6931
3439
9363
6959
7311
2119
4914
9070
8613
9076
2550
4217
2634
1019
4400
2676
6167
3487
2079
7722
2020
2875
2591
2339
4896
2156
815
5653
670
2089
1872
8778
7401
1423
2298
6090
3591
5837
7545
1077
7372
7321
9444
9711
6166
7950
7022
6968
7973
8163
4181
6295
6733
7560
8408
6355
8596
1519
7814
4701
7414
1109
1313
7421
6889
7244
9154
4535
3290
2550
2854
1385
6470
784
1973
2533
4469
121
1603
5430
5424
7613
3584
128
3763
7858
1450
2633
3854
2158
7090
4109
37
3779
5116
9683
7224
1209
31
6026
8941
934
9421
9246
8728
3228
7597
7453
3020
2879
3428
9233
9484
4833
8802
3258
9963
8876
9016
1977
3585
1068
6279
4203
7646
4694
1859
9616
1385
9161
407
6695
5234
4080
691
7768
5926
5824
3648
4413
2080
7444
3347
3214
7532
3619
5360
4056
1623
6491
9398
6761
1058
5260
7160
7242
8453
3603
6652
8153
9921
6273
3164
9938
1134
1192
3178
6106
7251
2722
9793
6456
6371
9261
870
656
7332
4823
3085
4302
7724
5794
7832
9003
1924
1267
171
9214
142
2925
634
594
755
3174
8499
6976
9845
7490
2921
8009
4963
1764
8421
9010
1595
1022
4721
7117
4745
576
431
1344
7358
5141
915
2884
860
5174
3410
1051
3390
8025
2642
7567
6356
6234
7168
6947
6315
9684
4129
8281
5579
5707
3008
2080
3931
9353
7286
3094
3919
7924
7640
5986
1137
6681
9290
7975
3566
1479
3938
966
7527
9482
3655
4931
1847
2082
4439
3521
709
3295
6088
2765
8143
1291
3462
1076
8390
7125
6411
2098
7705
2309
2349
6168
6650
6945
3394
3257
540
475
2622
7281
9486
4468
1517
2691
9281
5330
1036
5629
4133
6505
8481
4618
4498
8808
3915
2324
8274
6707
4851
9443
7852
2361
4978
23
1675
2033
7469
3742
3645
934
5868
3202
9479
8236
8568
7314
4742
2285
7490
4715
6560
9493
5088
3971
5705
2230
9378
1794
7938
2377
8835
7262
7995
7106
2907
8369
7801
7454
1105
6937
2547
5900
8062
3836
5238
245
7661
7653
9977
8953
8190
575
4298
8408
2265
4829
3975
4425
6736
6756
441
154
2398
8486
203
7317
1739
6588
9912
9036
5521
3679
3010
3665
8329
5283
4063
3108
4734
3328
6606
297
6132
1134
600
3077
1201
5356
5473
9285
825
3229
9325
3131
952
6096
3375
9286
760
1339
9725
2829
2786
1636
8720
3737
7873
8683
2487
7932
6130
9414
7690
9329
4663
7034
2172
2048
7659
9044
6746
4350
3089
130
3505
1407
4149
528
7900
842
3715
8546
3434
3512
4246
2235
478
5287
8921
9848
3616
7073
6106
76
7409
8404
8045
8409
1532
8670
4684
5624
1079
8583
3563
981
3465
3995
7161
1274
5813
