388
3426
2799
5565
8031
6238
2245
433
1623
755
6532
6447
8074
787
6846
9920
7414
4601
5932
8444
3604
9546
8026
3369
3454
5876
2210
6986
6477
3252
4051
6120
2419
5028
4173
5758
6674
2144
5788
3966
5639
1065
1119
577
6567
8611
5172
2828
932
9209
3330
1246
1179
6817
5074
5781
9102
1273
9594
9729
3017
7328
1271
2096
6355
7170
7943
4377
5619
5307
9601
9316
5676
7101
3057
2022
967
5309
5444
7418
1995
3607
4300
843
1964
8242
160
7294
6109
861
2356
4204
6371
4025
896
5806
7031
3361
8879
3905
9527
6979
6231
8089
6379
3603
9504
5121
7119
741
658
176
3506
2983
7311
7319
5065
6801
8202
8135
2928
9525
6387
4224
2654
977
6465
6580
4356
8659
9962
427
7619
8332
7602
4799
8567
4061
7677
8439
467
3694
7570
5776
5738
5598
1727
8903
7431
1124
787
5876
1594
5636
7788
9601
7952
1405
750
3608
2893
3679
1388
746
217
5434
3574
9963
1588
2849
1311
587
7383
7517
7721
704
2761
3727
9007
6463
2522
2525
2191
3817
7312
7038
9395
658
9467
5888
4699
6029
5223
8870
6648
8643
6702
288
1751
994
6471
2146
760
6178
3423
102
6986
2707
9074
3918
1892
6034
6710
2801
3907
666
4469
7079
3387
4599
3573
480
3932
9094
5365
670
5747
9257
5878
3411
3065
710
8435
5364
6460
5231
8447
6269
4536
9804
7098
6495
6226
3220
5359
1636
6673
4283
7261
4531
3945
3541
2576
6239
1909
4185
444
4410
1025
6129
1397
8951
6721
9069
1149
5372
5105
9063
7723
5446
7497
2433
3940
8967
6173
2922
2169
2058
6559
6848
2285
4631
449
9936
1089
9442
9835
2185
1598
2734
6469
5550
7711
6751
914
7098
4808
157
7401
573
5430
1748
544
7845
2789
9497
8552
5528
2664
3751
5840
6669
3848
5766
8022
11
3948
1581
1345
713
8546
6063
1396
7221
8375
6017
9391
2160
7033
7755
9368
9126
7798
6525
8498
1291
5216
4409
7735
4785
8239
1582
8743
2359
5843
6341
1453
6363
9957
1796
6634
7423
6089
4223
2209
5737
419
1455
3662
1909
8274
8747
8052
1718
3101
722
1969
5817
8233
1163
9664
3898
8948
7524
6587
2832
9985
7286
3498
2339
6368
8154
6908
9038
8873
5
3121
9455
5525
5486
8339
5788
4762
8832
6991
4143
4945
6890
6947
2482
373
2532
197
4246
8602
3197
6013
3197
4135
287
4928
7208
1889
5956
27
922
3494
1170
5768
6411
9987
8465
7664
3464
5010
1678
4477
9400
4292
1944
1082
8250
759
4615
9626
9626
5908
4044
1090
8354
759
3412
9908
6893
428
294
121
631
9795
3580
5082
9504
7007
4846
2346
3647
3744
1977
6852
6083
2891
3215
2972
8901
4499
8632
837
6761
8871
7655
8511
2483
8184
2455
4746
8199
6068
6580
2059
7401
4116
4406
2298
3330
5886
4775
9462
1460
5992
7702
7413
8485
3690
4324
5436
4199
6350
2092
792
4856
3335
7488
5830
709
9147
5102
8453
5769
2431
6273
7990
9267
4302
3876
9629
1910
4500
7041
8071
8091
1981
9048
3079
4113
757
8923
9087
3364
2716
5494
1079
6138
8440
9804
6333
3130
9575
7276
1274
7256
6095
7746
3453
8011
6788
9818
8422
4672
6902
3680
2497
9127
2339
2931
2060
9131
784
9672
711
7520
7328
6650
1911
8964
1758
8575
1527
9143
1821
421
4893
8391
1450
1531
7204
5252
9098
3437
9930
2259
3141
2536
7672
6798
5039
5931
2121
5816
1391
2382
9369
6911
3374
5948
9644
4618
9453
6556
1209
481
3539
6382
3441
4379
1618
3408
7903
1906
5237
6944
8621
7892
4344
3116
2960
2787
4276
1029
6082
2524
5478
1746
826
8741
3898
177
7754
446
8825
1512
1157
3722
3036
9690
2539
5912
7164
7285
6530
8793
8376
7016
9042
4086
4594
2289
6413
6842
4055
3604
730
3786
8856
4120
6045
5318
8649
4588
388
9271
4118
9415
5568
4104
1885
973
6302
8673
748
1453
8113
1422
5496
4695
5230
1150
6999
5979
84
9479
4522
9597
2982
1159
3803
8116
854
7158
5551
2449
3151
9719
7415
3869
6303
8925
8617
3308
9807
6522
6038
45
5665
6051
2968
7347
5429
4815
5754
7054
6712
8718
180
914
7561
8662
481
1434
6841
2057
9567
3093
2687
8371
2802
2382
1461
4959
1557
8745
338
6408
1630
6921
4501
5341
7741
7183
7595
3758
6977
2046
4765
5507
8263
1241
9225
2748
9823
6445
5306
883
7949
2731
791
7294
5609
5341
4294
9920
9908
4138
443
7903
1928
2997
3921
4336
6762
4544
211
3550
6350
286
7559
346
7111
2869
2039
8492
2394
130
7854
4744
7469
7415
6508
8796
4930
9008
8742
8070
8570
1731
8957
9874
1272
3301
2233
1440
5523
9513
6593
4964
134
115
1674
4135
8360
3675
6730
5035
4116
5469
983
9820
740
653
5329
5698
7567
4856
7193
7043
3100
806
8301
6245
9489
988
9953
5393
2269
5582
4507
2483
286
7505
2154
222
2767
8078
9668
5357
2578
18
7323
6276
1814
3986
6508
3284
9845
9420
4868
9757
5565
1401
2446
7262
5289
1215
5405
4280
9435
9891
1971
1632
8344
6347
6060
547
5264
722
7226
9765
8440
6756
8973
5778
3574
5993
3822
6773
1672
5759
6297
4839
6898
7311
3989
5118
5666
6434
9570
3367
6161
4573
7565
9215
2489
4679
3746
5947
1885
3323
4479
7495
8234
6713
6673
6747
3464
7782
1630
1418
8588
9204
4910
1188
7566
4685
2710
4284
3969
2489
4018
4979
3572
5487
1391
4259
7141
9047
386
2184
8637
590
6568
136
6859
2915
1083
6324
7489
2318
9902
7174
9589
6496
8358
8362
3669
5446
4181
2537
2219
2487
8227
9905
3832
9485
6875
9984
9247
7520
7791
6495
2225
6477
2521
6812
7825
3414
3408
63
6068
1300
2787
6942
7527
8247
7765
140
9596
3598
805
3052
8434
1473
3624
9075
1967
8123
4181
8363
3469
8006
9309
8228
5439
9647
7270
246
479
1176
962
5777
9109
3996
2384
8437
6229
7629
959
9453
7046
7177
6426
838
7275
7115
9717
3006
5936
9774
1763
3816
3234
8988
8673
5276
1690
5605
9778
6474
6744
6427
2087
6735
1177
8090
5227
6928
1013
6853
7864
3667
6023
7675
1738
4702
1226
6473
1422
6231
3228
9257
4919
4090
1505
8280
29
8249
2439
2517
9233
6253
6738
7077
8706
4539
5747
8019
6677
658
9689
2580
2453
5809
6788
3353
7591
4630
9554
8095
5896
3952
3833
6688
6149
3926
2960
1356
1927
3280
3658
7346
1129
6595
9295
4167
9991
5019
3336
8970
8037
6320
3191
7358
3337
747
7297
838
6534
8210
9705
1008
4086
1807
5147
1144
7106
367
7633
3245
5313
678
3413
2144
5868
2111
5028
7160
2858
2849
3179
1075
8861
3438
1281
935
919
1781
6321
1559
2250
2487
930
6209
5435
4326
6068
8132
9506
3690
5977
7294
7249
8557
7678
7844
5503
7302
5237
2619
3567
3779
5137
1027
7394
8927
6124
4771
1301
6771
168
4703
2504
2137
4000
7062
141
9211
7515
5400
4121
1738
6333
9253
2154
5979
9833
4544
5701
8907
1462
8947
8731
3699
7981
3068
3511
2327
2700
1013
2279
8329
7659
4882
6596
6731
4233
4771
783
2065
8465
2680
6842
6228
7455
2820
7137
2946
7576
2955
3955
8947
5483
3589
4033
7207
483
4708
6129
5675
9782
2914
6911
8955
8957
2804
2545
5265
335
59
2453
7883
4908
4233
122
699
6980
9568
5672
3432
2594
1510
5853
7009
9960
6405
6692
8418
5368
9791
1364
7007
3291
6878
4722
3885
2530
6057
6900
9648
3992
6403
8740
3007
544
2622
1485
8548
3311
3037
5365
5263
7624
6407
294
2410
5873
1863
3882
3159
8767
5599
9619
8246
8338
1485
4117
4419
431
198
9937
9228
6214
4751
5134
1120
4975
2587
2822
946
6022
2735
7706
8701
8176
4481
883
3585
4249
2686
5014
2348
7004
9082
4371
3205
7278
7202
5947
5185
5479
5358
2411
8744
7950
6275
6537
8769
6496
7909
6890
250
1564
1369
8269
7972
7870
9128
5448
3019
1046
1631
669
2404
9012
627
4472
5503
4691
3075
3832
1067
9471
3158
4999
8265
2052
9315
1368
7640
6692
7551
6220
591
197
6448
7137
4330
8549
2720
3496
1980
1722
1886
9169
7667
1482
1679
8021
936
9204
4098
7520
1717
5050
2912
233
194
6796
9762
9647
5528
1665
5613
3953
1254
932
8888
586
7602
5785
6526
5448
1735
6395
4655
3448
7020
467
2481
3535
838
6823
3812
9223
1140
1308
1538
3476
6375
5354
5765
8626
8533
2235
4211
7901
9939
526
4101
7597
2783
9151
773
3452
1056
9963
4549
4612
7237
5842
6493
9034
826
5694
1100
1233
3914
3178
8416
3693
4158
5745
7504
3333
1955
8053
8406
1940
6921
9416
5498
7612
9719
6122
4106
3031
892
7407
9334
3915
8641
3980
1287
57
9483
9550
7744
1107
2972
5368
8412
7720
8905
