4386
1907
5285
6117
830
8371
3785
706
9649
9799
6687
6815
4232
9100
2022
5270
7511
8184
7406
9850
8146
5494
9213
2124
9702
6252
7723
697
4386
9369
6769
863
4069
7195
2937
2000
3605
4157
3681
9776
697
9709
5858
4121
1012
2187
7848
2078
3951
1005
7357
3756
5505
2863
3494
4747
1245
6072
5865
196
8088
2408
9417
6782
8902
1902
592
7025
6369
1110
9385
8715
6708
6000
2631
2512
3530
5931
2853
4076
5358
879
2298
868
206
9755
488
4107
3665
8243
7954
6208
2882
5627
5944
9109
137
4865
672
9978
8964
8580
9427
7272
2679
8435
9025
4810
5485
5441
8097
3445
9529
4692
1369
6584
1534
7260
2711
46
9751
6545
9338
4672
4692
4549
1376
5224
7297
1800
3852
385
677
8826
6835
5642
6820
6892
7044
9257
5873
4271
3282
2380
7588
1134
6143
9466
5092
3800
9862
6072
2305
8613
485
7032
1712
8506
2694
8876
228
8983
9848
2392
837
381
5294
8854
6832
4173
2084
6659
6811
8668
458
2582
435
3410
9311
2608
3044
6210
7962
6494
9684
9972
3351
876
4028
2222
9757
1029
2628
9489
4808
6229
442
2448
3256
4815
1039
3195
3877
7146
7758
3705
269
214
6522
2580
4540
3469
739
7502
6663
8948
9124
4290
4309
3696
668
4805
6026
9798
8774
9100
9969
7419
3896
1351
3365
4074
6597
234
3404
980
5263
6940
785
9921
332
3368
8380
3332
3428
1105
6304
8733
629
3315
9361
1592
8498
4452
9137
3059
6319
6522
1509
989
7041
7206
904
538
934
653
2620
1555
2881
7736
4392
7834
9487
9665
8994
4427
9499
9886
3962
5838
5002
6554
4033
3928
3029
8670
7749
6498
9569
3407
730
6961
3692
9809
1078
1204
5
6234
1913
1629
2024
5857
9990
3766
4182
6276
2355
7477
3677
3545
313
1066
3385
3468
5544
8341
1174
344
2715
8916
4257
8561
5427
826
6554
285
3554
1308
856
5795
7799
8100
7449
1147
5953
4152
3620
4821
7025
4214
2270
3494
1712
2966
9989
814
8842
7105
395
9316
1814
8399
2787
5586
3476
1788
3009
3709
2194
2260
7345
4717
6458
1774
5560
8955
2027
4181
190
9400
2754
9377
4736
6106
7684
2101
6337
2497
5739
7633
2504
5096
700
5735
9210
8503
1137
5867
9877
1142
1095
7587
1942
588
214
1214
6407
2868
6600
673
8745
6673
488
1452
5417
9800
921
5180
2354
8236
1552
3257
5728
744
7279
8687
7388
3380
2750
6762
6553
1818
424
7179
5273
4915
800
632
7692
8731
78
1439
5511
35
1609
5466
4413
9557
4450
4766
3549
3777
2139
7325
7799
8694
5139
1772
636
4285
4208
9007
1857
31
8551
6849
9855
7319
8266
927
5979
6914
2798
5396
9405
5507
8456
879
6735
8099
9556
6016
8564
5461
5746
7586
2
472
9470
8641
5501
9974
6873
509
6418
2297
3977
7016
5356
3084
6682
2057
3559
335
8127
3619
5551
9141
4330
6255
4259
9912
7219
1829
9308
7164
9704
1994
4004
1985
1073
5379
1621
178
4463
6568
4175
2858
8033
3172
4261
5078
3715
4089
1716
1670
7379
4928
3217
7773
9121
7950
3246
9095
6658
7730
505
3466
8417
1290
7073
8245
4771
6534
8406
3574
8485
4228
4956
9352
6548
6298
6363
4441
7817
9459
1399
5369
8975
2288
7719
478
5362
176
1011
7477
9158
5978
2639
611
6081
9223
2654
4489
1302
7469
9573
4534
6639
4325
766
1526
9590
8702
149
2808
3888
4859
4755
9006
8487
9271
2020
3373
9090
2729
7223
9268
67
3186
6338
986
3517
3315
2159
2128
3615
2972
6390
1429
6129
3183
9368
9048
43
1699
1926
7080
1133
2565
5148
8344
3982
3688
6206
7822
996
2797
6237
4906
5004
7982
1781
5396
8791
6804
230
3118
6658
9608
6877
6553
1824
9046
9823
7907
9446
9534
1026
6669
210
453
6151
9035
6601
3048
6519
9285
2524
9968
8521
1691
4246
417
1438
1557
3717
300
4874
4440
9794
3381
6558
292
8382
1934
4502
7786
907
4322
6412
1275
4469
7807
5240
9468
6555
5418
389
8630
4014
5190
8656
1593
6037
9535
7823
1329
9673
5441
236
7344
3540
1958
573
7739
2641
940
5634
9665
8208
8996
1114
8566
2233
6167
4017
2814
7066
2115
7498
7732
9550
7523
7829
6810
652
3629
2830
6875
2953
149
9538
7788
6219
6927
7214
8738
7260
354
3862
4525
4807
9383
5358
9681
8706
6913
3833
4821
71
4854
2251
9428
9393
1323
5613
9905
6096
6895
8301
2856
249
3182
5375
7856
476
8597
5781
1308
6515
6069
2278
6864
9045
2656
2125
7217
692
3889
8865
6213
7177
5672
2285
8922
4521
2851
8123
1443
1028
5944
1009
6604
8251
158
6392
5662
4171
12
4789
6622
7818
9737
6935
6496
9245
8435
5868
2106
6339
1819
7439
7315
3186
365
2018
5898
7948
6493
7219
578
1085
4605
3471
1627
1636
9947
7808
7196
8428
3639
1796
9116
9030
626
3772
1505
7716
723
5533
7440
8772
7059
4326
5394
9591
1992
2255
6455
7069
7710
3386
3140
7839
1281
1737
8152
8681
5112
6428
9341
5474
9723
1812
9226
2441
4293
2025
5957
3710
3572
2517
1190
2730
7789
9515
1398
5931
5197
231
9142
9264
8299
2356
6189
3982
8249
4564
2537
4445
136
2207
8486
2818
2971
5451
7484
9961
2468
4995
5954
814
2987
7512
3169
8872
9245
7025
6020
3939
1409
3952
5531
3129
7430
3651
1951
2909
9864
499
1824
5235
7233
8077
9370
6271
3612
3899
3125
6857
1780
9054
8668
1417
7020
2281
2645
2852
4744
2077
2191
5907
5928
6973
3002
941
5956
4637
2832
9937
9059
6348
818
4162
6278
9723
1405
1070
4897
9033
411
3869
2618
6364
8773
4787
6698
5742
3974
8401
6336
2770
7035
6655
1173
9233
4775
2414
3786
134
259
2509
7341
7074
4306
795
2459
7516
3347
3731
9567
1305
1216
713
7768
8676
7875
5743
4329
2266
1816
724
7610
1060
2013
794
7356
3874
4037
3218
8634
1185
4604
278
8491
7208
1798
1923
2515
7333
3681
7409
5465
5471
1816
4305
7684
2935
3209
7890
7918
8880
8958
127
4235
8248
3463
6169
2962
8210
7081
9372
9738
2098
8128
2288
9408
9108
2000
8175
6804
9881
1113
6237
1060
1391
9465
953
7152
6091
9211
9327
6733
6454
7501
7032
5829
3409
8639
1775
9947
7991
2423
2752
4700
8526
6162
3087
8305
5416
7925
2673
6433
6332
786
1275
2820
5372
9637
6230
2370
8196
7550
7388
2041
2478
9689
738
8285
2692
2009
913
9562
3107
7859
8834
9542
8280
9558
1478
6401
2970
5385
975
2574
7747
3421
6383
1547
2940
8353
5035
3884
7396
4613
443
7111
4317
3174
5921
6472
6964
1767
5171
196
4699
3761
1894
8234
484
8081
7257
3317
3612
351
3164
8959
6337
64
6652
6112
3090
7185
9340
5476
1346
6388
1440
8858
3928
1335
9369
3736
9509
1087
4584
6908
195
7700
7041
9902
7463
5062
6942
4209
99
1469
3452
200
523
7998
1222
7893
4913
7801
717
3372
6975
7279
8513
2279
7633
4385
8910
7331
4780
1332
4037
1783
7855
5441
6054
1044
9556
1241
4775
2360
675
8725
9236
8829
2772
8603
6899
5327
5582
9068
2306
2346
9265
3611
3663
6657
8317
3768
5284
9691
1661
9194
7726
6232
3715
4204
8168
3666
4432
7038
25
6223
624
6332
9542
9922
2048
7339
6149
5649
7182
1248
4751
385
1212
2827
4065
781
9023
864
3504
102
2378
8502
678
4932
2754
3928
205
7355
5678
8602
3079
3801
6142
6
1992
9851
3636
7427
8608
5663
3955
2487
6041
9172
8323
83
8601
2766
3437
5469
2692
7750
4169
7707
1170
2526
5986
1067
5288
98
5075
528
1606
5130
3297
4806
1852
8156
868
2950
618
2542
1106
5237
8962
7865
410
8776
7020
1593
602
338
2582
3409
1998
1229
7366
331
5414
4711
9022
6701
6722
6820
7274
8327
6604
81
9608
8953
1522
2953
965
4594
2255
9568
7056
8083
8165
5756
814
7714
2874
9156
2137
5082
3084
1889
6741
2031
2209
4433
609
4047
6863
9466
2534
8452
7285
6731
1567
7350
3300
4958
2901
8286
206
5322
6294
3014
2441
3062
1170
9148
8928
4215
8481
1460
727
5306
7028
317
5464
1405
1559
6796
4495
5255
671
756
6542
1704
2630
8920
2206
7595
7776
1719
2723
6841
3496
566
7242
9991
413
1115
2833
6575
9843
6645
8996
6460
6167
3465
2400
7454
1906
6152
7669
6558
6857
4044
4877
3868
6559
5121
8243
4532
1288
8000
4449
7342
6827
6038
7435
8869
6994
212
7234
4175
3265
3488
6710
795
8497
4616
907
2122
6856
5542
8006
4947
9767
175
4660
6986
6656
4614
5783
1163
2305
8590
62
9392
5729
7084
8288
8323
9382
1307
1653
541
2689
4681
5937
2076
1719
9230
8958
7523
9052
5724
9829
8651
1374
2866
504
6087
8523
1339
3007
8022
656
9380
1805
7042
6592
9003
4190
9557
2557
4387
9503
6027
3686
2339
4378
322
7260
3358
6477
9454
5858
317
342
7561
8370
2633
7485
7159
6758
7541
5198
584
1129
2151
8385
8519
7851
9623
6616
9071
1642
9536
2916
3310
1268
1812
6724
5425
7894
5629
5836
2654
3215
8189
2542
2897
7046
3606
8919
3886
2916
5446
8056
2149
1856
9707
4351
5060
8118
3700
4802
8966
9907
6455
9928
825
6111
9391
8964
5566
9703
2750
6575
1369
3429
8032
3760
9831
2639
2160
7530
3248
3753
3891
7442
4066
3496
6386
6492
6765
9157
3126
9313
4637
2137
3996
6783
7746
2091
2360
3677
7531
1171
485
4281
6897
7914
2490
6944
4896
9424
6329
6986
9920
6154
6305
5615
5378
6454
2131
3418
949
124
6785
200
4521
7795
4114
7053
555
3180
7667
8964
78
3919
5448
5456
6667
209
1775
9331
5279
2447
6229
5066
4947
2329
6338
2964
3465
4302
7584
286
1986
4767
7977
6172
9116
7779
430
6821
1161
8823
916
8492
4731
4335
4248
8422
5835
8286
8595
9389
3976
9182
7977
8144
9693
8188
3100
3524
4924
5235
3565
3052
1878
8131
8658
