8179
2161
2911
2074
6664
4443
6998
9996
6727
3794
4645
5058
5774
4998
8065
5590
9839
8039
8109
7193
6371
277
1657
7232
7019
1076
1529
8953
2798
956
2717
2635
1412
892
4914
6779
4093
9374
3540
9291
1039
8294
5790
7725
6843
7316
3712
9845
2475
7049
235
3452
6378
7877
9485
7057
1999
7679
2404
4634
6632
719
9168
2792
287
1733
9513
5656
3515
9020
6873
3910
1606
1705
2200
7852
7958
4845
4803
137
6299
2250
7240
8028
532
1347
4401
751
7230
4235
8282
449
5850
1375
9473
4796
4361
848
8777
421
4070
9897
5786
4577
5953
7807
1448
2212
420
9414
3150
8037
2403
1728
4696
8862
4757
4432
5962
7904
6313
2621
6945
2179
5751
9266
3923
330
149
6754
4837
5477
9778
2393
7673
6688
4882
9837
3074
8937
8519
9939
9318
847
9032
1566
1486
1782
8721
6147
6045
454
4774
104
6875
1027
2101
4571
6829
3288
5191
6718
2306
8541
2179
5807
5740
3975
6000
5382
9913
3758
2836
8744
7278
6218
7997
6409
6287
3014
2347
8990
2541
6167
3753
1536
6764
6582
8822
7469
16
1865
6804
4104
5972
5904
4349
4273
4838
3594
6492
2271
226
9864
5023
6793
1338
4473
8455
2820
1055
7941
9209
6950
9902
2550
9029
58
250
5376
5264
4125
5745
1969
864
4149
4782
9314
7299
6753
5627
7038
4044
8474
2449
4010
2124
3993
3262
8562
2569
1043
8193
6277
9565
4031
3508
3862
286
5993
1478
132
2277
1486
3557
1059
5277
6343
3813
8441
4235
2387
3727
2341
7956
7469
9673
2729
1567
5709
2478
5480
8535
5226
1898
8090
1229
797
6163
5869
4073
1553
5095
22
5978
8134
4767
2485
2546
4180
8877
5078
8007
3693
3671
3188
3927
316
7823
1144
2043
3529
6606
9791
6438
9214
4125
9769
6427
1572
1376
1918
393
214
5039
6331
3028
6775
9010
3770
2544
3392
1817
6336
5484
7681
6773
2015
3513
617
4375
2700
5878
2113
5890
6731
6874
2562
271
7302
956
4119
1342
8525
4066
9069
7075
8055
1957
2790
4789
2694
2509
5789
5742
7929
8894
2261
4879
6234
2655
3242
9828
7032
2818
5832
9839
2128
645
7658
7460
8564
4869
3499
9008
6877
5129
8553
951
7501
4002
9831
297
8269
2653
1473
8240
1861
1249
7722
8840
2234
2300
3346
8091
8753
6261
1492
6824
9074
9341
715
5503
7384
6392
2180
7676
5604
6705
3390
8862
6769
8223
8766
7315
2211
7346
5823
3586
569
8745
6215
1924
7905
676
3749
5711
9786
8065
7191
5889
7765
1574
5624
5750
389
905
6213
901
1349
6511
1856
9341
5048
8015
3678
2680
6252
3571
1212
3881
2744
8186
3727
7143
6597
9548
4248
5686
8968
1340
1734
574
2093
1043
8981
5434
95
2334
7412
7232
1428
4886
7076
8952
7862
2728
1213
9162
1708
2225
7963
4584
87
7736
5333
5861
9592
6712
3998
8226
8975
8168
1252
6835
7646
3784
7974
8978
2540
6890
1843
4431
9829
107
5821
2242
9710
1613
9677
9343
2183
6834
1104
2629
2218
3639
9438
8435
9071
5994
7595
5159
8498
4362
9895
2981
9164
2778
3088
1952
8573
4513
4199
1240
2588
2929
9216
3280
5957
177
6082
4426
8529
4986
5295
6226
1572
1082
7038
6132
6895
9032
3284
9530
8229
2806
6785
7222
4811
7276
3670
2249
9577
8326
7540
7549
2733
3948
4719
8837
4590
5226
9298
1455
5182
4459
7436
8195
7273
6567
9977
2507
1162
3606
2155
7887
3037
7472
823
1964
8143
1122
1020
3664
8721
9903
3629
8724
2028
3713
9072
9638
5214
7706
6543
5475
5922
332
2044
8157
9118
768
9762
4046
4950
6583
3126
1418
526
619
6220
8282
5948
7681
694
9514
5708
3358
5688
912
397
243
3334
9735
7225
6134
9646
8328
9249
8526
530
6484
5943
9259
5246
3089
8229
7759
9849
3422
3211
4189
4934
9028
3782
1181
7865
9611
3404
5384
6455
3206
8500
8486
1718
1932
4145
9586
179
4980
480
7639
1619
2652
9511
7370
6401
2726
205
9379
4214
8336
2489
9913
3479
3070
8322
5352
9064
8086
2549
3170
7726
1864
6229
2463
1571
9576
797
3154
2466
4841
5217
7211
4594
6984
1027
7378
3311
4930
8481
198
35
6147
8923
914
3124
5324
7410
7673
2520
8352
1068
9070
9667
6667
1524
3122
801
8176
1343
7434
3583
7789
7785
9676
2867
573
5870
903
4908
9706
9460
8749
3315
8492
7029
3790
7041
9811
4091
1841
283
6893
7796
4241
8073
4868
8885
7938
5508
423
8971
7774
3245
8835
1853
8897
9434
5886
5548
9853
9275
2881
4764
331
6347
6367
1917
5823
2722
5797
5762
4918
5303
2560
4466
5247
4931
9974
2669
691
6001
9410
9414
6738
8673
7488
3439
4939
6299
9072
1395
7176
1809
5050
5228
1316
1102
7759
5828
6330
8650
6968
5417
9051
9471
5518
5754
7867
6118
2725
894
4057
2074
9717
6100
5258
4879
3062
9636
3680
5787
8487
1956
9804
7778
5387
9032
13
5504
5138
5601
5843
7054
6255
3429
1509
2840
2635
9343
1179
8742
1365
7741
7657
1270
7636
9832
3481
4522
1035
1473
4548
8525
6679
7542
460
33
9432
243
8361
8181
8137
1910
4958
98
9358
3307
2951
6644
7930
534
9650
3734
3290
5358
9047
5446
4674
9414
9365
4008
8049
1800
6602
1558
4131
2107
7198
6404
7155
8659
8429
4209
5419
4839
1839
5802
8394
4333
4006
6553
6768
386
227
9979
7753
1782
1926
1280
195
8563
608
91
2558
8959
998
7592
1872
8647
8020
9661
418
1947
684
2041
1594
8537
2090
8218
5989
8193
5493
7019
6993
5703
4484
6394
8996
5463
9994
4487
3821
115
7983
4616
9525
9112
5437
6265
8545
8287
660
8113
4471
5439
4234
4256
1435
8543
4707
4629
7749
4233
8840
316
3680
4442
7767
9188
5985
2135
855
7967
2242
1929
6471
3282
4410
3545
4994
1948
3643
166
4608
404
5080
6931
