8635
3134
4704
5297
7314
2432
314
2860
3056
8652
2206
1809
8480
1347
7954
139
7482
6190
5714
9703
1382
2899
3028
3968
6203
2323
4406
6147
5401
7649
8871
865
2351
1133
4078
4370
3674
7598
3483
4502
1371
575
4968
4118
6484
6224
4732
5418
3183
1565
4428
564
10
1435
7742
1098
7682
1919
2171
4945
4795
1289
4832
36
4266
3709
4306
6276
3696
5554
9931
2778
531
467
1221
5479
9034
2996
9810
6092
9732
9711
5110
1350
406
5483
6946
2033
384
1166
845
7837
9018
5785
1840
4142
4128
9874
9071
2061
2359
4703
9215
4316
651
5582
1721
7879
5255
8049
6393
1078
2991
9463
1571
4607
3325
5910
5427
3880
6007
6068
3087
3674
4921
7702
603
5425
9125
9807
9720
8447
7171
9465
2443
4705
358
1346
5974
1546
6013
2670
7029
7931
355
330
9959
7972
4244
1361
1206
9939
1308
311
1221
4315
3245
4370
7909
4449
6428
1065
9427
6320
8233
6357
754
8780
5914
7316
4177
1155
9971
8908
3913
2528
5235
2588
8422
3289
9774
2590
5663
6728
8867
7417
9859
9142
7897
1156
5521
7139
7963
1668
8468
4995
5581
5686
3561
7266
7257
7480
8623
5048
5259
7345
8122
4200
9525
5297
820
3378
7807
5219
4465
7448
7455
9120
6077
1854
8946
6109
2564
4410
7716
4852
8925
5179
353
8928
5796
6999
920
7425
9107
7772
2953
5984
8780
856
8315
413
6053
8403
8748
836
4769
9018
7478
557
1799
439
1274
6803
5921
6347
3980
1644
6995
8670
5947
3607
5862
5614
1627
1397
6736
3875
8881
4813
210
4019
3418
3059
6030
5297
3049
5571
4850
8111
1547
5463
8197
3893
8584
3481
7773
4506
1304
2402
3771
8495
6639
4672
6244
9947
887
2694
5388
2065
1000
4205
6193
2094
2791
2360
8434
6782
776
7974
2026
894
6481
3585
3244
5756
1293
867
5740
650
1146
9816
920
386
6192
670
9410
1603
6030
4649
3451
9930
6738
4387
5037
2604
9700
3024
7060
4399
8431
8000
2875
1769
1262
6206
5871
5344
8975
3589
9218
7136
9415
755
254
1051
1106
7365
8947
4346
6244
8721
8623
4434
5089
4291
9993
3602
9558
4783
7898
1129
6850
4357
1753
276
8292
4035
1394
1205
6562
9188
5618
1023
7299
6998
1841
7773
5866
7913
3420
3251
9055
7764
3950
3789
6924
8641
2122
403
4737
7993
6552
6126
8244
3914
8089
9844
6152
6708
3545
3215
2377
5811
913
8076
3570
3863
3301
7518
2699
6015
1808
5683
3794
2628
7722
1583
3556
2658
9572
9604
3400
8033
4928
3
7849
4866
6303
8204
4590
196
9656
3250
4536
199
6562
9546
6407
5832
1295
8305
2393
2794
597
4029
5521
4886
7449
9452
5423
6889
4714
9497
1729
1276
1031
8701
3894
209
4767
7905
187
4889
4212
850
6468
8466
7914
7901
7768
5614
8657
90
3401
9487
9052
3910
5935
9374
4046
7544
2673
1290
2161
9397
9343
798
1794
9534
1230
4028
1724
7671
7905
5221
959
4755
672
3530
3581
9931
792
4668
3857
6973
4575
9264
1436
9553
2977
3663
8205
3527
6668
5098
2060
1852
7989
7306
3476
4076
5990
9845
3083
5489
5076
5389
1759
9433
5376
6402
4526
6086
698
9992
5970
8910
4429
7571
4695
5587
3644
1823
2522
7501
6247
2172
7793
3763
6265
9814
6049
9689
6737
6514
6223
1731
3162
1205
4679
6536
8489
2111
5762
8018
612
484
3864
2993
522
1595
4978
3295
5618
7120
2970
6398
8531
2132
3537
7550
3949
9636
557
7771
1923
1447
2974
5891
54
9920
8011
2292
7967
5028
7069
5188
7096
4981
5495
586
3335
141
4096
1402
1176
7943
9904
1583
726
4390
8947
8656
486
9673
7756
4292
4913
5974
8601
6866
7451
7827
9071
2530
7844
7061
3490
6831
3451
7295
339
7550
9466
8044
3991
6855
5314
7255
2879
5938
6596
5959
3689
6622
4968
3369
675
1642
718
2645
791
5110
3375
9603
4199
4580
7855
8774
262
9480
8129
1846
305
4095
6614
2748
5608
1899
1684
4454
6765
9564
6624
2282
3688
7083
263
1655
7508
1824
174
55
3002
4675
8804
17
3672
8575
4113
6204
6701
7955
94
9133
4595
7730
576
1905
8490
8442
1810
5094
9085
5905
4622
6307
6292
3692
6759
2281
4789
1897
2438
1505
391
7116
1216
2676
8756
7511
7168
8714
7226
4611
4582
9914
2111
2059
1339
7600
4895
1415
224
1388
8532
6486
850
3415
6192
964
2140
8065
1833
779
1962
3766
7409
2598
7781
3951
6257
2113
991
7140
9458
300
5933
8399
3336
8798
1996
8891
1804
4022
8417
572
8356
9725
5106
5401
8513
7992
778
8484
8164
2745
3917
4394
8909
7316
6408
2181
4386
8111
6627
4734
1337
5347
1767
1328
9762
9296
3238
3689
1108
8332
5659
6617
3762
6476
911
7613
9002
1195
917
5589
2218
5127
8691
3617
9279
1899
2669
1947
7067
1031
9615
285
9906
1420
455
659
6322
5491
6077
4475
8620
8573
5793
2649
1347
8821
2511
8791
448
8882
8768
8666
9376
4473
8224
175
9674
5999
6456
2788
385
7979
5592
388
1698
7882
1827
362
1482
7804
2854
535
6680
7196
1846
3998
2538
5597
5
7708
4439
6736
5937
2405
2216
4194
9913
4569
5860
1154
7357
5702
2998
593
2369
1063
8557
8097
349
9418
9408
6928
8356
1328
7467
814
4863
1021
971
105
9302
5215
3810
4986
3626
9227
4696
7032
3986
4370
8862
6331
5040
2195
5056
4859
7614
3243
3174
3991
6826
3639
5191
6193
9100
5546
4379
7142
9600
7962
5626
7499
213
5796
2326
4740
7473
8768
179
1710
1150
591
5295
3356
6596
4896
1889
6815
9236
3827
3714
4077
2703
853
4034
6084
6497
4842
8697
9929
5261
9816
2492
7897
998
1007
2343
4240
232
5159
4461
3592
8433
9763
2121
7865
1727
4241
9983
2287
9606
5203
6389
9754
1934
4919
7975
2846
3591
530
5276
5834
4171
2540
99
6326
366
4053
6873
7813
4836
9590
3594
5754
9631
9778
3232
8391
8403
7658
4893
6161
2489
8575
3346
6943
3580
4051
9386
8417
147
6857
7030
5774
3595
3019
5477
8645
2145
3673
575
1205
25
9839
5630
6888
1373
2384
218
4474
5430
8478
9680
2983
1920
8332
5934
8707
3981
8907
9181
819
1433
6288
4923
4312
3620
5078
7620
5004
5649
928
7981
7733
2699
503
3645
8678
1903
5793
2233
3861
6554
7347
4346
9799
8511
4941
8684
8615
2101
2163
54
4918
7115
5837
9473
125
7353
4452
1254
3854
7781
2588
1465
3528
3662
3841
1740
8
9128
3002
1137
3324
7700
6059
5792
4916
5691
2406
3137
9682
120
6097
759
8240
9263
8243
3146
9920
7182
8839
9183
9982
5406
6483
4549
2770
9269
4019
2318
7938
1388
8462
4664
6677
3048
4843
7959
6066
5255
2492
5217
7702
9897
8935
9078
2564
2345
534
7930
3302
4182
2325
8449
2034
1234
8040
6037
9192
5526
2911
4583
920
8432
2226
9440
8289
6122
1126
4114
4628
4744
6210
5152
7319
8206
2875
5830
6917
9628
9210
4743
7571
9111
5840
625
6877
8212
3248
3951
7694
