2944
4764
4494
5795
6813
8368
1503
6815
7881
3956
5783
9820
1041
4052
3749
6347
9265
1296
4593
7657
815
8529
4550
9441
8692
8509
682
8751
696
5974
2571
7857
4361
1292
2007
8934
4919
67
3608
888
6672
6095
3594
373
7299
172
4778
8489
99
4922
717
3384
3322
3157
6123
2551
135
4546
6534
9146
2389
8470
5034
4888
938
1585
6803
6570
8505
7847
1078
3459
404
1183
6989
8490
4225
9413
6786
8482
3784
922
5990
2826
5894
1195
8863
432
8321
991
4108
4817
9801
7641
135
7692
4823
3262
7558
4500
8997
4080
1885
5844
6393
9881
131
7309
6863
8468
7887
1850
6515
6020
864
709
8168
7224
8614
1506
8231
550
208
3833
2711
1685
8947
6913
9349
6871
9283
8744
7888
6018
225
9759
1380
6128
6593
7666
7218
364
4663
7861
7160
1757
8702
3530
7282
1744
20
3744
4460
6221
7862
9813
9634
7116
2659
8747
5127
656
1903
6585
7038
6961
7431
8936
2057
1832
2699
6110
7483
4435
1917
2520
2828
1672
9317
4271
3897
2710
3070
7869
3509
4231
6033
5866
4464
6834
3836
6239
5201
7374
7790
1339
4851
3488
6833
4771
170
6357
4533
8324
8321
7115
2725
9157
6418
4969
2248
7960
8641
1216
2615
5503
5333
9993
5542
6603
9187
9805
6176
4751
7688
2148
1843
4179
1219
581
757
9717
9566
9804
7346
3433
9527
8665
3299
6001
7855
2261
5517
5464
4590
5152
6467
5961
8560
7814
312
1133
608
1344
4597
8720
1120
6022
6883
8869
1170
2930
1462
2944
5094
4607
1335
1953
2097
9777
4620
2161
3654
9679
5877
8020
3955
2683
5526
7054
2267
3618
2124
2243
3275
8670
4622
7047
4444
6088
4418
852
8228
4139
2328
2681
9816
245
9943
2735
2690
9639
5234
8695
4635
8587
4551
111
1622
8980
3428
2788
8585
7777
9750
5746
1816
8828
9519
2470
4448
6719
2483
8180
9052
1990
416
7300
2312
2479
6167
7208
4080
4702
7051
6473
3859
3789
9045
1198
186
1009
7281
8574
2815
8
4297
4125
3131
110
8508
9715
2304
4542
619
3402
7920
1717
7376
374
3096
6531
7867
4495
701
9979
9722
745
945
858
4916
2149
9138
5572
2514
3472
9904
857
826
7641
8936
6791
4474
8432
7409
6537
6510
8922
2482
765
1614
4353
5743
2340
2022
5592
5598
5378
723
8989
954
3845
9159
2407
20
4466
3274
1710
4656
5131
1581
4329
4387
2652
5579
5731
3303
1749
2591
615
1944
1554
8108
8347
750
4438
5165
3833
6120
8343
5786
6279
5313
6706
6243
7272
8546
1135
6124
284
8436
9199
1845
4626
6368
9826
9909
6462
7108
1525
2307
4102
5828
2072
3952
6278
7771
6622
996
7235
7485
7885
3267
9469
3659
6742
1180
2269
1761
782
4702
4078
4063
3083
5656
424
9490
5482
9547
5671
111
1741
2813
6442
4091
834
4125
2791
5050
9598
7822
2556
4978
5738
6979
3489
6651
8355
6181
6682
7573
7397
4020
7064
9094
9938
5895
7806
9999
75
8625
6912
9273
1537
9219
2376
9713
6150
2296
9539
2750
6013
9536
6632
4011
9968
1196
9849
2533
1407
8947
2546
3906
5174
3968
3726
4460
7608
1545
2456
5625
9896
4331
4751
8824
518
2311
8691
1690
4086
2675
8268
4443
9388
8174
4011
700
7347
1428
9399
6558
7998
2650
2553
236
6854
9639
1972
3381
2177
9312
6859
4165
9428
126
9351
1968
7871
8077
5840
7802
9111
9603
2536
5061
5041
8251
3767
3016
1961
1822
7985
7673
7746
3902
7188
7799
2808
3678
5454
1174
5346
5120
6523
7191
596
5564
8891
9956
7248
7882
2274
1429
5196
9133
5274
3490
6671
4572
7891
1509
4324
2926
10
1722
1249
1602
8071
423
7042
4504
6432
3314
2046
1871
3531
6003
3692
5627
2321
7512
862
1250
5086
847
7706
2804
3221
8915
2218
4389
6273
8837
394
7033
6902
4742
2975
8234
2293
5791
8534
5625
750
1822
4586
8815
7232
9197
9791
2062
8044
3984
2860
6729
6072
5275
8582
5436
735
2638
1750
8569
5973
4286
1085
1985
2296
5345
7054
5692
6611
7333
3961
5413
2412
9901
8792
5316
4141
585
6611
3289
8480
7073
5694
770
6931
7999
418
9449
1403
1878
5560
7117
6964
9794
737
2572
4134
3677
6852
4490
1684
9371
6703
7968
4046
8420
2222
947
8503
9675
9498
6448
5025
6879
1176
6450
7059
829
2082
5087
3756
9040
3347
4645
1458
1095
1628
9564
8883
5825
1204
6568
6301
8183
5468
6206
6841
7125
720
7136
1249
8855
1273
583
2530
7117
879
4796
6829
4570
1340
1763
7240
1087
7260
68
4994
5647
5536
4455
2675
5598
5250
7836
6929
2795
2723
628
15
3111
2448
3263
7856
2193
4627
4803
6073
3823
6630
3253
2645
3659
3602
7064
3346
8151
2373
6383
8408
8511
8658
896
8218
8250
7123
3480
85
6284
2873
7605
7061
4011
4868
6323
2583
6476
5950
1222
9945
6762
5889
4865
6542
5986
4041
2417
8894
9421
8324
1962
9801
2315
2630
3723
9436
3336
6394
192
8268
9390
114
2404
9759
5752
1887
5729
2683
7389
9004
9110
2454
1969
869
132
6620
2180
9477
2644
8815
7317
8381
3560
1033
8679
8080
7389
5661
4909
7563
3866
6699
3813
8866
8087
3426
6783
309
5453
5343
1705
978
4886
4020
8760
6052
8641
8373
4661
2682
7700
7563
8129
1426
9214
7739
7510
8755
8328
8961
8284
4362
7975
5637
2421
6588
9138
6288
6054
4699
7658
8
5426
9332
1434
2839
4228
4997
5132
6026
2633
4699
3846
5557
4599
569
4607
7652
5870
7237
1330
1836
6714
7212
4606
4319
2658
934
2855
2927
8288
6004
5437
8842
653
6422
2326
4659
8680
2825
875
9249
3075
7693
6876
481
8475
3717
5681
6903
6466
5000
9710
8178
1930
3508
3457
477
5104
1170
6299
1713
2994
5892
5273
2696
286
9387
4543
1196
7497
710
9472
9870
5913
404
4780
1859
4192
7946
118
985
4901
288
4208
7303
128
9862
3493
9714
6178
5701
1939
1852
1855
384
6724
6982
8745
6184
9623
7126
7706
5102
3392
1252
1534
5076
2584
7775
5242
1501
1554
5581
205
5875
2860
1119
9937
1079
2574
1282
1406
4802
3442
4418
6892
10
1007
6569
7698
3105
2500
3829
5440
5304
7630
5928
2485
6864
150
8393
8014
7569
7130
3816
1276
979
2294
6382
6768
8250
6079
9250
2822
7695
4636
4761
7132
5624
2225
3541
2397
5738
7817
8190
9054
4965
575
5758
9411
1198
8505
933
9263
1226
3170
7965
5799
7541
131
9960
4562
755
7165
8182
7888
1054
501
1731
4291
6270
2892
2909
318
8710
1226
7203
6776
7339
1879
8584
3741
7264
9254
6727
114
988
5278
9345
4130
781
6789
8242
4858
3046
4251
3393
7950
7396
9441
4502
7654
9054
341
246
1352
6171
6283
3049
835
2573
5769
3901
4741
2971
6047
1491
986
3276
9137
6311
8353
9519
7714
4270
4205
1560
15
1128
4565
3141
6773
8100
5512
4606
4735
4691
3825
5515
4561
5860
3538
5231
2314
2047
6032
6162
5481
7933
3867
797
3024
2324
1848
6190
3933
657
653
2764
3146
7774
2793
2772
6659
2067
4733
8305
9712
7400
7595
1035
6894
5065
3353
8326
1294
786
1874
4475
2889
4970
234
2900
9262
236
4843
6624
3978
5759
1297
518
9859
5480
3038
9159
801
406
2298
9804
4633
7259
7579
8926
1240
314
6589
1221
504
4475
207
3336
9314
4812
4426
4307
96
6642
7774
5047
3325
6573
1722
6331
7084
3161
2696
9024
9218
7488
8739
9138
417
141
9638
5866
5569
9100
5554
4992
2077
7774
59
2606
9736
5848
5248
416
5210
9754
1573
5208
1419
2061
7326
7981
1898
4726
5531
932
362
4311
1659
311
618
6389
8894
4481
7247
5844
6651
8012
8641
9374
3818
5825
1535
7730
2335
974
7311
8281
9411
2950
1750
3333
3841
227
7232
9170
2490
8422
8045
9758
1158
527
4201
6421
2184
5912
6502
9428
9676
1691
2087
2031
1167
8228
3387
5215
4267
3970
3956
1939
6190
2327
5876
1415
7014
9278
7332
2354
379
4716
1344
2345
5336
4191
5457
1729
9160
6563
1912
2210
9753
99
6772
3430
8832
9949
3457
4081
8745
7902
7309
5675
2312
3165
488
3768
1505
4772
5847
7945
7376
6344
2005
8604
4054
1609
5607
6846
6834
1125
9050
6656
4935
8792
2492
7127
95
6350
723
3917
4508
9672
1214
2950
6966
2045
9366
157
7047
7400
7456
8284
7359
3631
4146
8427
7364
8820
9663
4799
9001
3316
2081
6980
8330
7644
130
8789
2961
5180
1959
2296
1673
2740
666
2599
9341
8506
5554
4552
299
3086
3873
3343
7418
2933
9562
1641
7605
4945
9564
7193
5459
4770
9328
9344
7652
9125
1675
9813
7019
6394
5488
1092
1107
5364
6709
8403
2991
5482
304
4639
4785
9178
4207
5269
2294
1133
4385
7772
3469
3254
9875
3312
6226
1652
3691
8010
4844
3270
74
826
4607
7982
2482
5959
8574
4654
1157
4941
849
4959
6837
869
2878
6369
4301
898
7543
5549
6891
2567
6785
8934
2456
3719
7196
1181
7974
5460
4867
3764
1701
2441
5970
5146
5857
8195
623
3397
3900
6282
1623
7998
8979
3245
6934
5206
544
9851
6913
7975
6524
5006
3156
4213
3694
7474
2803
467
6821
356
9167
1409
5006
1429
6952
7507
6706
462
6185
4462
4638
8125
4004
8907
1920
1181
5867
3870
1596
6132
2920
368
553
6485
4378
5607
8826
4790
6349
8904
9916
3933
1828
595
25
6979
5269
2365
4807
8538
3569
9867
8961
1835
7806
8362
6895
2024
5603
5131
2820
5184
5280
1147
996
6832
9176
5809
3536
3303
4636
9233
9088
4226
517
5038
2187
358
3789
8556
2902
701
1274
1074
3431
4759
6552
9870
2580
9137
7666
2691
8637
931
781
4894
5539
1684
3137
2166
1571
6136
2149
6626
7619
2521
6486
7332
6024
6547
1571
7443
5986
3961
3384
7462
2324
550
8757
5052
4068
286
8811
9401
7579
4627
6418
9963
1417
6563
4138
1819
3288
8046
4012
4798
2523
8309
3819
8731
8724
2110
5437
3559
7199
9684
6896
9804
5134
5771
1611
4152
7601
7458
9874
4050
9857
8145
3973
9495
5178
9618
614
8706
3987
6188
9429
1787
8075
1194
3274
3670
7234
2202
2125
492
7665
6193
6325
983
6663
8395
2396
5366
2897
9825
5532
9089
1156
7331
9736
342
826
8485
9913
4529
3047
8967
6612
987
1495
4011
772
8985
6967
9227
6393
8310
3052
2515
3084
1579
1539
698
557
4810
6630
8014
572
1386
1768
7085
1905
1740
2894
8384
4904
6172
1913
1266
3724
99
9764
5470
3199
713
406
7110
9699
8936
2197
7232
