1110
2803
6639
8738
9354
1232
7163
6399
1998
2471
3913
8255
1019
2055
3077
662
4144
7850
6619
7493
258
6948
102
5327
4147
4437
6661
2713
2605
558
2620
7195
8220
1056
7045
9891
1525
5856
848
345
1159
7014
942
5356
4525
3349
7366
763
188
7125
803
6289
1007
5628
2586
4055
7869
1787
1163
9981
8276
2308
99
2244
7924
9865
4012
4802
4250
9040
8882
3224
6711
9268
194
1633
4925
7733
7201
5536
5686
974
966
4108
4016
2279
9061
6584
3401
2705
2569
4603
4547
6799
4365
4878
4003
8612
2104
2675
6668
4999
4899
1379
5619
8995
7495
8864
8975
4299
8216
4809
1648
1578
5448
60
7833
1785
9145
1381
6026
8778
9011
1685
1342
1249
8110
1550
2606
6883
4941
6810
5520
7254
1111
8700
6144
1800
4387
7246
6776
3723
5791
3817
4991
1981
1341
7731
476
2487
5179
4627
7910
3195
4397
5408
6058
8640
9929
3655
8279
9419
367
2283
8233
1331
5507
7447
3168
374
4729
2511
7340
7050
2331
1605
6663
9675
3433
9767
7151
803
7582
5093
511
9993
5740
1776
1450
6976
4691
3198
5123
7311
9507
171
5243
8529
5227
3465
8760
851
845
6119
3246
7371
2592
224
4860
4392
1601
6507
806
4212
6359
8928
8555
4037
2562
4538
6226
5187
1104
8279
6646
4325
5307
5116
6075
3556
8066
6933
347
5393
2659
1419
2818
7170
642
335
7858
2055
2248
4162
4532
4395
6106
8055
7244
6966
3045
8800
1367
4671
9939
613
9796
7455
9437
515
6284
7841
2862
3056
6015
4357
6239
7469
8557
9508
3108
3141
1117
7533
2658
9762
1405
2526
3643
9551
5367
8446
9544
519
6317
4631
6753
3692
4993
8274
4204
5028
5587
1163
2464
9918
4711
6579
2629
6947
5794
3923
6763
5895
225
1662
2099
9278
9814
4592
909
2971
16
7171
8014
3684
3606
1296
7150
8385
3040
274
7420
483
7667
9910
5727
50
7094
5582
3386
767
7733
6182
5098
1976
8114
9902
6911
5226
7042
8853
1429
3376
9899
7863
9646
7961
3481
941
3709
4712
5335
4162
1217
1925
1168
950
9245
4705
1426
2028
992
5974
5179
8270
3830
9949
2835
4320
3978
1097
6582
8882
6502
3121
4732
8142
2745
5803
6823
6786
8291
1876
8249
2936
3936
5532
7087
240
5407
1582
909
2207
6797
6701
5351
2113
5395
841
9482
5321
2777
6209
5589
7786
501
5699
519
9646
8596
3663
9030
8755
6820
1898
9865
3014
2316
1261
5203
5287
2088
7277
1613
2652
1124
150
9038
3665
3188
3585
9833
8589
2287
5493
531
4369
2246
9417
2800
4281
6756
3607
4074
4405
7683
6781
6300
8801
4872
8893
4465
591
3117
4132
6308
6327
90
2007
9667
1541
8574
2201
9109
1776
9055
7945
5685
6827
8188
1928
7547
4868
1484
8105
6677
4602
2613
2113
3207
6956
3818
5278
7820
5869
7682
8836
3479
1283
817
6050
2347
2366
8453
1140
6675
5462
2959
9073
1710
2029
2620
4852
5435
915
1264
2504
9278
5657
9294
7852
2268
9501
9109
7446
3576
3732
3210
2052
2250
5365
5246
2253
5897
3506
2893
614
9253
8450
4931
2945
8835
9626
4154
3712
3894
6890
532
9735
8982
7267
2929
5407
1936
2166
4558
6215
9578
3800
9082
597
5185
4450
6934
3547
6609
7924
3321
7380
2816
5449
4269
7293
5655
8102
8409
2432
3342
220
1532
3660
4595
9630
4003
289
6807
6044
6199
2023
2837
4381
2870
7822
5248
2955
7260
3903
3112
872
3485
914
9560
7327
8866
5513
9711
8358
9678
4217
7560
1791
4860
1929
8361
7181
7703
916
3125
9075
7189
2072
3054
8824
2817
3152
5098
4247
9220
6847
4033
4259
3807
9507
849
1048
8535
777
8269
172
7853
9567
6488
3461
4729
4660
9530
4324
8722
2988
8334
8127
4013
3344
8760
7548
7440
9570
549
728
4274
9870
2048
7432
6481
6475
6190
2055
6783
5281
6424
7967
681
8917
3155
8899
7381
1808
765
2264
3128
9214
1221
1731
7586
9761
2759
7581
8663
7686
2836
3700
6778
1039
3562
8219
3288
3456
5477
7410
2046
4309
4321
4976
4119
3360
3851
9676
4230
3649
131
2411
3725
5405
2592
1652
9064
8737
4912
2240
3833
4096
5866
6557
5937
8808
179
7809
375
6515
1720
5835
1016
7193
4542
8485
8827
8099
6212
3861
9087
1722
8514
900
2612
1934
177
646
1619
5523
5846
8311
1275
7157
7692
1399
9113
8604
7693
3996
2099
2186
2589
1223
5889
4978
5907
4417
7464
2227
420
5155
3764
4641
5454
612
1698
4389
3950
8925
5975
9771
846
681
1201
7161
7087
3576
9832
7087
7694
4626
8320
6185
1494
7641
3837
2274
1891
1096
6371
7587
190
7352
474
4489
3098
545
7706
4053
4857
5868
3673
7068
1963
2695
1790
1103
1509
5042
8081
1429
3978
9399
5217
292
2889
3207
5809
286
2770
8846
8992
9368
534
3000
8947
9846
346
110
7842
8402
1255
3400
572
9980
178
7495
4407
3739
5715
5658
8952
5314
4404
1053
5915
3805
3592
7347
1072
4026
1557
3224
5442
1317
4367
1849
357
5756
5235
9823
9947
4385
3228
8006
659
414
8614
9675
6688
8642
5277
3300
8049
8202
1904
8442
4625
7627
1848
3282
9453
7179
9887
5849
5582
3503
2239
6317
1491
3967
6440
4104
6156
4294
6492
3591
7524
9734
9451
3450
6524
136
4519
2852
9952
9425
7539
1681
3433
1024
3357
3767
2846
7379
2292
7238
8360
233
7256
281
4657
6467
3149
6126
9959
8884
8651
1234
6002
6552
7302
69
5808
9696
3829
9421
8730
8251
4336
1207
8821
9392
9627
3128
4407
8327
8665
3457
9123
6872
559
7713
5267
1180
3111
8164
8657
6048
7869
5993
4322
5783
5338
114
6831
6063
4090
1380
6098
7148
4124
9599
2729
1872
9654
7959
7146
5020
514
3840
1444
336
9032
7337
7853
6238
8105
8719
3821
1069
9302
8034
1830
6457
7067
3972
3038
5224
6972
3981
3515
4408
8922
6493
9707
7123
8385
3177
3612
7572
9057
1702
1374
6852
7335
5252
9635
9373
4888
545
3488
5264
6650
5279
1684
5249
2622
9071
5137
2224
3965
8204
6395
6451
3310
853
4940
5566
6754
3090
7922
53
2524
3416
7158
7864
9472
1815
3594
4813
7207
7216
2238
9852
524
9428
1134
4179
3399
3544
7916
2970
3299
3013
4133
7729
3245
9851
275
7765
379
8758
4287
2497
823
4009
3264
4017
4551
134
8149
6242
3291
719
1370
790
2066
9991
8410
1459
7688
162
7010
9627
2768
7307
6718
6534
5978
5236
978
219
8770
9560
471
510
3877
3949
3392
3763
9504
8821
9863
8208
7111
9219
4137
5441
5134
8842
5435
8133
6295
9537
1784
4118
5849
8931
4456
2182
7114
9827
6974
133
1561
797
2462
6286
2874
6920
3337
7345
9519
3527
9238
5356
8767
1519
3775
2786
3621
9154
9029
7997
3864
7114
8161
8992
1154
7025
761
8917
3488
685
9291
6518
4181
5753
2184
8295
3291
7023
5536
1632
23
4754
5878
9288
2296
7911
6719
9932
3004
2275
5117
9664
1006
9551
8515
9916
7744
5081
3332
8488
4944
5109
6508
402
3387
8256
7370
2124
1771
6964
9816
4099
4622
3368
5801
3129
1653
6783
2958
1476
533
7905
9653
6368
2141
6662
559
6479
2020
6398
284
3089
2751
4127
3590
7727
7629
6870
1638
7408
5727
1086
3126
8478
6214
5102
5429
195
9658
5980
1824
4094
6021
9519
8915
7106
9674
1795
1548
9213
8725
7542
2920
6981
3521
6239
844
2158
944
654
3218
8633
5722
3966
878
7799
4324
8423
412
3067
8636
6145
5608
1277
8560
2274
2858
922
1048
8712
8636
6681
678
5139
4249
4825
8568
9465
8787
3430
8967
1021
225
1066
832
6570
5508
5439
7245
2073
1140
291
5903
7874
4155
5189
5721
7918
8782
2524
3084
1515
3732
5143
859
7849
3348
5039
7146
7298
7727
1000
6584
7863
9047
3398
8422
7973
299
5341
4035
5158
7680
1857
5541
2739
3757
5835
5862
4887
3475
8349
6489
5519
3575
172
3239
1806
2638
5420
4171
253
7844
2299
3238
5424
5768
803
4191
8275
3943
3059
1467
4211
6804
5815
7605
3657
6769
3827
9258
1761
3901
9359
4947
7529
1594
9900
2304
9332
6521
3653
9934
3087
3861
5472
1636
7979
9625
7524
2176
7097
6846
6789
7049
9972
9396
9082
8320
759
8492
3984
9768
6031
7185
3479
6143
8139
4049
5626
1320
193
2011
1020
8087
6794
8583
4830
3304
3373
4220
5421
8540
8666
1810
3832
2529
5852
8053
1407
8540
9441
9234
5367
7910
2454
5617
1930
64
475
4303
9595
6597
5303
1655
4791
8187
8036
2653
791
100
826
8887
7330
1799
1674
2696
7023
8886
2352
601
552
2253
8508
5398
251
9046
9418
8131
8842
4779
2029
3273
8242
9545
4730
3857
1784
4749
6048
3308
9823
4478
1318
9565
8263
1302
7485
8531
2959
2750
2213
6518
4427
2517
4011
4941
3184
285
6911
5034
1260
3139
5635
9763
4500
1081
8160
1854
3445
5457
8867
168
1595
4888
6709
2658
1552
6732
8520
2760
9244
652
6236
4671
9835
6523
6018
4555
9932
5200
4136
154
1349
476
1667
6976
3684
5721
5995
5616
9392
1292
8800
9204
4351
3447
9546
1930
2577
8574
4174
5243
5417
7411
3372
440
2763
6176
9189
9331
4608
897
2379
3415
2759
7819
4896
7158
5735
6125
7520
525
8703
9457
3563
101
9262
8751
4442
8505
4046
2303
5971
4927
9258
3304
520
5797
3409
1594
7225
9690
3187
9269
7642
9062
6376
6227
687
3222
8336
5577
3347
9912
1685
3637
5848
4367
2060
132
5545
8371
5083
1779
6604
553
4884
5360
1187
9835
3679
6349
3825
787
1415
591
8409
7961
4810
5577
4098
3111
36
1728
8440
2485
197
2587
3020
8853
7422
4234
2875
9341
9164
5423
7259
9453
8107
6493
5762
1308
4027
203
4817
3652
1936
2245
5070
150
3571
816
1023
3963
8710
8408
5906
7400
9285
8760
7946
5436
3208
4916
3811
6458
4101
5238
7079
3438
6290
2420
5097
7038
8984
6443
446
4334
4883
4250
9867
4032
2742
1037
2234
6054
8267
5859
1366
6789
3832
3375
2790
5976
2045
4536
3447
7806
1690
7677
9137
5489
5470
4649
1115
5972
7690
5614
6939
7496
371
6402
5813
5947
870
1299
5813
1277
5286
9991
5256
7824
7474
8004
7460
1804
4658
9497
1033
3229
4943
8295
3839
7178
9266
8416
9918
50
3812
4810
4716
4356
5413
5744
4368
9099
6537
4566
2502
8676
2012
8294
4892
7774
6406
2476
201
3773
5946
2586
2589
4395
6744
6489
8020
9596
9523
4941
9204
7084
7884
3491
8453
1431
5437
233
4656
2852
7666
9226
368
751
8337
7350
4469
9282
7338
5770
8248
3311
922
3232
4073
6013
5274
5654
644
9612
2516
6867
8066
5846
2677
4716
1211
5524
1166
9218
2521
6795
1220
1189
5095
8705
2968
5369
7529
7952
7633
8643
6982
1333
2581
2784
7055
9205
3431
2738
4083
5038
3114
600
283
5061
8979
6569
4881
3025
9164
9853
2878
6114
3349
9672
8656
6703
6294
8900
5466
4620
5007
3705
7381
4388
2336
5820
9685
6041
4212
9442
4694
9717
6392
191
7285
7307
8314
9935
7403
8287
4092
8703
2724
9039
856
5001
9134
3181
3246
1051
2285
6282
5768
9251
2795
7840
5086
6489
8141
2700
4677
7401
48
6582
851
7051
8130
5886
7694
3761
5486
9029
8274
6572
4863
1941
417
5499
7045
222
9748
1042
6213
4414
1792
1219
3195
7228
5092
5467
5259
4610
7631
8667
1686
628
7198
3105
2935
6593
5907
2083
7612
8917
2161
9336
4050
8264
8996
7203
9162
6471
7405
3516
3912
6541
9563
2685
7802
4781
950
8294
597
2927
6356
989
7226
6213
9806
4358
6840
1640
3725
7594
2683
2708
1038
8359
1971
652
9429
5508
1663
8924
5293
3775
728
8841
6189
549
4250
4103
5014
6094
9421
8519
1786
6754
2722
3450
9831
5068
9305
5655
9168
9801
8815
1285
4508
1501
164
8662
6264
5043
4315
8256
8231
8990
714
3768
8426
9744
4369
5549
3819
7798
5976
9055
6243
1071
9649
8810
3964
1528
4893
4771
2224
549
9658
2893
1408
1949
5434
7912
3937
5123
8559
4920
3104
9116
7282
3293
9494
7346
2851
3300
6583
3684
4602
889
2324
4583
6732
3047
2961
8206
8313
1438
7329
6961
5474
6032
2781
8461
1321
2936
2627
728
2993
7831
8827
5551
7267
3516
4437
558
6994
8656
6350
6891
663
9467
5778
6239
1942
630
8507
7138
8369
5038
1655
4322
8891
6785
1352
8831
9348
5113
6325
7175
4643
8290
4493
4889
5635
1258
2331
5672
5828
5028
8534
2606
5810
1000
5152
1738
9203
971
6206
7927
761
2806
8454
9211
9063
1461
2580
6793
8225
783
1400
3139
7500
3917
8329
4207
5348
2009
7037
2404
6652
7269
6544
9698
3744
9828
977
988
807
8569
1501
5459
484
1018
9859
8928
3356
5424
6806
3773
9986
6078
8209
7248
9677
8636
6724
4021
6123
3519
8445
4056
831
5526
2946
2844
7733
9763
6315
9482
4535
245
8076
921
4152
8382
9200
8470
9181
7238
7569
1376
1387
5707
1444
8563
3244
5378
9474
3711
2940
8031
5920
6565
3487
7900
7824
6158
4981
298
9536
2327
9189
4114
8241
1612
3799
4278
1970
5552
1470
1834
8186
9798
1426
2920
4453
6160
6332
4020
2390
3809
6954
5564
6698
4209
9746
331
7133
9085
7220
9500
9286
4776
1192
5653
4029
9346
4006
839
2653
4946
8548
6160
3685
6707
1274
1675
1240
3289
8849
1909
2484
5215
6170
5853
3904
1615
9340
1767
7326
2029
3685
8124
4512
3776
9585
6322
1111
9517
9816
4596
4662
1121
5522
206
1813
7723
7638
9975
1745
9013
352
4346
5105
7981
6880
3203
5748
1476
1407
7379
5494
5186
3021
4880
3025
4131
1286
5756
3536
9714
3379
8320
8975
8049
6892
6982
3182
5474
9483
3520
1029
6165
9884
9287
8113
1615
5552
3539
8939
6691
8609
4356
378
639
3920
331
6895
1094
7322
169
1167
9813
7609
2305
4941
2980
9382
460
4005
2012
877
5130
8086
9503
1497
4831
5303
9544
670
850
1514
8208
7781
5741
3229
7786
7394
9121
5549
5804
8497
2298
8069
4442
4239
9611
6949
3745
9525
5301
7966
6284
2607
2713
5049
5719
4443
1880
6055
4974
4205
1218
9747
1072
2607
3203
1556
6486
614
4487
9231
3514
8400
534
3465
1397
2409
6160
2569
6233
7820
5477
8924
8488
6406
177
9538
6207
1879
5795
454
7379
9138
5321
4620
5094
8372
2442
5426
838
4961
6623
3001
67
2186
6751
8237
666
3402
213
911
6482
352
9968
5460
7714
2407
535
8342
9134
5056
7015
6168
9452
8753
9450
6823
215
4951
1990
6524
687
8471
5919
5551
3995
947
2378
469
1165
3352
3983
1625
1056
2387
5721
3545
7424
4611
1134
7895
6005
6970
2422
8096
94
3614
5945
6858
6358
4716
3834
3542
102
5196
3818
452
7687
7135
3306
7238
6321
6549
6513
1421
1077
4971
5797
5520
2324
6081
138
683
250
2442
5668
6947
8795
2076
2971
4487
4456
8680
5546
8435
1821
5316
3956
8574
4170
4883
1956
2851
1020
8486
3167
4749
2808
9851
6536
7324
7667
6596
2303
5604
7601
4819
7319
6116
7960
4145
6530
9636
5616
5662
1532
6311
5849
5810
6337
2800
7561
8546
3724
641
6320
5982
3677
6719
1866
9160
9093
4610
8065
8271
2481
2504
9421
9241
417
5736
137
4143
9940
3716
1330
5234
9426
8887
9550
8235
7317
4174
1831
5200
5173
4724
5795
2451
3151
7350
5761
5316
1761
9941
5202
4471
1124
1609
2306
640
2103
6658
3185
4971
1892
1322
5603
1800
5617
2519
8240
4355
741
92
1480
898
9316
9903
8567
8359
6233
9813
1009
3797
1247
7114
9530
5856
7517
8893
7924
1949
2540
9975
5078
7528
3862
6012
7990
693
1324
9802
7283
4286
5827
1342
6753
746
5213
3431
9377
6959
9632
2850
5852
719
6501
900
7213
2429
415
9046
2904
2451
4485
7290
7323
2668
8814
5629
7743
812
2392
213
6443
735
9861
249
7237
4767
7619
6671
3717
6031
502
816
7577
4228
6085
9576
6591
1780
61
4506
2354
2822
9094
176
851
3721
8304
7120
9811
225
4233
9851
7627
3867
3038
2127
7305
3794
8123
3084
6215
4890
2385
1427
7177
7882
803
41
7059
4263
4093
1964
4501
7483
8034
1325
1476
2500
6288
9963
8166
3720
9410
8464
2185
5094
6354
6213
6160
6569
4441
4481
3147
5654
8756
3966
5922
7012
3524
2076
9359
731
3747
4927
6261
932
9006
2052
5920
5873
3347
6369
6522
5206
2392
7210
