9760
6164
3081
2208
487
6897
7960
9596
709
7596
1624
4650
8913
3641
1120
2709
9717
7948
8732
588
6429
5156
3212
543
8283
2436
9432
902
3419
7409
5614
7185
7838
6551
9594
1434
6101
7255
7441
839
4268
8299
3129
411
1744
1243
568
5340
7870
4903
9464
7903
3802
8276
9348
9039
4905
4996
2418
8397
8219
8142
3501
1010
7688
1004
8733
7647
5606
5939
7125
4501
4532
8030
4506
7361
4663
9635
3563
2031
7774
7063
2384
1903
2563
1661
1699
2725
4545
6873
2069
5434
6253
1475
3055
1456
8882
5463
6167
3587
1485
4730
7755
7371
4098
7975
4669
2622
5640
5446
1002
1395
4472
7742
6472
16
3197
3378
7964
6821
7432
2807
8278
2481
3156
1798
5674
2930
6672
9372
2219
2187
7054
7870
9621
9597
9976
9722
8423
9336
8618
1369
3900
3659
1311
4833
2453
6295
9899
5927
2836
1185
9090
9858
1543
2167
3604
8218
7663
4346
1510
5710
5213
5977
8446
3781
2392
3790
1307
381
237
7218
8558
112
2211
5483
2057
5284
2233
6294
5666
1233
7359
432
9411
5517
7774
398
2834
1283
8005
6140
88
787
3345
7746
3985
4194
6696
8899
2223
4674
7474
3343
1178
9341
4340
8393
8136
4715
3194
8962
405
9379
6240
404
9295
189
4398
3339
8209
4438
6062
989
3242
1965
6907
2507
7241
5370
4568
9343
744
9486
7481
2661
4578
2406
2098
758
833
7769
91
4272
1752
5873
9660
1905
6250
4790
3131
9490
2662
6630
7295
2641
3488
6913
7967
6374
188
8496
4365
1495
4457
9157
1432
2375
6360
3694
4450
5289
7800
7251
9920
434
3248
9007
1271
9852
1208
5420
2985
6551
4660
1415
6091
4683
4957
9026
530
9336
1918
408
1834
14
5064
4987
4851
1465
7250
7881
3064
7364
49
8461
3581
2398
3584
1026
1508
3321
3356
7747
3708
7039
5455
4509
8487
3903
2023
9782
4503
2230
1922
8086
2948
6121
9704
9011
172
5966
8436
5708
423
2395
8544
4203
5910
9926
3085
5053
8040
9131
5372
3870
2169
2460
1916
541
5655
1699
2080
7263
7314
1378
828
6047
1951
3020
1964
6707
8825
2908
9873
937
7733
3219
8697
7697
5216
3311
5850
4884
583
1863
186
7138
3634
1523
5822
2842
5390
1960
5261
802
6759
4482
4753
342
1166
2185
7097
4781
9932
134
2318
1959
7267
3807
5280
3458
2125
8670
1019
412
148
2000
44
1203
1533
9737
9562
2440
1666
9716
9251
1666
9610
5240
4404
47
4262
583
1380
8837
1115
192
1261
8215
3704
180
8888
5139
7939
870
1333
8744
1844
5787
2500
7973
9405
9392
4643
4556
4068
9771
5492
4453
9567
2874
505
1583
5739
632
2847
1537
8745
5518
9189
8575
8006
3174
4711
2280
2293
8746
7419
7308
4683
635
7895
5211
1206
9998
9437
3481
9771
1760
8741
2765
1099
7547
3029
4296
3873
4496
5487
1571
3946
4980
4199
4530
8401
8408
8256
8485
3031
2544
3714
9948
2236
7653
7289
5866
6636
9093
5149
7667
2681
7784
3418
6415
3440
7982
9579
6993
2715
436
7384
432
8051
3606
6953
2628
399
6222
5142
8637
1741
3642
5645
9469
428
8780
3758
566
6708
2699
6422
8606
8770
3750
7895
4799
1428
521
2048
3835
9309
5240
5022
8108
7318
5432
1279
6202
9298
7997
3390
5653
7035
4622
7632
1410
6046
3877
4154
2787
7728
8722
3821
8159
3996
5183
1935
4497
138
6718
8775
3211
7133
9535
2613
2107
889
8590
7692
8214
7150
1497
3420
4385
4310
9855
3040
7919
6983
4995
5041
8133
8486
6480
2837
5081
4873
6615
4776
2104
2710
1315
6869
310
2173
2958
6513
3521
3406
7164
9636
702
1401
9765
5012
9781
6897
6432
4256
4617
9547
4379
1111
2639
7609
1880
9234
4592
1517
5569
7300
3177
4684
4411
5437
2784
4290
6664
8309
4657
9931
8118
8043
1558
677
4710
6570
4773
7472
1975
4597
6739
1150
465
2111
5190
8589
6829
2809
9849
4286
129
5673
4520
1521
8474
8979
1883
271
9346
6775
8176
7411
8513
3207
9921
2134
3167
7698
3364
6951
6423
2226
1793
3715
4903
5087
9774
4166
789
5598
5510
1118
3676
7433
4473
4519
4020
8044
1277
4873
3295
2009
4274
1963
2383
1321
2434
674
8597
9616
8039
250
6116
4011
4327
4223
2180
5129
6571
136
3715
5795
8749
241
6037
682
8304
1684
1196
7339
6745
8148
5860
6561
186
7429
3317
5639
9872
5115
6203
7816
4130
3997
2802
8693
8970
5157
5658
9554
2752
9464
3034
1662
3170
3580
993
3966
5248
9691
3560
6645
3555
5347
9060
5345
5038
8679
4935
5940
2044
7061
5446
9037
5801
9220
3173
1876
1933
6554
6222
5311
9411
3112
1072
6419
5703
9171
9124
5738
1598
1744
6811
3517
256
2987
2836
2286
7952
771
1657
9781
252
6854
8809
1429
4527
2468
6849
4794
9028
5250
51
5906
9142
8350
3800
5141
1826
2522
7953
1554
3550
4775
4441
6215
6371
319
1863
2236
2325
8399
2656
4893
9907
5727
4185
4306
826
16
6777
8557
4852
6673
9117
7232
8814
2957
8150
5224
103
500
3917
2858
5283
1461
7270
3960
288
8725
8706
559
785
2014
7166
7009
4213
4247
9993
6762
2252
6860
5379
2161
7536
5594
8801
9261
3934
4201
7134
7089
6936
9702
6907
5269
5859
2652
6246
7155
1867
8399
9720
2459
2535
4228
1097
6003
7207
2352
5678
9391
9242
9740
274
569
1020
4018
2947
2861
6316
886
5283
6691
1467
3700
6768
1161
8512
978
205
4252
3481
1073
5406
7268
9628
3846
9587
3946
8796
9327
4940
4870
5207
9540
5883
9273
9372
4380
9558
8963
1578
5705
11
8146
5267
4769
6015
5385
6191
138
4063
6696
6589
6385
808
3422
9268
8406
8977
8631
7272
2680
7990
8947
6489
297
6368
7974
2149
6237
8527
6501
1837
9716
7065
3699
4068
3554
3436
5288
9492
7384
6432
3211
4171
3456
5769
8396
6803
586
6616
913
6528
5054
1136
2986
1026
5005
806
7091
2746
1913
5537
9862
2568
1725
9073
3802
9571
7802
2285
4828
6115
752
1444
6760
5864
6949
4421
148
7581
2293
4538
8457
8038
998
9855
9759
2295
4390
8753
9876
1439
8339
2337
7945
6673
4247
8183
1833
7059
9039
7460
3783
143
6646
7296
1667
711
6562
2641
936
309
6267
2877
6821
4033
3651
5543
3366
8443
1399
869
878
3176
5152
1554
5443
9066
2614
4623
2455
1336
9122
3637
7550
6493
414
6038
7185
7340
60
3793
2525
5633
784
5379
7896
4354
9402
6827
9699
6564
7972
1702
6357
186
6276
585
3833
104
7966
9230
2021
9159
9466
1445
3797
9649
2813
3995
4741
4331
9751
8920
7416
2691
1864
8994
2151
1806
4223
2543
4809
8644
1057
3880
8475
6504
3170
7194
125
8847
548
7430
3449
114
5417
119
8752
7567
2982
6947
7171
841
7078
9691
7931
4415
5879
7581
8117
1322
4454
4809
7342
7120
6306
7168
9430
6374
1567
664
8036
5027
4314
2604
5846
479
2484
7264
4947
1754
13
1346
2448
4585
2430
3085
2155
8107
6962
8743
2023
2890
5618
4698
7924
2108
7500
816
3130
8345
4463
71
9618
1799
1718
8196
8721
9858
7726
7796
3186
5223
342
429
4927
4671
354
3299
9484
5689
6572
1958
5744
5728
152
3433
8160
3772
1761
3485
5866
4052
1301
9868
7547
5441
3451
2850
3533
7277
4748
934
3137
8378
9829
7990
1093
3680
6343
3760
5858
190
5161
2653
9236
4338
3163
7111
6583
3539
1447
1868
6298
8107
8822
5419
1395
8403
4845
650
2655
9126
6690
8138
1796
8311
7198
2722
3637
9055
7265
1641
5905
5422
6941
4880
7768
1203
880
1419
555
6934
2641
8767
7263
1859
9990
4903
1981
3089
752
7089
4730
192
5396
1925
4350
1442
3238
7382
3811
2800
5124
7073
988
6477
8508
2514
3631
551
3355
9062
5953
7833
5043
1643
4060
2846
936
228
6879
1697
3432
3785
6498
1136
6005
91
8197
5918
4752
276
1988
3319
3523
397
649
2606
1514
9177
2654
531
7151
4479
9277
8112
7394
613
3750
2466
7745
663
7644
8533
8105
823
6556
5288
8537
3519
4891
1952
1696
4418
8379
1913
2995
6688
9002
790
6492
7624
600
4681
529
7496
4834
4127
1584
6095
9040
1347
437
1012
87
2994
568
416
6395
6606
8550
1286
2549
7324
1770
4402
9261
3993
1735
5743
8181
873
5188
3139
4369
2640
373
6149
7878
3049
2435
3087
3182
8339
3959
5214
8853
5020
5176
2902
1620
4118
6670
2995
4296
5414
7250
4602
3229
6971
7908
1101
5788
8555
3240
1118
5918
1081
2559
8587
2812
8051
9677
487
8645
8040
5564
4362
7995
3911
3949
302
7738
1170
4374
5578
1750
7457
2924
5084
7680
979
8302
2639
6692
2784
3115
4061
7202
378
9474
8461
8423
3089
1012
13
6664
2997
952
2155
6539
3270
5227
4093
594
7528
6881
6513
1860
7331
7213
7902
5193
3430
3016
7385
3425
4651
4689
9924
3378
9478
162
4944
765
5847
1147
7204
8812
6079
446
8294
1946
2959
6150
533
3262
8155
5940
5145
3238
558
3447
9347
2028
1127
9335
3902
8087
9617
2447
7303
2433
5681
4789
5416
4000
3800
967
2959
1332
2248
8531
2014
7740
6228
1858
9276
6645
6608
8787
6665
5023
6791
688
1630
8286
6091
4335
9363
4746
3254
311
3738
5907
5472
5373
5352
8902
4794
8906
948
4068
4022
4234
3688
8901
2106
2292
4117
9224
7817
4289
9843
7013
9217
5643
9589
3826
3524
7491
9371
3342
3838
4047
2609
2269
5525
8270
69
2961
863
4473
5414
8641
9981
409
1847
3321
8372
4767
1491
653
1020
1619
6347
8667
6498
476
6939
5980
4440
9448
2234
5031
5756
5754
7744
5971
6662
6318
7314
6390
5499
3849
1208
1214
3439
2913
9344
7371
2487
4966
1244
3432
6541
6109
4774
8564
6220
9015
2835
6417
7594
3362
5989
8904
7062
2412
2155
4695
5271
3791
9827
5961
2404
9517
704
8976
2162
5993
5751
9297
2296
191
8658
9356
3662
1282
5431
1670
8180
2369
8115
1813
6207
8884
816
9335
6894
6393
3414
5807
4027
5621
9694
7566
9564
2793
3745
3098
2009
6611
1599
4141
9145
9134
3355
4189
6005
4423
5123
1763
6350
1308
4542
2730
7514
6835
3262
2934
7993
5557
9637
6527
85
118
5364
5673
3880
3217
3535
4464
8921
8628
5340
1781
3486
1205
3098
6032
1637
1968
3758
9792
3501
4286
4552
4423
9935
4755
4100
3307
8138
9908
8461
5066
5276
5251
6956
3389
8284
9897
286
471
8356
6879
9315
8379
317
633
3522
7448
5154
7488
6363
8210
8166
4106
8725
429
3890
1255
5157
4472
1271
411
4736
6436
6465
2915
3143
5648
9532
8774
5138
2707
4960
154
9384
6484
5080
9039
3721
1289
33
5036
8686
5003
6830
4692
9977
1746
2120
2196
8966
6802
2946
845
7699
2866
8058
3096
924
8532
8492
6427
1022
9350
6032
3126
6270
1124
5892
7498
450
2984
6597
8599
2796
6416
5878
5696
5480
4201
3
9310
7387
4205
1824
4525
9434
1591
8186
5079
6157
911
975
4267
9336
2230
9817
2730
8809
3727
7173
2494
9137
168
8370
6103
3561
181
5141
3555
7190
583
7146
4296
7510
4765
1028
417
6586
3607
2437
7748
7790
2899
4842
348
5187
9287
8414
6184
7966
9337
4879
1231
1626
6078
4989
8574
536
269
5646
1199
7399
4495
3550
8071
8430
3574
948
1405
2421
7095
9648
9618
2868
8645
353
6833
3171
4524
2803
2517
8161
8822
9749
6497
2609
2045
6200
1152
7086
6622
3556
7994
2767
3558
4357
3599
7989
1724
2722
1011
7553
8155
3214
8790
6162
1354
6663
6975
9836
1609
6268
4804
4901
4506
7436
7113
5498
7402
7961
8322
7742
4635
8332
7255
2562
6223
9170
7651
7695
7491
1539
9576
64
7157
4595
5460
1533
8852
2642
9640
2083
9427
3326
9674
2431
7961
5704
1577
3337
7672
436
6392
2669
9623
4362
2362
2676
1454
7113
4264
321
5438
4139
4289
5368
4171
1396
6111
5081
8008
5588
9570
7786
2221
1772
7403
9442
8518
4173
1895
6450
7339
5387
2214
1310
6456
8577
6679
7369
6616
6607
7122
4719
5139
5182
1505
8043
1
3043
2156
8265
7673
6978
3423
7766
4395
1178
6570
3043
6775
6414
9654
3241
4552
9124
6191
5974
1456
2486
2066
7861
9168
5335
5396
2508
7684
9711
4684
7999
5482
6583
1070
1057
8717
2464
8037
7275
9906
5197
4844
1733
446
4593
3226
1506
8642
9427
9768
6232
420
1134
4975
8524
219
4117
8643
6444
1815
2723
1782
5910
3562
1825
6570
2231
7175
7137
6103
1533
7254
6919
549
157
6288
2936
1687
2769
4045
1546
5572
681
7016
939
6419
9922
1756
8141
9618
7957
7022
3758
2979
4742
582
7558
1284
5212
2603
458
3241
1728
2713
5214
488
9343
7890
920
3633
4426
9870
4671
4488
8573
4592
6353
5057
9580
2216
8452
8854
3656
3438
7780
6920
6081
4929
7931
9408
2838
7788
3743
6144
5881
2689
4934
3019
6830
2358
2580
5293
5857
9385
6517
2808
566
4848
806
8749
8524
3969
1869
9043
3723
9643
2969
9863
7021
8416
4612
9969
4025
5423
4612
4814
3946
8082
1057
9263
5934
4641
130
13
9642
7985
1904
4552
7595
4252
4700
43
4743
7134
92
2941
8322
89
3728
8070
4685
5158
8995
3723
3112
1673
1165
8585
3192
3183
101
4043
9492
8855
9108
1511
1209
5546
9717
2795
8846
7448
2168
8367
9714
2720
1830
6615
5072
2076
734
8504
2932
9527
9246
6196
5464
7516
5949
4468
7688
8348
2885
5889
7204
2907
4191
9438
8179
4552
7239
6294
6915
5704
3118
2509
6303
1165
1405
6086
6314
5176
5255
8177
3320
536
8456
4222
4108
5229
6954
5635
76
6382
9974
2309
289
7171
4775
9654
9082
1792
8410
3228
3023
6815
1329
9802
7043
7497
9447
4845
2835
3856
4159
5461
6220
4604
5621
5118
8857
8992
1910
8458
985
4456
7531
3068
9615
5634
271
8580
5299
3814
4994
2130
2102
1939
5015
8297
5667
3639
1000
2065
224
5258
3657
7337
1732
1928
2458
8407
8355
3337
4213
7229
7076
9743
9624
6138
6675
9339
589
9546
739
4317
7892
4396
7003
