8041
3133
366
5302
5863
6943
8998
7247
1500
6402
8408
6896
6410
6498
3822
3802
3486
3597
2440
4089
6797
3610
8371
2510
1689
6019
360
6764
8815
3374
6879
7886
3041
8362
8751
6565
6363
3940
1219
4367
6548
4344
666
2482
4963
5797
9866
1385
6219
1449
1138
5589
1749
2364
2875
7013
7032
9337
6491
1104
5240
5815
6918
7151
9160
8518
1280
6104
8717
468
4675
485
560
3183
7914
9810
6159
6581
4136
7445
7586
503
6760
5529
1189
7420
1218
1395
5463
3313
854
7253
1629
1151
1128
3888
3139
9125
8072
8932
144
7236
4780
1347
4709
4938
6365
5300
1667
6005
539
5028
7686
5241
2798
6070
6689
525
8170
507
8519
7184
9933
4429
7891
3897
8361
1621
4485
6284
873
892
3322
6696
1201
6463
3094
4301
9958
8251
721
8667
3271
7112
3323
8181
743
3379
9005
4213
4728
4979
6222
2201
4646
2940
494
2923
2445
8066
3171
894
9591
4117
5773
4004
1398
7435
568
7388
2795
8860
9838
1289
4736
6567
3990
3966
6424
2625
8093
7190
369
7837
5343
9184
2227
6711
2514
4647
4952
1163
3888
1855
4904
7859
6031
8651
3471
2237
1694
8956
5997
8010
478
8948
6667
5603
2490
8329
4533
7399
2821
372
7416
9999
8911
4377
1705
8626
7011
5042
3583
1060
5728
2468
910
4761
8642
5890
9329
6168
7820
4240
3539
3498
6229
6544
3178
210
3788
2664
6433
2886
3017
1861
2177
9580
5553
8265
7355
256
8133
5087
948
6097
4776
5935
4685
2636
6891
589
4590
7935
8935
5612
1551
6144
5239
3568
4323
1382
5791
1457
2641
7925
4732
2428
8064
8183
9130
9171
2910
9814
5548
5844
45
2854
363
9351
4123
1551
2478
2640
5980
5128
7283
7637
2006
3151
2983
3306
1577
9445
6599
6392
345
1766
3380
2652
7369
4790
8333
3339
2934
9207
2139
6163
1757
3975
9646
557
7258
9126
2095
6687
3694
8326
226
3166
8124
2427
2987
8848
4768
1650
8153
3311
8300
4301
7379
1642
5025
8252
4558
7093
5894
3656
9496
5425
4584
3576
7604
7959
8814
7623
5426
3405
3960
9325
3242
8779
7796
7673
8949
9079
940
8272
9993
5740
5007
9935
6031
1737
5482
2109
9058
7366
7923
6892
6661
7970
9234
1374
9138
1448
2957
8291
8283
7807
9278
2464
7439
5856
9555
780
4699
1475
1825
2805
7657
1378
8726
1520
6010
4927
6298
7885
3644
2417
161
7160
1272
5385
3424
4395
3754
740
7721
5633
5278
1801
740
1829
8148
6402
6684
8777
2847
2983
4324
7124
255
565
7252
4979
329
6190
6468
9887
9856
923
9491
6783
307
1308
8020
7412
8707
7663
5654
7154
3166
1071
9791
735
877
1796
9284
660
326
552
3111
752
9023
4074
6702
7772
5920
4779
7004
6601
739
4902
4750
4550
2283
7725
7988
2845
1198
7614
6137
6685
6433
8100
4769
9794
9966
8058
7999
2416
2756
554
7200
5919
1404
2868
7351
4400
7331
9850
7206
8174
137
6552
3494
3424
2708
8385
3603
4667
5266
4020
3910
4948
1657
9390
5136
9970
9325
4169
416
9362
8269
1505
8626
5892
4362
839
373
6563
8102
255
7638
498
8372
7844
7886
4594
2866
2764
1189
2848
6912
6566
1169
2875
6956
3407
7775
563
4923
6771
4541
1949
1109
7569
1441
867
8622
7752
6090
488
957
7869
7985
6201
731
4159
1275
8863
9033
9841
4942
7217
9326
662
3037
2055
8316
4620
8146
7721
5598
8878
8455
774
2112
765
3777
784
5787
7737
2186
2436
2156
1434
6074
3303
1503
3387
6464
604
8669
1622
978
8211
7295
6906
255
747
4654
2728
2701
7752
1273
494
8133
5056
6002
9370
215
287
1797
1777
8154
6906
7238
280
1780
656
7190
8126
6563
6349
7170
6333
8950
6088
760
965
8075
684
710
2569
5205
148
8417
8517
8601
3967
2047
1500
741
7780
3393
1137
4974
3023
7409
4923
4933
5640
5268
636
230
6885
4171
554
1164
6230
4860
4396
2244
2958
4072
7329
7020
1
8457
4233
6904
2377
3418
7463
4737
7699
787
8446
1978
1734
2719
249
4321
1347
5755
9943
445
3992
8654
7379
3994
3711
5472
8466
7679
228
4632
5269
9544
8115
6134
2654
3013
4720
8841
4719
9662
5808
637
2429
1777
8484
1301
1092
7178
614
2818
4549
4029
8795
4541
5258
8547
1257
1239
3627
447
5314
2634
7864
6012
3471
7162
7686
2533
6248
4014
6071
8288
2303
3478
5682
2248
5884
1880
2177
7893
2243
234
7145
6442
6642
5918
8421
3499
9302
5685
2811
8921
2462
9281
512
2748
2311
428
1863
8172
5926
2494
5876
6299
9828
9551
9887
226
1731
6794
6804
7191
9487
2185
3176
5576
1840
1923
9734
151
124
9343
375
1889
4857
5811
2079
5196
8768
7598
9188
4893
8461
9054
554
8308
4707
5582
8538
2388
5260
1008
4481
8771
8958
4387
1412
2714
9610
4913
8785
7625
9742
2088
3105
5707
489
3363
8650
9873
1166
9156
9841
5725
5410
2624
1453
4237
5792
1590
5206
7714
5100
7166
9067
7245
8149
2299
5667
4117
4499
876
8764
9479
5647
7252
400
2186
1426
3204
5301
29
1622
2322
1523
3824
5288
2537
9440
1420
2879
2412
8503
7136
55
1096
6808
3657
678
6981
2985
3548
6832
5128
7737
451
3125
2296
6629
2691
2247
5739
308
70
1450
4573
1021
1673
996
7997
5496
3412
8277
1971
3538
7601
9696
8897
410
2171
966
5318
2152
5429
84
137
4957
3683
3875
2200
1734
1209
6621
6476
3610
4623
7983
809
4051
4653
1658
9903
8313
57
6996
2256
6282
490
1435
2591
7350
9879
5818
8705
1398
3393
68
2275
6156
5370
3228
8471
5766
7281
1143
9708
6892
6236
5306
9768
5449
6336
4605
8741
6263
3199
8209
454
4563
1742
2941
3701
6239
9538
9076
3530
5462
8663
2211
6233
3050
2589
2246
4521
9897
6959
5434
9149
622
4209
9229
1392
3044
5445
1650
9282
5430
7418
9920
1737
3729
4578
4554
9174
1883
3663
6713
9046
4556
8281
6182
1889
8058
3150
3124
6658
3140
6326
5033
1828
3652
3810
782
4245
935
4417
2796
1353
1881
2766
438
8446
2585
9338
7989
519
2044
1553
2414
7160
9181
1404
9424
4365
6066
386
4890
6983
8362
1291
1497
2580
2482
2979
4623
4954
2934
4344
8959
1072
1077
2400
6581
1144
6702
1321
4227
9869
9255
4846
6165
1381
348
3571
7222
2899
5860
8206
524
3532
4831
9938
1518
1667
251
4953
7990
7587
4342
7741
3633
5433
5982
9635
6930
5260
6596
8580
1207
4794
687
9770
3476
6736
2957
2803
9787
9253
6852
9189
9902
2452
7351
5614
8779
8532
1060
6487
4565
1397
5770
2293
1107
7369
5960
8955
9922
1485
576
2175
4358
2755
8602
3335
3006
1678
1061
2608
6820
7640
72
5787
5924
2963
1927
5413
7668
7866
2945
113
8754
8627
9078
7955
7164
3221
7078
1852
7111
9744
7733
7325
3411
524
6026
698
3878
1777
615
5053
6389
5136
7010
788
8354
2334
1666
1144
1358
9803
7126
1307
415
1506
6047
3965
8077
671
4141
5674
9399
8935
8567
675
6387
1609
308
5640
8706
5408
7895
8992
8449
3601
8280
3716
1660
5528
9212
1118
6333
1593
4150
377
2
7413
7399
2981
461
6396
5073
1081
5588
7417
6570
2917
6473
6766
7436
3156
3588
7692
2697
7402
109
4799
2011
6496
1510
5941
5770
1833
5060
9897
774
1151
3214
7952
4692
6895
3757
7823
550
9678
9572
1959
963
4950
1354
623
5046
7746
3826
1724
8018
1650
9052
4318
7474
6810
1748
554
6654
349
7687
6192
5626
6274
5238
3368
2425
2480
9108
8254
2464
252
3369
1223
5109
8331
2729
575
9845
6646
2015
4529
2756
5802
6946
4098
9248
5320
1658
9946
735
1984
5532
4672
7366
6468
3440
9921
315
6940
6404
3260
2098
6135
6905
2045
1492
2088
7467
5444
1966
6996
9151
305
3606
694
6420
2943
5800
1389
8300
4618
1806
7044
1828
1518
8926
9243
9759
1789
6733
6007
4881
3277
6321
3875
3767
3196
4133
9232
9764
7216
5493
4177
5413
7455
9961
3340
2614
104
5919
1037
206
509
4801
2765
8869
3822
5189
8730
5207
1346
5011
4644
5552
2068
3361
4916
3702
9944
3914
4232
8582
9849
510
5967
7607
1952
5315
5262
8299
5907
7657
3276
484
1895
1227
9697
7683
3
2160
2261
1243
308
9969
4888
1765
9366
6726
2110
7324
1622
1482
2884
4344
6689
9437
7876
7096
3687
4375
9824
1688
6514
6073
6783
5874
3485
7552
705
1521
6115
6867
1857
5137
1958
9196
4406
7955
7752
3171
6533
7676
8233
214
3015
9004
6717
3125
1587
7228
905
1257
7544
640
7370
7141
5080
8989
5299
8356
660
1892
9169
7810
6784
8556
732
8199
435
4638
9116
1518
1966
362
9941
9476
2438
2679
2113
5835
7280
3015
3033
3278
1336
4024
3615
5855
5709
2727
8507
3244
4268
8272
3648
9792
9272
1088
9099
182
4435
8075
775
3881
5084
8649
8431
7126
6533
5548
1937
2547
831
1245
5371
537
7860
9476
6470
5100
6017
581
3243
4059
942
4135
5862
5779
6012
1457
3686
8878
8474
1582
2109
2905
3187
6319
3850
419
8615
6175
1729
5281
420
5554
8404
8270
4338
7494
6464
5072
1048
2892
7367
5862
3230
1136
7957
1117
3504
5555
3297
7890
1387
7738
850
8017
6007
5359
6331
748
3713
645
37
1752
8020
1930
6263
401
7811
9109
9124
2510
6422
2510
8962
9023
3215
4189
3298
3971
136
1226
8753
5670
314
3444
8954
9447
4924
8829
2149
2199
9463
3522
6400
3853
2994
2825
3593
4231
7998
7171
1141
9675
9536
4656
7088
4268
9782
6466
3393
6360
5880
7162
1097
2542
4845
2911
7305
5725
5447
6685
7293
1239
3244
9753
4376
4004
2337
8051
5901
7011
4469
3108
9815
3003
344
1591
3558
5184
198
836
3479
9522
5892
8551
3518
9711
5462
800
9874
5432
5210
1235
134
208
1029
7327
5200
385
8567
6988
1143
3785
6477
4477
6638
9746
4116
8773
5671
2736
677
2967
7766
3523
7137
4949
6915
8556
7434
8826
5899
2300
7947
275
8804
5607
581
871
4603
984
599
6760
3980
766
4410
2562
6973
3476
8230
4080
9975
895
3141
9934
4290
3904
2690
5032
7421
8137
4412
2514
1510
4684
397
8785
7676
2879
5425
4374
5678
4636
8630
9835
1951
789
7535
5366
1993
6500
4724
2026
6987
4273
5562
9677
4833
813
5291
8037
6751
3114
4769
9531
9257
3805
9524
3841
8545
3292
8701
3775
5022
3714
8358
5705
2693
9842
5137
2413
1175
9384
402
233
3287
522
2025
8665
8214
573
6816
7486
6269
8932
2237
1818
38
819
100
1735
3623
19
4141
8679
3037
3678
8269
2119
4833
5673
8531
8589
1769
3858
4578
9008
6462
2031
950
5814
1236
7045
2533
1736
7404
2826
2803
242
9970
2786
1649
71
1475
2662
3284
9474
7520
7108
2734
3095
3575
4639
6475
6135
5060
4470
5209
8706
8244
498
1284
7319
1249
9065
206
327
8735
1281
4152
3992
9793
2878
1168
309
169
2875
1575
2627
6811
3655
8045
3662
4428
8055
6858
289
4188
2810
6428
2917
5085
1754
4969
4225
6351
5789
3168
2688
7418
3179
3248
6016
2855
7594
7092
7046
6076
9238
6233
7742
5410
828
3454
5152
4451
7605
8279
4831
6053
5056
1630
2940
3278
8040
3718
1719
2628
5
9181
4405
5522
3182
7278
2381
9160
1052
3504
9628
2720
6057
8415
8200
1864
7991
549
8978
8001
2958
3172
2212
2899
221
674
2810
7867
8658
3970
8462
2802
3940
8683
9499
9883
4317
2743
4979
4472
8038
4778
8620
7849
4954
1741
981
883
6604
9398
5430
8105
5861
950
4549
1754
4421
3711
3733
5286
5371
8847
1289
8142
4672
573
8503
2151
9037
3439
7079
1835
4140
5861
1898
7036
8604
518
6296
8662
1919
1398
1089
4224
9838
0
2709
7886
1372
9798
7168
5078
9815
7346
9005
1788
6747
6567
3355
7085
4080
3753
8829
9908
5588
2054
4779
1853
8212
4335
2757
9732
7267
6871
7608
7401
8381
2264
9097
4482
677
524
159
9100
2971
6894
9789
7216
5353
6749
9997
894
6380
3690
9944
73
5216
1727
7761
2687
2196
3292
2481
7026
8861
7615
8973
40
5095
4095
2181
1756
3286
4646
4726
8878
4746
2312
2158
9070
6448
8148
6831
8784
197
3670
1532
9532
5445
6774
9377
1670
1314
5009
9840
7925
9537
3377
6630
2129
2207
1468
1884
2142
4737
4198
2200
3152
2920
2612
2372
1706
4978
4510
886
7142
701
2000
8751
5891
6439
5054
5712
8358
1346
4161
7317
3647
2195
3154
7669
9386
3865
4161
5906
7885
42
690
9867
5444
1385
3253
9858
3879
3588
4641
8087
8565
7850
5773
8002
8544
8570
7738
7728
1060
8694
1904
677
1797
295
2308
8864
5956
4153
8883
5964
6349
2839
8989
7954
8065
322
960
9084
2907
1178
4640
9333
1408
7647
9841
5916
3432
1953
673
5271
5380
3428
5124
7459
9547
7104
4508
5786
5525
8948
3141
8606
1363
7930
8843
2577
6248
8502
8329
1335
4968
4776
463
3395
412
49
159
4622
5551
1922
9556
1575
4761
2527
6511
1140
1861
7539
4895
2230
5088
6141
3580
8651
8769
4456
3841
9036
7791
233
6531
3751
5828
321
5330
2103
9276
4258
8860
8943
2937
3583
7384
8230
2967
2460
8933
1451
7527
1460
3600
1082
2538
7945
4124
4503
2476
7045
833
8359
9178
784
3347
7455
9457
3115
4750
3156
5941
664
987
2448
9354
4077
6658
7686
8307
3725
2524
237
8468
4022
4019
9129
9750
8730
3048
9735
4711
2997
1393
5958
844
6445
9165
8355
5316
8936
5445
7933
2521
7463
5537
7320
4806
7439
8308
7293
7216
3784
6998
7246
7810
1263
620
614
4889
9542
6341
4655
424
3804
8195
9069
5289
9431
7492
5144
8945
9548
5549
3416
7263
5681
7474
8617
2993
8235
932
8173
5122
1137
2919
4032
4740
7201
5151
4743
5622
3680
9047
6978
8594
9181
9789
1713
3382
1999
7901
7394
2156
6861
3289
9912
8184
780
9330
327
2814
5907
2149
1852
2766
9546
8325
1578
8253
1585
4145
3679
7089
5181
1953
4245
5928
7069
5826
6548
9046
827
5372
5316
5593
3357
6813
9249
8874
8059
2964
6903
9651
6956
6619
5501
3703
713
642
478
9458
1987
1172
9090
2543
6608
3560
4395
3824
9920
3383
5323
2141
8846
5716
7731
2780
4017
9933
7958
2329
1939
7261
2925
9874
6073
1723
4803
8082
9793
1138
3904
8168
5594
7694
9187
2387
5277
8336
6329
8524
6953
5502
6090
5952
844
7274
5474
57
3437
7117
4445
4104
1750
6800
9068
4880
5104
711
1924
3826
8422
1147
6917
4529
3468
4194
8904
481
8664
2012
4978
1025
7166
2717
7253
3938
5721
4354
3830
4483
917
3458
3977
9179
1402
1186
9032
370
9075
2581
147
5291
7069
815
5713
9410
3675
3428
436
3310
5542
9521
2715
1940
5601
8550
145
1912
746
3983
7698
9392
1565
5774
9422
5175
147
1575
3590
8794
4647
1432
1732
2722
9353
2210
2279
5231
9596
7608
2459
4654
9130
2803
8919
3399
1319
2591
9376
4069
7746
5478
9435
610
904
6807
5216
3055
9923
1507
7482
9629
3872
532
7978
6475
4750
3321
876
2028
6162
3234
657
9476
9496
8421
5883
2271
2275
3899
6311
4446
8726
6971
8485
9519
8203
6080
8147
7831
9216
6825
3431
5647
4834
7757
2507
3112
5153
5464
4515
317
3971
1623
5978
3316
2564
5996
4634
5824
955
8334
5723
6694
8824
6385
8275
3945
9658
5613
299
2980
781
2606
6178
7956
6656
5735
4858
6144
3460
4163
3136
1765
1457
9786
9610
9954
9315
92
3577
8829
9617
8925
8270
5761
462
8685
1257
9541
3944
2306
9756
6873
4126
2693
4702
7855
5167
3366
5547
4036
6846
7213
3673
7738
5761
5246
277
2819
1464
1976
4220
9340
9946
9338
6166
8708
1307
8386
268
5479
2091
2468
8058
8203
4568
9203
1632
