6739
3871
5025
7726
3135
983
8776
7408
4056
1764
9553
756
9891
4496
5886
3176
3994
9477
8227
4703
7148
9391
893
9025
450
5708
3199
5646
3273
9712
3931
5907
6593
4422
9770
2469
1793
5600
2088
5531
6756
7887
9935
1048
4516
3246
1998
8325
7873
6569
2565
7469
9134
1275
9136
5538
2201
4485
4398
4638
9509
5418
8348
8804
1766
3319
3971
8100
4072
2528
2203
2173
108
6486
4602
6444
4271
3236
5470
1955
3001
2825
1282
758
1935
9728
8576
1902
4022
8906
8916
6576
4149
7309
4552
2632
7733
7014
3041
4223
8072
7003
1381
395
5827
1147
952
7333
4345
7382
3426
2710
8181
7177
3982
2203
5171
5329
5217
3704
9292
8321
6917
3225
5885
687
7154
771
9187
5784
7736
8424
4069
7092
1403
346
9917
8100
6683
5767
5444
1608
8558
8530
9417
909
5292
2003
6542
6067
2248
7364
7152
5837
5494
8284
1184
2322
9709
7849
3283
4016
1275
7558
4018
528
7807
9532
9919
548
5095
6021
5797
141
4550
5883
1770
2138
4322
1519
2532
7258
5399
6470
6997
4578
5691
8350
7076
7514
6191
1070
8329
690
1935
1707
6965
9523
7303
4327
5820
8656
6529
3171
7280
4250
2767
4997
2283
8691
9425
9014
6744
4010
9556
1202
7679
3205
3880
6450
5195
7725
7340
4678
9050
6467
3623
2667
8656
4448
5446
2893
1992
8763
3309
8934
9385
4355
1900
4549
4736
2972
6336
1737
4432
5095
8434
8332
8515
6169
2144
2941
2011
6269
7366
1269
7289
6374
6265
1468
2601
4429
64
6644
7384
9321
5551
4834
964
7340
2529
4925
8174
5225
9969
2575
1950
3140
4565
2424
2292
5122
5720
3570
3958
1760
2706
8000
1051
9103
646
4991
2626
3276
5081
8526
2144
4046
2106
5210
3460
2649
1122
8370
8201
4319
536
2106
5927
7990
9521
7482
3734
7765
5795
3014
7809
6903
2069
2345
2627
4610
4965
6234
7696
5042
9957
8081
4386
1919
7907
1203
2863
5469
579
8520
6643
5857
6731
2382
7488
5441
4570
9110
6318
9604
2198
6524
4192
7881
9474
8293
3301
212
8408
2593
5528
3027
8712
3327
5157
1694
4685
8352
3959
5053
3992
1411
1155
1587
3468
6256
4299
7384
6981
4289
896
2341
4021
697
1751
4361
7645
4792
2550
7688
3732
6967
3996
3938
3623
8478
3530
9490
8909
6806
2498
7421
358
472
9530
2490
1167
1123
8621
6385
6757
6125
6318
5980
2964
5057
5402
7514
746
2743
169
3346
8893
7025
8513
4565
8501
5777
7207
1004
3095
7032
1410
8608
3503
5561
8686
3977
4058
9036
8586
9902
9021
9055
2815
2155
7318
8167
6045
3137
5709
8836
7491
2871
118
4322
6378
4542
7590
4924
3247
9522
2574
3675
2236
412
6617
6123
3634
7604
2847
8655
7365
6116
5891
9963
4532
6728
4080
9279
6387
2770
1018
3476
9639
2650
1460
767
5213
7042
8510
6754
7943
1255
2936
3026
1556
8691
1751
1091
9355
3008
1826
2495
2740
1287
9531
9621
7667
5222
4533
7902
2562
8160
5030
9068
9705
6831
4026
1419
4717
8260
7297
729
8594
4575
9142
5810
6142
394
2349
9251
9964
943
3993
2496
8330
8714
6455
9234
464
1306
1482
3624
2796
2785
9044
6030
7486
5450
9677
9915
8045
4010
1011
8564
2661
2255
9103
2894
4190
9493
1439
17
6186
5607
9654
4536
8746
2883
3020
9060
1501
5414
7251
3856
3895
8471
8023
7424
2026
6400
9121
5762
9219
4166
3385
6263
5171
986
5269
2539
8792
9879
4866
2767
1064
4412
1293
3832
7354
612
4863
1328
3505
1696
9811
763
869
1911
1605
356
5071
6708
825
4261
3665
5037
869
8518
2560
7684
1501
9628
7488
3526
7353
6723
3978
8928
1924
374
5244
1042
4003
9691
5437
7116
2255
1772
8155
5333
4514
6000
1987
5770
4202
5592
9517
3363
653
8933
3953
6721
2554
214
5946
1956
903
6559
2901
8697
4157
4294
5525
3568
7068
4727
9175
4284
4987
8200
8573
5172
4560
982
5338
9782
6440
4638
153
9051
964
9784
8746
3814
721
621
9481
2982
9682
9497
6716
2554
7356
9371
6122
20
9294
4362
3651
1734
442
1234
9151
441
6404
908
7815
8125
8199
3627
4666
1435
5230
2194
2573
5558
8614
5636
595
8047
3581
1779
4964
9176
7398
1082
5997
3024
1661
6550
739
8173
9457
8607
6709
6392
3843
5380
5134
9058
8234
5636
4292
5077
9344
2201
9712
5493
8284
4783
7866
2949
8268
9331
3056
9733
5327
3718
3667
377
7325
529
510
1350
6644
7810
179
7749
560
4212
7204
1962
7957
8893
3931
7342
1836
8177
6439
6760
9192
2275
51
8346
276
7804
324
9767
4971
3812
7119
2899
243
333
7269
8067
118
944
7277
68
7519
9599
7628
6183
334
5721
4227
7401
4584
5900
8116
4929
9678
9636
4242
2707
3159
1393
7317
5874
2285
5336
8039
5586
4977
5120
1326
5290
7532
6924
4262
7960
8948
2312
5947
8191
1415
1341
3199
4988
7239
7695
9134
3783
5649
2821
2876
452
4107
3752
7558
3368
4474
8628
5550
361
5053
1757
4381
639
3626
6267
2756
1318
3075
2917
8211
9925
6213
2716
4917
7193
3004
6638
1030
5851
7238
6603
7507
768
1619
4836
5036
5247
4485
9087
7784
1309
7898
7735
8613
2900
4211
6881
8825
5826
1457
9705
7595
2750
3563
9146
2184
9349
1102
3757
5362
9427
2545
8041
4139
7981
9987
1865
4394
4826
7172
8763
392
562
3869
1892
7770
3823
9788
7025
2651
4992
4000
2600
2389
8829
8158
9261
6267
436
7614
1248
8406
466
5013
5332
7210
5293
8623
5147
2133
5902
5288
9612
5587
1132
6328
3687
6417
9107
9241
9151
8700
1060
6102
2838
389
118
4146
1510
9827
9866
6801
7867
9525
6364
8711
9391
7827
1029
5227
9901
6991
8605
7160
3175
3534
526
3104
1107
1181
5956
461
7392
9185
4737
7142
4966
9855
8301
8730
2012
5813
7722
3500
1155
4339
6389
9003
1759
8778
3657
3932
6597
7695
6301
3366
5552
6971
3070
890
8078
1106
903
2813
4984
8974
5564
6372
1102
8616
1399
2747
7776
7923
5689
449
5482
4133
3170
308
647
2978
3900
9172
6342
7174
1826
8615
4346
7375
9358
8185
9547
8117
5007
5709
1690
3783
2985
164
81
7860
1446
3944
3513
5970
3067
6838
3285
7358
6246
1015
4252
5041
4691
7113
3844
8618
5710
8174
9962
2462
770
4833
1614
9418
2032
6192
1162
1584
9820
1370
9811
3253
8721
7367
5705
1990
6308
2590
1305
1970
326
7367
9505
9801
2802
9278
4611
2591
9159
2192
3331
8876
9360
6582
1099
3523
479
875
1949
4589
88
731
1000
3458
6217
3722
9444
4899
4583
7518
824
7974
4660
1673
8907
8687
2781
5495
2423
4216
9952
9985
1769
3517
1851
7052
2853
118
5758
4177
8439
7282
9234
4170
308
4204
5140
1333
7823
9421
6858
808
6567
7278
8070
7729
1982
7511
1752
4457
9156
4953
6749
5045
2082
5461
1718
5543
1106
4487
3524
3624
9099
6658
590
1194
2171
1401
2533
5134
4206
8279
655
5377
3243
2684
2383
8803
4813
7509
5574
8310
6766
9975
5379
9887
847
7463
7270
5212
8549
2937
4082
5906
2766
1347
7760
9185
9233
5469
3568
1942
5172
1239
5035
6078
8038
7031
580
2
4076
5101
3980
6499
6089
9189
3525
8099
9383
2649
382
2366
5810
4688
669
131
5059
4823
7836
1491
8619
5514
9498
1028
7285
2944
1489
194
9822
8752
5112
3203
3872
435
9902
5525
2522
2103
8343
7991
8459
653
7844
6129
4077
2049
5162
4544
8255
84
2421
5058
1403
3799
9446
2714
9126
9365
5527
2609
7941
2061
8351
3785
5165
2763
480
2543
147
802
590
6141
5938
1785
7690
2057
938
7871
349
7597
5750
7596
6656
115
5222
165
2456
509
6075
5883
2527
7855
8673
9089
9437
1562
2486
953
7670
5701
2745
4058
1804
3498
1454
1583
9093
7882
6541
4127
2472
8974
1994
7412
641
3851
8192
1098
548
2097
2375
3847
3342
480
9381
7457
5143
9047
2432
4480
6883
203
8912
497
1527
5025
2131
5028
73
2264
3915
5876
209
4022
1362
8208
5212
3437
6909
8058
5679
3977
6766
3355
1464
9465
7620
4400
6191
5815
4014
3206
9004
7462
2044
2910
1219
1895
4534
6812
9578
3912
5142
6354
5803
7194
1664
6836
4708
3053
7650
1256
540
4842
4454
3708
3584
3788
3492
5507
7596
1820
7028
4925
2069
9032
786
3362
2802
6288
3050
2075
3739
1820
627
286
7226
3485
7544
5748
2206
4847
5169
7176
9487
4487
9936
9006
780
2047
456
1645
4575
6123
520
4410
1858
9175
2708
403
2970
8735
9924
2261
5681
6010
4342
9947
1427
4292
6639
804
6335
5655
8351
1662
6141
9701
1715
4245
9438
5925
339
626
4942
7159
4795
9282
7686
2070
87
4372
1294
1721
9960
6974
3968
9253
4867
3229
3321
3155
3849
8967
552
7657
881
8512
2872
8264
5968
9268
1995
2178
5995
7063
972
2053
7060
8311
6038
6841
7152
7498
4787
1362
4169
2714
7308
9297
5119
1753
336
1325
137
6259
9424
6682
4041
4575
6966
5460
6574
7809
5526
9546
6131
8719
2205
3017
8836
206
9526
5476
1313
9400
9228
1565
2555
8556
1673
3155
4220
7203
5404
8631
7683
1946
4649
1613
9133
4833
5147
6940
8815
7903
4613
4049
7103
1055
2198
5495
9714
4827
2746
5595
6688
4547
8701
7215
5028
6826
6250
8925
2655
4190
1986
6053
7676
2178
9976
3333
2959
3161
1818
2213
5655
225
6778
9212
3106
1098
5386
6914
1120
3938
2517
962
5247
6190
5418
6315
8613
7190
6404
757
8621
6750
2821
4539
9992
3373
337
2072
2933
2124
4982
7186
3243
508
314
4798
6978
5732
605
4606
7234
8038
9613
7534
2148
6717
584
1031
1988
3862
3707
7693
360
8663
9897
2700
1866
1536
5272
5098
4305
6573
6694
1928
5326
1637
5497
6698
2226
1202
4723
3393
7821
3677
276
1842
6801
3541
5545
4981
5365
4332
7443
2827
6181
111
4627
1692
8327
5791
4001
1997
4313
7344
235
7483
4069
9006
1018
9926
7302
4327
1041
5853
3605
5898
3823
5042
5420
5993
1284
4025
4043
5933
7775
9170
2089
5447
6278
7217
6338
8782
5599
5718
8447
1338
1963
5198
852
972
3811
6406
9474
3048
8874
7927
8157
7520
3681
9986
2951
462
7114
5064
3675
3805
389
2183
8166
21
7094
461
6112
1297
2583
7546
9049
9935
1513
5926
4286
1619
5846
5868
5402
4216
3186
1538
9625
8148
5328
8678
1896
2071
7041
7510
1080
2096
8199
7132
690
812
7559
9812
6948
9164
3373
8780
2505
3793
441
919
1863
503
8920
2493
3074
8827
4590
5379
5198
2715
3198
5458
2402
7176
1548
5351
1239
2234
7369
4999
9343
6241
9166
7868
2131
6259
8980
6352
1349
5047
2880
7060
8820
124
5468
878
4222
1798
3040
3662
9184
8807
5440
5035
5592
1590
687
5662
7132
7823
2977
5914
4755
1431
30
3799
9297
2489
2226
4202
5088
8706
1793
274
4281
3078
4664
6114
4322
6477
6367
3846
2882
1773
3866
7188
8992
5156
5439
416
7642
4035
5457
1147
3841
1826
9899
73
5264
6948
4825
5886
4046
7688
1840
5029
3673
3416
5486
6717
8611
6402
1676
576
1721
1313
5520
4560
4365
6391
5646
5552
885
9977
351
8973
4524
7799
5306
4536
5399
6982
3358
9297
4642
9884
2434
1888
6665
6616
8595
1667
9331
4507
9709
1296
5000
5847
261
6181
2243
4546
3650
2532
322
2727
2348
6388
5562
185
1277
2246
2968
9733
7701
3557
514
3315
5513
6824
7724
232
1659
2184
9815
6044
3957
5369
9380
3779
9150
5831
502
8090
8959
9853
9812
5407
5471
1061
1278
2349
1434
2807
9383
4051
2801
9792
6833
1568
4459
3985
311
3166
3482
3024
8979
3288
3544
4880
7680
1720
3311
8024
5289
8721
504
706
1456
3158
9307
1826
1275
6822
5589
4625
4313
9477
1160
2309
4931
1912
2316
9150
9229
5484
6051
8512
2651
8691
2762
4344
3185
8668
9948
8845
5874
2750
7105
5989
5210
1393
9619
7665
6007
9289
7489
8294
2338
4783
8652
2712
6604
6270
4670
1364
2019
5223
1739
7147
6132
6162
1664
3047
202
1601
5320
6155
9140
8946
7406
8059
4805
5586
7724
6980
1909
4569
3713
570
8405
7909
1058
781
5072
4998
7383
7015
9452
9267
5846
7429
2768
7960
3181
7231
6480
6221
3800
6533
5299
4580
3555
5255
2742
8766
8698
9953
3337
7114
956
8418
775
187
5693
2872
3731
8933
5322
9386
477
3908
7816
2130
6468
2553
6022
9380
4710
6402
4017
3359
6899
8053
5045
9038
3472
8777
8480
2011
9351
9857
7971
2690
8299
4661
8339
6142
9801
7886
6892
6066
1802
5966
5908
4726
5637
2554
3965
6539
3873
9606
1076
9869
7160
4187
1015
4612
7415
5943
7924
7799
8371
5809
2396
9998
5061
455
6214
290
2118
1062
384
8179
5446
3461
8912
3461
229
9150
8232
9240
6148
8299
5752
1459
7142
4217
14
4973
6817
3211
5736
4375
7681
718
1290
9881
9483
3940
8011
5127
2878
6624
4362
7600
6469
2381
4830
3796
7402
2026
7194
3247
5556
2870
3519
1205
1297
7748
3500
8572
4191
6699
6609
4785
7029
2125
4657
9912
7006
8786
4566
7555
8117
5888
1758
3982
2316
6649
5667
3077
5814
3889
5512
2723
1093
427
8671
4632
3613
9167
5175
9461
2744
9658
1763
6519
1795
3937
5526
814
1029
9155
1050
6938
5791
7611
9632
8129
6799
4063
2018
2782
287
5208
4261
5273
8074
7918
8282
2159
6863
735
8514
6462
3837
491
7505
1167
2831
8479
4764
4929
2817
7068
6285
7310
704
8788
1013
2348
8529
1089
5521
2850
6055
722
8597
2180
328
7490
3140
7278
3129
9190
946
5753
9141
2307
2561
1660
5053
7578
6103
2802
6841
5874
737
8804
1628
8128
512
3508
8454
1620
7458
8181
676
6979
1948
393
8706
637
8403
521
272
8907
5546
5195
4418
4759
8821
8003
2705
2887
8604
6904
2511
5991
6235
6849
8920
7922
7430
5900
5491
7421
6170
875
3640
2720
447
4300
2332
114
4041
5508
2504
8816
1006
3959
4344
6473
866
9654
1487
3609
7565
4277
6743
9344
8958
2472
3382
478
4522
3033
8556
6174
9677
9225
937
6636
2944
2897
8876
6996
5019
2675
1237
9273
3714
8354
3564
5310
795
9226
9243
6036
8288
5374
8342
785
4960
1069
9275
1065
6960
9359
7636
7452
750
2321
1914
556
3158
9451
8499
921
3021
9547
172
1882
2699
6608
1345
4490
9942
4
8921
6845
7337
7366
4143
1854
3555
6180
459
9878
3308
8098
2080
6539
1794
6953
1086
131
5506
6559
7655
6403
4259
6926
655
6552
8444
4436
7196
2209
6837
2071
8333
6567
426
7282
6039
6810
3244
1601
9611
8890
9394
8181
9811
5919
1230
8356
5771
949
3082
4640
5740
583
8016
4338
3987
7863
5513
4979
1841
6999
4765
3207
9356
3863
9449
9494
5298
9371
2799
264
4349
4888
7031
1757
6466
3803
499
422
8788
3911
3089
7587
4293
3273
329
4090
6701
5961
2694
465
915
6575
5570
3800
1352
2800
9897
6806
3171
1588
6640
4286
87
1861
9150
9053
2752
6805
3656
7059
636
4268
4155
7388
823
4909
5570
122
79
9348
5064
4593
5911
671
1287
174
3910
118
6479
8597
4207
8968
6322
8134
9659
2531
6140
2858
3490
3984
9328
304
2025
