7761
3419
3625
4878
917
5148
94
5450
1750
1557
3594
6271
5834
8708
4797
2394
2741
2208
3537
4805
5382
9334
1680
5288
2273
6017
8482
4907
6484
1433
5398
4858
1833
9154
7596
7585
5351
3173
829
4550
4965
7931
2088
9527
5597
5798
9642
472
9928
458
6185
5471
3659
1656
6925
8571
9390
7612
9772
1406
6549
5180
4944
3131
9725
9809
5479
282
3236
3682
9398
8601
5925
2635
5707
1453
1407
5949
3518
5910
146
6863
8786
2928
7877
7490
4206
4277
5062
3778
6131
5264
5663
2312
9482
4381
5505
9628
3532
9165
8512
1864
9052
1141
5387
4248
7764
1109
3366
7821
2235
9878
9062
4241
8736
381
7944
4437
7398
1804
9150
9959
9084
8168
8439
5871
8040
7573
8890
5719
15
8157
5471
4891
3331
1647
5482
6742
8746
7220
4389
5004
5367
2189
2344
7958
7143
9817
8760
2440
1738
5811
7257
8543
7947
1991
6241
3894
8574
8981
1707
6503
9366
7182
2565
6286
3072
1132
3366
6073
7311
4222
6047
9420
1076
1776
5341
402
3338
3913
776
6718
3724
7022
8124
9214
7044
7092
9361
6161
7920
1202
3481
5919
9042
3029
5925
2775
9189
6302
