4167
2308
7061
7887
798
7943
1328
2530
9269
9765
3187
1543
3864
2486
3308
4373
1925
4499
5841
3897
6151
8696
2029
2569
1068
275
8300
7398
37
7470
463
8410
2459
393
812
497
7096
1792
469
9477
5001
5948
1715
4625
5646
8405
8623
519
4058
6677
8716
2461
7310
4952
213
3073
1085
575
5775
5854
8043
9492
8154
4167
503
2360
8665
9296
3810
1400
6571
587
7930
9903
9110
2400
2856
9892
1216
1350
7859
3155
6649
4654
9758
3018
2104
2064
8693
8634
6704
6845
6815
9357
6078
6018
6784
1174
9842
4158
4830
7380
2440
1099
2094
8129
8178
6232
8139
9287
6244
6311
9810
4834
2811
7426
8044
6033
4874
1961
5145
3381
7347
3366
8789
1068
575
5346
3850
7607
9338
7120
4226
3879
2014
8663
3207
663
9434
7293
3146
5395
8590
4830
8300
1398
6118
6124
7308
3329
976
1009
5293
4375
5020
9551
994
6021
4928
7529
9849
7023
469
5866
3186
2326
4273
163
3563
9957
9218
5475
8377
875
7331
4942
2677
4675
2030
2256
9328
6062
6446
6123
3236
6867
3168
7995
2633
4732
2342
6843
3201
9490
8503
3105
1633
5347
2406
7812
7468
3951
9950
9646
2141
2819
3559
7340
1
6364
7367
3586
2398
8525
1864
3787
4836
7516
9489
4750
4591
2406
6964
6877
7894
5987
2868
2711
9859
3636
7361
429
1759
3529
9762
4722
3289
8767
5405
4779
4275
7366
3542
9078
7530
1425
369
7431
8912
8919
7189
3933
791
8278
2896
7219
4748
9831
2465
818
5773
9340
4902
7651
504
4166
7106
5491
3074
8484
202
9744
673
6757
2861
1584
6599
9086
1038
1904
2731
1256
5503
2570
3365
4336
4892
2016
6822
2434
5649
148
8514
2400
2584
7562
4779
6555
3667
6309
5371
485
4658
7470
7646
6957
6082
7396
2489
6729
3907
8909
3355
9922
3347
1546
7790
7817
2588
216
3626
5095
743
6467
8631
8947
3756
3477
9340
3180
488
7676
4137
550
9464
5338
4029
3138
3848
8822
2805
9909
9411
6943
3266
5690
1430
1377
2773
7540
5477
5920
4874
7836
4873
2865
6383
8873
2421
9817
1663
1981
7940
2204
5583
7691
978
7623
7683
3287
6675
3626
6526
390
419
1261
7397
7333
6538
3011
1055
5909
3163
4876
5755
739
6842
2516
3902
1942
9721
6057
5176
8930
2429
170
3121
3993
5569
9450
1013
8993
7063
8564
8825
4993
5030
7273
5256
6772
6053
5348
5775
8400
8258
271
5394
4097
3055
5614
5481
8479
2089
6121
266
1086
2471
9176
8788
5555
6460
9622
7893
404
4616
1416
7881
2888
4673
9623
5391
222
8282
617
586
6826
4557
77
7761
5530
9114
3029
6307
8598
1164
9630
427
7750
8676
7739
8379
9070
7813
7248
3016
2852
4235
3594
802
3857
9320
5532
2254
6438
3148
6340
2498
2918
9617
44
5789
3329
3649
4956
1088
9666
5236
348
5229
334
7833
5815
4826
9500
3072
7244
6290
8596
962
9358
3305
7824
6238
2859
4457
143
4930
1514
366
9208
4497
5533
6042
4892
2406
5462
181
1348
7990
9062
9381
7497
9819
193
6230
5283
5155
3277
471
2937
611
3848
6737
4407
2217
2569
2724
9742
8989
447
687
8469
9667
5367
8476
5837
6335
9209
4790
4434
1493
7569
1320
4541
3197
7643
3075
38
880
3239
331
39
7041
4077
1566
4700
8378
3898
9235
4791
2450
5144
5275
4096
8072
5451
3110
1641
1695
7832
6022
1711
5526
1424
8824
3468
5539
2122
9156
3562
1723
5679
7761
9346
7104
3199
3621
5762
7528
2289
8425
9517
6982
5479
1782
5405
7207
5232
3550
7123
635
2023
4777
8959
3053
8392
8634
955
9601
3251
749
6753
2586
3481
1935
8190
8469
8819
9626
5454
565
851
2956
1638
1051
7922
4323
1168
914
4056
3895
5745
2853
9625
4547
839
7438
3085
3218
4286
3403
8968
1378
8401
4047
2968
9176
9582
1586
2558
7248
4706
7190
1875
62
6276
1463
3803
6838
7934
2078
7527
6020
6757
4899
9556
6121
5002
3100
6097
5059
7896
3334
3935
232
494
6286
5665
6943
9719
1837
2018
5259
9060
6494
1877
1316
1532
6253
7080
3028
9546
6942
4722
7547
6756
8919
2555
8719
9212
3323
5947
5395
6943
340
3050
9827
7274
8380
3719
5641
7965
4744
3892
7520
4936
6562
5759
9251
2802
513
4347
9840
5784
2887
9980
6654
7202
1623
4114
4792
7761
9745
4557
9653
7013
2795
719
4613
3643
6429
4335
7371
2084
8793
409
5058
1648
3830
6370
5373
1449
2632
2586
2126
3149
4317
26
9218
7282
934
4237
5032
766
752
5419
2620
6271
5966
3344
6949
1892
5301
5164
3319
9471
371
2451
9269
4386
8749
1316
1527
470
2516
919
5443
3131
5651
6608
9275
9098
2856
4912
5155
3702
748
1786
9630
6448
993
7699
6836
490
151
7763
3634
2819
2667
360
4286
1169
9452
3401
2645
2621
9419
104
7186
5080
8655
9057
9101
4540
2385
3471
9247
4413
9147
3886
1805
8158
9528
6043
7144
9440
9672
7415
4048
7188
3043
5306
7504
5362
3479
3717
1898
1074
800
3328
7760
1272
7938
481
6140
7325
8278
830
4877
7528
6575
634
6511
2219
7880
2651
1653
1209
3708
8445
2277
8806
4369
927
4000
5687
209
8378
8188
9705
4311
8386
6432
3869
8915
229
9676
1057
922
8449
6675
1881
7293
499
3750
5436
7763
8857
7758
8364
4358
4824
2117
5277
2119
3641
1809
8278
543
9791
5086
6853
6484
228
9927
3021
5684
6465
2465
811
6896
2060
8836
6295
9640
7676
3991
3205
7375
5848
8359
8522
6987
1805
2723
9276
5435
4302
3671
1635
9045
2374
2115
8844
8059
5817
7592
7915
8793
2184
3870
9808
9214
5747
7973
1875
6341
3769
7478
9274
8255
9756
8276
1433
4718
6495
9237
136
9360
3937
5303
2672
1446
4707
2081
8607
1424
4773
3767
8028
1864
7695
3625
1364
8839
1979
1257
8211
9191
7616
4967
6110
1527
5192
922
3500
2708
1219
2237
7845
218
1637
4596
7571
2039
5195
2490
2309
5640
6923
5785
851
9971
2073
3188
5931
2960
230
7604
3386
1844
482
6302
8646
3579
3090
1261
7000
5089
1357
5841
9655
8398
5728
4515
2767
8188
9554
323
257
6406
9281
1185
3588
5134
6491
2453
1657
4283
6969
8747
7756
9678
7654
3118
9574
4767
509
7136
5935
873
5840
9091
7217
1694
7077
7991
2504
5544
5595
1841
9334
8078
4394
1252
1331
7087
9224
4046
2737
8158
5048
7809
2621
2233
3629
6685
9906
4728
4749
3367
2935
7807
9552
5176
3497
4176
6504
4629
307
5920
9706
4790
4313
500
6362
9301
9077
328
773
1908
1288
9771
5528
603
9826
9211
8174
7165
5549
8136
9558
5031
9140
3432
2851
5700
8577
6423
8108
4816
9587
6808
5220
4711
686
844
9173
824
5757
1869
3365
4075
3362
8232
9723
5244
3550
1733
5978
6132
4556
6133
4572
2691
6072
3271
2042
75
7822
3302
1159
8476
4652
8963
8829
4584
25
1082
1759
7314
3055
8916
8685
1367
7539
6264
9094
2729
326
7998
824
6036
2403
1714
8739
9391
377
6097
9819
6321
8115
2996
3308
7454
2611
5638
8888
7756
5917
3987
2540
9366
8943
878
7409
1228
4143
3951
2782
5829
300
664
8890
5634
6870
7267
4271
672
8906
3626
1114
634
5510
6258
1551
7257
8379
5284
6362
2201
7023
3129
2704
1577
4114
4034
5892
9358
3257
3634
2853
708
374
392
84
6835
3657
8780
3636
8105
3839
117
1610
8362
6361
6117
3572
5009
2472
5090
5766
5474
2467
2226
3439
9422
5019
7810
7498
8257
6198
4259
4496
1451
2231
7474
9467
1273
4431
3138
726
7615
3565
4519
4512
6453
3649
9570
3183
7707
7310
7988
2401
3706
8941
7537
8125
2521
3454
2771
1080
2616
1194
4184
3924
8253
3188
5145
8579
1833
4669
8311
9657
501
4663
9684
1727
1902
8417
8764
9796
9514
898
366
7822
3063
7441
7850
5086
6239
864
5769
1266
1753
5224
3428
3107
2990
9104
3570
3087
8486
1223
6769
321
6416
337
2496
1420
7083
175
7958
8343
4643
2534
3379
658
763
8882
2114
6934
3315
8372
6663
9675
5110
8310
731
3043
2099
1999
9280
5059
22
6849
6371
9938
2819
1968
4590
3754
3774
525
5254
7820
345
9681
7672
128
5739
5829
3579
6010
2890
9646
5042
5111
6693
310
3713
8438
9664
3381
2584
4132
7260
6351
9761
9472
6258
8870
8578
3822
7852
4000
2928
3799
2657
8612
6160
3277
8987
7566
9019
2764
3207
5842
8509
6571
6216
1933
186
3634
1335
3223
4766
1542
2284
2516
1375
6864
1074
1049
3922
60
4314
1180
2534
636
2254
2581
7649
3836
4367
9521
1749
9297
5358
1621
846
635
7300
9199
5274
4538
9407
7223
1622
3996
7273
2597
4705
9844
4518
5821
5600
8902
2138
773
382
3871
3188
6471
7436
4802
5451
9681
3116
8669
708
3242
3750
5322
1565
3999
5222
7201
5065
9852
1379
5819
9352
4582
6364
4497
8354
3652
6080
6819
8673
462
2362
7860
7016
8142
7944
3715
2003
5588
9943
7349
6652
5845
8332
1981
1527
5283
8769
1469
6395
263
3290
7286
4094
1435
7571
2588
3227
5172
1848
1285
7251
2125
5504
6304
8989
735
2679
578
7915
5740
8407
2747
4171
3755
8290
6343
3046
3629
6975
5041
9913
1982
3438
5826
1517
5943
8793
8279
5861
8336
9706
896
931
3924
9827
3413
3288
8013
6574
2131
3239
8877
6593
7412
8308
910
4861
2205
1982
1042
4388
8833
5013
7476
4996
7058
1562
2591
5588
791
4563
9469
2922
9961
9351
8663
7735
8104
9372
3500
608
5243
4154
9309
4554
4661
1387
4325
1568
9682
530
3189
2180
3696
7622
8253
1792
2219
1113
7335
6520
6577
2025
4462
5518
7636
2642
908
8304
6814
4669
5232
6322
174
7034
4830
5604
9104
3621
5777
6017
9739
7640
508
9923
9380
7437
670
1989
6496
4270
8995
5111
1895
6427
199
9912
4244
8455
5637
5587
8649
6496
4430
9336
3903
6665
6102
7029
379
4693
7480
801
9644
7346
8105
2166
7552
864
90
9544
3622
4045
5847
6582
2207
8078
6140
2716
1326
1468
4855
2498
8094
3144
8841
9925
7923
588
3078
4720
2712
5440
6925
519
2935
3894
881
7983
8008
7539
8053
2125
6913
8250
9110
378
5611
6118
1666
5776
9685
2467
8566
3443
4642
554
5413
5310
7853
6519
6677
873
4989
1449
4756
469
2083
8422
5688
3700
6112
6184
4963
1400
1028
7752
6357
7606
8513
2645
747
8053
8462
6145
4390
7929
4567
8969
2231
9943
7522
6831
1958
5621
9356
5813
5473
7120
8354
6087
6817
1288
9900
4886
3081
5196
3011
7037
9112
6845
7219
4082
1438
7234
6796
6714
2618
3736
1394
6121
6130
9396
8517
2598
1948
9014
1147
9207
7513
2843
3560
1101
5826
9807
8416
8926
7866
269
1219
9963
1059
4054
8119
5486
4700
5001
980
7763
6264
5796
5800
3231
5930
5768
9739
7281
2172
7762
5708
5603
9807
5115
7130
9500
9277
2654
5936
9526
5850
4113
9064
5944
3401
4482
4608
9407
6043
1087
9737
6158
66
1794
9612
6462
2291
3991
1351
1859
5818
1500
6421
7070
1367
9300
7756
7000
8935
6903
1200
6242
3694
1146
9349
3078
8943
9510
5425
1209
8382
7352
3104
2079
9212
1588
9377
1323
9538
9783
5214
2306
6778
4760
9625
8667
6406
5641
6849
2949
9875
2112
6180
4165
5528
5116
4238
1834
4137
9271
9744
5407
5001
7927
4972
3100
3244
4432
3901
1577
8570
9178
3363
9457
6159
8346
5323
7150
5183
9967
9150
8295
231
5676
3376
1011
4191
6829
4184
7448
2683
9111
4480
6597
9153
209
3698
1688
3316
4473
8642
9213
8223
1732
7435
8515
2078
4646
8449
5996
4166
4954
7974
6946
3317
4126
9944
5361
868
8079
8711
1924
7097
9276
3892
9631
9288
3929
2725
4870
7482
2163
5974
8105
422
6123
7081
7182
6571
592
4014
4233
8144
4157
3966
8569
4098
6397
6832
7618
7565
7270
6158
9346
9942
1945
1410
9794
4453
1764
346
5564
144
6786
8524
500
1889
3057
274
7188
9434
9021
7414
1719
5295
2141
3897
5474
3570
4778
2860
5642
7165
4888
818
790
1271
7026
8205
4930
7193
9094
3813
9708
9530
2186
4039
2719
7895
3290
2602
8106
4590
4976
2269
4461
2457
9950
3916
7407
185
7034
8273
8638
9960
1591
790
1604
1136
4364
6825
6754
282
2467
1769
8588
3934
9840
8621
7216
2553
1195
4676
8084
1629
8653
2471
3660
6050
5043
1898
1381
10
1618
8769
7473
9538
631
3231
9231
9253
3753
1578
4934
11
8158
1979
5326
8670
4310
7825
8443
7517
7080
5140
7799
8921
6808
6359
4938
9548
6449
7080
1176
7706
7684
3601
7848
8784
3837
7616
8813
1625
4207
9252
1299
1536
4972
2782
87
8159
4290
8151
3299
3574
7637
7072
4165
9207
9989
6867
2922
6621
5324
7721
4572
5293
918
2262
2598
7125
7453
9102
1216
8658
7249
2251
1404
669
9712
3494
4859
9669
4007
7090
3516
632
9861
1737
4434
5818
5528
1086
2481
8104
9783
6178
8501
5255
1451
4290
7792
8710
4123
5437
5198
5890
9586
3827
7045
4199
6079
3944
9774
3940
6825
2744
6267
7911
8509
9653
9108
2312
2582
3100
2626
994
7975
8358
5575
1563
6648
506
8776
5477
7562
5600
9161
4333
4281
192
7075
7601
6237
6728
9012
9359
9085
2940
4003
6168
6081
1448
5358
9091
3057
6241
2338
7630
6240
4106
8406
5039
1519
5475
2853
3992
7023
4011
9878
5193
4935
262
4697
2912
4861
3881
5409
8427
597
9330
2520
5534
9044
2501
8324
6144
1887
369
2964
3248
4565
9394
966
1093
9413
4095
953
7986
2558
931
1753
3368
2977
8633
6588
3302
6805
8160
3832
7772
7399
46
6367
4445
8475
9281
9145
67
2115
464
3228
8316
1851
3905
5722
5458
8447
8612
1352
2776
3722
7484
6566
752
7020
8893
6735
4041
7238
7920
8671
5046
6437
3812
9900
2554
5993
5679
5586
8143
401
2003
9055
4647
9157
1371
3352
5129
3744
564
1574
3757
3672
5113
7409
4659
4362
6518
8455
6508
3527
2830
8328
188
8997
2488
4609
5416
8707
5636
8452
8474
8158
5884
7888
883
185
709
114
816
2716
8693
9496
3941
347
2366
4174
6053
6465
7640
7479
2372
8762
4125
5593
3700
522
3310
3045
5051
9325
7651
4113
4454
7692
144
9588
7174
5145
3555
4030
4601
4263
5305
4529
9092
216
3408
4864
7500
9268
919
7811
3396
2435
7586
420
9152
120
6858
73
6056
5403
4641
3902
712
4929
4739
8174
2868
8217
7192
5198
2889
1957
2374
1654
6751
1939
8323
2109
9962
6536
8120
6768
9648
6424
2817
3310
1893
1060
3776
483
7329
7408
146
9487
2579
3359
3241
3795
7984
9342
3881
2087
3492
7499
3262
3642
4360
8000
1626
2919
5684
1695
8605
8321
4284
7163
5245
6379
4694
4464
7221
1351
8668
1201
6361
9704
6077
1052
4903
2837
4878
8652
41
2093
8941
4507
2423
722
6006
3554
682
7172
862
942
4427
2795
5789
8673
778
9615
1353
1426
411
2631
7437
2289
9338
1613
6840
6187
8911
8267
162
5239
1837
5236
425
3531
724
2081
4602
2302
1382
2038
6156
250
9335
1344
8550
6237
1421
6718
2768
9949
9095
3209
9158
3429
7898
3826
505
2817
3734
806
8576
5858
6280
5776
525
8334
5913
6571
9866
519
1155
3378
8881
2694
2835
8551
4667
932
6249
7884
6384
8677
1693
9889
77
4945
3357
5002
4740
688
417
5756
4413
7970
3887
6149
4810
5976
9785
4437
2809
8114
7220
4028
9394
4278
8308
610
4912
3993
1460
7581
5405
9918
7185
1842
805
281
9190
971
9213
702
7314
4433
3004
5418
8869
1398
7783
8301
1306
2706
4939
6899
7710
8921
7267
3726
9695
4597
2682
9202
7663
8452
1370
1212
7032
8816
9363
7792
3529
5255
4247
5373
1487
3816
6242
5743
6287
9705
247
1809
3727
8903
469
5885
5460
4522
840
6178
6822
7668
8172
3345
848
5623
1917
9028
7540
5744
2473
4250
523
9988
6727
2227
8826
3653
2625
9189
2144
7873
205
7865
3068
8423
2282
5685
9819
5926
1029
2743
2959
1924
8122
7402
4107
776
136
9112
6266
1109
6253
5405
3712
2932
97
4771
2729
829
6751
287
573
3857
1550
6824
5189
7526
6318
8991
7735
7312
397
2063
1004
4745
4969
2163
7619
285
4528
6270
5215
3604
6099
2843
4619
4076
4185
3009
5022
5651
8048
4786
4649
606
6270
4385
1518
6345
2549
3678
8266
6540
5541
6800
4611
9254
620
6446
1293
7576
2440
9033
4549
7008
1373
7913
5121
2800
3842
9522
3679
3771
5174
1858
7257
2348
5392
3626
5130
6563
3300
4007
8955
8525
7441
3197
7942
7551
5047
6927
2828
6030
9510
2685
3794
3358
9425
9242
4213
1908
3762
8728
6430
6250
6023
707
9105
2320
6970
2775
6431
57
6526
1614
9516
4505
3365
5434
4955
424
3278
6107
5733
8819
3404
4606
8264
7984
2386
8131
2076
2236
9275
7385
6577
7012
678
696
6788
2812
1982
7978
1888
5854
3607
4599
785
1026
2148
8475
4485
4422
2486
934
1947
9147
1935
5265
6637
