4297
8534
4233
5611
2431
2854
4653
8514
520
8398
1492
8073
4898
1281
6196
3741
9773
5940
8477
6002
3731
783
5139
1681
3509
9938
6714
4335
3124
8959
2572
1022
6681
2613
9001
3420
3857
3005
3004
5257
9417
2221
2566
4711
9330
8937
4266
106
8640
9162
2212
8766
6149
1207
4646
4904
1717
5248
4737
581
7573
4697
3036
478
6949
8819
5284
7981
471
1942
2609
665
3420
9339
6272
366
6634
5767
4738
5064
4843
3729
8080
6765
8788
6004
8729
6442
9120
2351
1627
902
3865
8218
9177
3491
4579
308
767
6210
4597
8951
6271
5254
1172
7661
2918
4609
7342
6188
7041
1899
1104
4172
6470
4002
3093
1402
5040
8027
4667
757
6218
7157
803
9989
983
1102
981
8491
732
5248
9246
3236
6699
8435
2583
5767
173
2310
8579
814
378
6376
8628
5505
5288
2945
2859
3661
6798
9166
2330
3092
260
360
1992
5518
9337
4022
1072
7838
6913
7353
5718
3503
7145
853
8392
6141
6583
7712
7308
5200
5923
2755
4396
3746
812
1085
4554
3218
632
3719
8818
9089
9932
1378
9499
7466
9396
4060
7353
3119
1136
8866
9458
3070
6428
7824
7642
7250
7306
611
8990
9702
3245
3279
9178
6292
6949
4236
2343
1740
658
9995
7141
7568
3878
55
2208
2348
188
1847
770
1875
1135
3296
4229
9732
5705
726
9347
763
2793
4947
1964
1316
5775
5105
5955
7339
279
2033
4101
3919
623
2670
823
821
3479
4827
5148
3912
9556
2761
4096
2974
3985
3877
3603
2229
7731
1262
37
5037
6039
8548
5354
1215
4267
8812
5275
7739
6342
3008
6601
6768
2164
8355
5854
3347
1649
7362
674
2994
737
1846
9255
4851
634
4726
9825
1478
7872
6490
1989
9017
7387
4346
4461
6154
8358
9764
9382
8151
8054
9165
4390
945
7605
1103
8685
3935
3626
7568
7111
6751
9687
1539
9994
8215
895
7944
3635
1914
6785
9310
3687
1606
8694
6521
8041
4506
5187
8479
3159
148
779
1884
2433
9464
2517
6021
5624
3853
1813
1737
7358
1666
4169
132
8511
7358
1410
1069
7003
5845
4733
2559
6368
5078
1549
4341
2000
1697
8807
2766
5732
8854
5882
977
2445
313
7289
9306
1922
5681
3686
3889
4955
3104
8060
5756
3641
6876
2073
2251
351
8860
9446
5841
1985
1135
261
4578
8632
4869
5846
8072
6992
8129
3766
6016
5694
2934
9396
6385
5904
2847
8097
252
8355
2411
7412
5823
2315
8885
5543
9540
6323
7297
1025
4087
3489
4787
9697
7156
7797
2345
4659
4990
6670
9049
6210
5277
6793
3909
4683
943
4551
2506
1930
2351
761
2329
5380
6322
1515
9164
3456
4126
5466
426
9586
8853
291
5334
2628
4783
9050
8674
4259
9575
4691
2689
7252
9788
9361
7433
4882
6647
1417
9943
2582
4172
66
5357
1617
2105
4427
6631
4664
6875
6456
7387
8044
5936
3211
5182
6388
1224
8427
9891
3210
7173
8532
4574
3488
7697
4571
4183
8477
9758
1547
3738
1607
2408
5169
8667
3358
1623
752
8088
6643
1521
1058
8838
3060
5724
3804
333
5253
33
3469
9072
6539
812
9283
5060
88
912
618
3090
7119
3495
3185
9623
1363
4551
1578
5624
6256
3473
2158
771
2581
9266
7275
8913
3949
684
7628
3192
6041
8159
7491
7389
603
5009
3653
8678
8130
4893
7778
1502
9853
6119
4591
3345
3885
877
5154
6551
4331
3866
6345
4766
8803
4756
8056
8095
1516
9365
5533
5283
4725
6486
6562
47
9742
3175
7502
1434
5744
8012
8040
1903
3706
7938
9673
1278
2761
9695
2428
572
1427
3078
8149
1451
704
506
8316
5589
2149
2938
4437
514
6254
4299
3021
8665
1832
8691
1666
2210
584
1233
1263
7018
1403
3787
4003
9088
2523
7551
6365
7772
7195
123
2902
6287
7136
3768
4683
7206
891
832
9638
8232
7271
1504
3592
1247
8203
9449
2021
4147
6237
9249
5915
7825
7892
3750
7888
987
2104
8930
6808
9594
7416
7338
7648
8574
1543
9153
1802
5318
9780
6458
2149
8714
7460
5851
3912
2245
2590
6188
891
1073
8883
1934
7153
4555
6952
984
774
1509
4866
3613
4609
2266
3309
6858
6503
8252
6953
1675
1356
8105
689
6365
2982
4796
8377
2366
480
5616
8083
3361
8231
1887
7086
9965
9605
5049
3789
1429
1751
8800
9055
946
6797
4944
5183
1453
7518
1564
7722
4857
4822
5332
7913
5836
4333
6882
8074
9550
9028
3507
9343
5547
6863
4723
883
7107
1962
1649
6756
7104
6809
8562
226
9895
9072
7105
6962
8199
6395
7284
7023
1023
7307
713
4302
3580
4894
5856
7932
9680
2073
9698
5654
1934
5589
3519
4004
1250
9924
854
9796
1166
7726
3277
2335
4926
7452
2544
458
6653
4400
7334
4602
9233
8639
5407
7268
9905
3949
3017
6913
7750
1939
5026
171
8111
5550
9912
935
2127
1895
4204
6447
4786
5003
4661
9050
6173
7383
7217
8634
6882
1378
5270
6769
7411
4599
9847
9169
9518
3245
3458
7215
6166
4037
9446
4483
514
8927
4706
6031
7647
8440
4776
7529
6737
2308
3296
8055
8822
9157
1801
6038
9435
7430
3626
1111
1176
3638
3063
4839
647
9412
5391
1929
5491
4547
4194
6658
7242
3706
4656
3952
6212
9083
4765
9464
2910
493
3360
2187
4079
7145
4442
9044
2460
1566
4644
736
5798
4689
1282
2571
4065
8740
3988
7619
6352
9297
3290
5547
588
4324
6263
6750
9300
979
6927
6126
2190
9482
7130
3432
427
887
2826
8662
4280
6335
7049
4193
512
3163
4956
4128
3968
6163
228
5393
7411
3524
9859
9395
6059
6609
7451
7550
8257
7764
1698
8768
7796
7967
7410
6468
5389
6340
6429
9649
2307
9293
2685
3020
9482
8856
3193
907
7943
7411
484
6760
4478
8112
8832
829
5692
9541
9904
5602
545
1091
8987
9345
1205
1792
9724
594
8539
739
8085
7592
2819
3276
7300
519
2425
3933
2958
3600
6778
8201
5832
4458
8407
6840
3653
1567
691
4836
1178
6048
8182
5987
3885
4742
1668
7441
555
3910
1352
3977
3864
400
4361
4463
5793
9909
9167
5645
2158
1778
3486
7545
1156
781
6017
7280
9495
667
3763
769
1116
5515
6710
4440
700
7107
70
1509
7236
7653
2087
3720
4138
7901
5675
2764
9722
3706
1985
1709
4670
4150
407
2423
5740
9924
3312
2829
4809
3573
784
8290
619
8087
9060
6327
5372
6843
4734
5282
2939
3713
9150
3271
3901
8418
2653
4582
3857
3434
4707
6768
8304
3328
808
2247
9059
6883
6455
6498
2223
5522
9455
9481
5787
4152
5347
5043
5394
2659
6161
5290
7908
7856
416
5048
1463
884
3458
7088
5947
3257
6761
5291
9434
3971
8694
3741
78
9566
9372
7603
1421
3030
6339
5740
4416
3394
7577
353
5409
1566
5475
5330
2962
2340
1169
2223
1915
5687
8223
159
2699
4891
471
6369
5840
1796
8516
9133
6081
7449
2882
341
7720
8805
3729
2765
3149
666
4857
5124
5598
2290
6391
3518
9371
3427
1525
5168
8029
1870
6775
6296
2743
4549
9522
2246
9860
4198
4983
7594
4192
2377
6813
5131
1683
2978
8285
7969
9000
2226
8935
6577
4107
1329
897
3634
1809
3696
2464
3216
5938
494
127
6445
5681
4809
3500
4159
8140
3503
2642
938
4318
8864
2705
1034
9026
4113
7994
1996
2339
1472
4838
4938
6734
6079
3863
5026
4985
3839
9590
2179
8237
5163
9050
5443
6366
5005
3610
3791
5067
3713
4746
8783
9121
5476
3138
7285
618
1000
8893
7251
611
2071
892
9446
651
4257
5946
1394
1590
1973
7259
4475
6466
3304
9117
9838
2561
6404
7985
4746
5637
6112
9187
3518
2011
6648
708
6720
9117
7993
2809
5943
8107
6123
2892
4454
3620
4027
8144
9078
4734
4180
5971
5023
6421
3674
4716
7218
5936
9555
9235
2341
8495
5793
3584
2972
7457
7472
9163
2096
4898
8313
3234
6911
1873
2561
4138
4657
6191
8545
8285
3282
9939
5410
7298
8784
8251
7316
7642
4147
1981
1020
6069
707
9084
8792
1221
3691
8502
1504
3243
2409
2122
891
6558
5726
1911
8555
9498
5944
9631
4038
9156
153
682
4306
3964
6788
2215
284
6555
6548
1373
2276
8908
4569
3104
2857
7895
9232
2000
3549
5144
7517
5051
4356
7902
1688
9282
8591
4512
785
1176
6767
8586
3153
9031
5560
1109
8527
8285
8868
884
587
4852
4352
2394
8330
3728
3415
9610
1759
1057
5337
2518
4658
2744
4440
8681
8928
5797
5599
6640
2895
2319
816
3858
4460
3341
6328
9873
7971
5874
1056
6665
7754
3190
2739
7317
7131
8174
4935
6593
8780
734
7946
4041
6908
5749
7706
7808
5468
5254
2465
2494
71
1831
5708
1729
544
5650
8278
3236
7175
7529
4277
7645
455
550
1825
5775
7919
5344
2076
4640
2123
9882
2771
8149
7998
1190
2352
6522
846
2615
1944
1806
8076
3460
2024
4666
5599
4360
1943
402
9708
7222
1127
4676
2740
4953
6766
7646
5194
3626
9884
7244
2991
3659
9928
415
7324
3488
2491
4025
4411
7437
1544
9956
9171
1194
1559
5266
910
4740
1165
1679
3448
6253
2202
8611
3302
9299
1230
2868
5009
3534
1880
6809
2094
4883
2637
441
8603
9830
1410
4977
424
7132
6822
6548
7919
5550
8062
669
1137
8362
8094
6496
5215
7395
4337
6894
1858
4904
6358
8807
2695
2290
2743
4074
314
3239
7142
1864
478
6812
6535
8759
5575
8936
4100
530
4468
131
6161
6910
3948
7645
973
839
9092
3003
6769
952
4138
1132
9928
730
8849
8633
7931
4740
3513
6155
7672
3760
1722
8055
3246
6926
1565
5364
3496
546
4167
5566
51
7865
1859
4754
9774
3497
3083
5961
3645
3638
9331
6594
4170
6288
6338
1464
2361
5114
2461
1171
4358
1510
6498
9466
6893
5963
8206
4854
5957
5481
4651
5601
2138
355
9306
1133
8277
5243
5800
8114
4459
7467
3424
1039
7423
5951
30
482
5348
1441
5147
3506
7827
828
8938
9945
806
8354
8061
1168
4127
4697
8325
1394
1431
2208
6516
9506
215
8575
3249
8953
5292
2908
8647
5975
667
5674
4026
8891
7985
2844
4087
8893
2293
440
5767
7977
7117
3542
4192
9878
5466
2247
552
3492
961
4595
3079
3813
9414
6074
4823
3554
6359
2060
6107
5166
5330
9045
7961
9863
5972
5936
5189
1480
7199
2380
3772
6364
3704
1548
8618
9150
3786
9703
536
1068
1418
6256
3845
665
9160
6353
7520
7937
1982
5904
751
6567
3128
9908
3392
9659
417
464
1625
2535
886
9181
7213
6504
3672
8487
1182
4762
3860
9438
490
6956
2743
1436
8052
627
3920
4150
5711
155
4166
7068
2489
487
5426
810
1266
4505
3963
7569
3719
5166
3756
2336
2655
7153
4756
2859
9954
6735
2682
4638
8561
1018
8427
1211
4550
7367
290
863
1017
7043
9682
8866
7611
3778
8275
8285
2995
9544
7718
5302
6675
7008
1703
3863
3862
4489
6782
2798
1208
4785
6514
5309
50
9178
5051
4064
2016
153
5586
5438
3153
8333
6023
6089
7323
124
4143
9488
8968
1529
4328
8644
2433
9874
794
1176
5877
5046
9867
2321
9061
9844
5519
6413
4016
7134
4411
2688
9734
2588
8612
6649
4523
6557
8169
4067
347
7433
3098
8247
788
6434
9139
1375
3012
8312
4920
4917
7408
3323
7855
4906
9278
9947
4181
2819
191
6236
6414
846
9836
918
5245
1266
8492
5256
699
308
4272
8492
5144
8950
9884
678
3995
554
8930
7830
248
4692
2267
6989
4493
525
5429
8540
3784
1108
340
1191
9161
2815
6470
9513
655
9839
5048
8257
3298
7121
3806
9674
9309
2545
5379
4553
7110
6505
861
6623
8971
7768
9243
4878
3914
1070
2879
4313
8909
8994
6146
3588
608
7478
7240
522
9184
4851
4737
9277
786
4094
6825
6551
2941
6732
9277
3055
3926
2706
8266
4136
2454
6484
4676
2580
5482
5471
