1471
8182
6934
4323
4510
2789
4710
5944
4406
1516
8147
9185
5406
7054
6543
5214
8277
2967
8701
1915
5375
2301
287
8470
9373
5013
9342
4302
5097
3
5904
9559
9691
4377
4265
7210
9115
6160
3744
2744
3764
7429
108
8735
8960
2570
5868
3142
4581
4317
6352
6754
7372
5366
7543
2363
9067
826
7509
4889
5534
7213
5585
328
3878
548
4617
1626
1421
2200
7810
2571
8693
3063
3679
9904
5661
36
3677
9881
2239
8879
3066
2309
2473
6415
3728
293
5430
1659
49
1737
1400
8872
6832
9286
1620
2941
378
7561
6985
9362
5919
8709
8366
3671
6433
8552
72
4561
4840
4604
9638
8751
4879
8361
1481
6826
6430
9863
9602
3707
8741
2705
2394
1399
5362
6694
6680
6805
1568
3433
3779
6833
5212
7817
5588
7865
1748
2890
70
5348
9791
3410
2253
1554
6787
2096
5328
5277
7399
3750
1589
2143
7909
2263
3640
2255
11
8523
7031
6595
6927
5440
1501
8297
7293
6539
7849
352
2366
524
2106
4625
8198
8000
106
2683
9402
735
803
9692
6941
9461
9378
1883
5894
542
3431
3026
2223
5130
9958
2218
716
2689
6413
4958
1621
6224
850
6193
8818
385
9401
3996
8851
745
2127
1968
473
2874
4470
9497
5476
6361
365
787
4890
6442
4554
8150
6321
7239
7559
7773
4473
3728
807
6949
8857
5820
3347
7585
4436
6109
3814
1930
1240
7986
9265
4531
387
4710
8619
8938
4066
7189
9737
4538
8535
2015
5750
1214
7798
6469
4735
8241
6252
3457
1646
1297
8557
7474
1760
3921
1720
3364
7813
6909
1481
6766
6388
9577
3484
6741
2584
2450
7496
4958
8460
3830
6912
8321
8766
5823
6977
5753
4866
410
7512
487
1142
1926
7636
3014
7869
3576
7987
4026
3771
9836
1820
2626
908
4453
4984
7244
8913
2853
4461
3527
7272
4169
2952
3380
1766
7692
6103
6998
4324
2700
7617
5832
964
8921
6019
4894
2750
7065
487
4435
1595
6680
8114
9073
3981
1101
8443
7984
9369
1736
4067
8149
5698
6232
2614
7004
1987
6969
3564
7953
8329
6522
331
2039
4859
7116
9277
4491
4615
5575
7290
4019
1802
3095
1730
688
8427
6835
4233
2227
2148
4414
255
2268
9902
4246
5499
4205
9337
8826
6259
7949
9285
57
2635
2712
9375
3013
9527
9348
5595
8183
2095
2590
1515
5628
8590
8979
2745
3052
2071
4875
6343
2491
9845
7119
5552
3977
9388
7243
5594
2516
737
8254
1867
4637
4595
6127
6645
1960
4133
3162
800
9837
4810
7064
2258
3131
5339
4445
6573
3676
7527
1370
4661
9236
4840
1234
8460
3331
3198
4362
908
586
1658
9674
4241
3418
6025
6528
2561
951
1723
6740
1464
3564
7007
6037
6084
3833
1725
7874
8458
7879
2335
7781
1763
7963
4717
858
2246
4457
4915
4590
1299
4672
5378
2867
5209
7251
7024
3167
9717
5224
7084
8739
633
8857
9490
953
9972
712
7383
7847
2371
3488
7042
7777
2612
5126
8503
4859
7298
95
7025
3691
9938
6986
860
6733
6425
4734
6124
5136
344
1534
3117
6558
1045
6041
1096
8777
8439
2671
2142
3696
2077
76
164
897
908
5465
363
552
7700
1544
4075
3350
3901
8253
2060
461
5251
4733
8801
4887
4811
1454
977
6199
2721
2349
6899
439
9008
9407
6133
2096
8701
8271
4969
2184
2256
3622
509
6726
4047
9129
9750
4465
3753
3228
7640
7414
1612
7813
9811
5784
5668
6891
9982
3906
4769
3996
3065
8904
4131
9262
8018
1820
5205
3213
6662
6764
9987
3363
3265
7576
3161
4150
1364
1665
7785
1852
5794
5261
1032
7305
8727
103
9958
1977
7333
5156
7577
1705
2989
1120
437
9135
8422
6583
1498
7882
1533
7535
6665
9603
6682
2083
5700
3331
1162
3818
850
9615
62
1590
843
4815
1056
6473
1654
2588
4221
1632
3005
471
9139
9716
8073
6294
9736
646
6320
2457
9348
8887
6487
6155
7677
2410
9733
4884
7869
353
5143
3691
2962
4003
2329
9833
3505
592
8599
4121
7960
3803
3201
1851
7007
8582
5620
8743
2874
3452
3403
3423
4046
9751
4177
2766
3181
4098
7489
7884
8560
744
4636
979
6000
8411
7238
4732
5776
4449
6990
8659
8619
5129
8104
473
422
7131
6857
1943
6753
9726
6302
2480
1199
5379
1258
5040
5871
4462
6426
2321
7271
5348
2406
8268
4940
6384
5510
4812
6369
4224
8478
4046
5593
8221
9000
9428
1546
4104
3101
7737
8512
1311
7375
6960
395
2238
5990
949
503
899
6197
8933
6502
9402
9848
4313
380
9639
3724
3596
7750
338
1163
6942
4759
8987
3587
5426
1297
1679
9282
8818
7133
4468
6497
1810
1415
2446
681
2114
6584
6452
3446
540
5585
3772
3127
382
9106
5603
1246
2498
5540
4425
8746
3192
169
1785
9551
7285
4574
3862
2767
7972
9817
9856
8391
2267
7221
374
6440
5193
9079
5414
9921
9516
7357
8880
4470
6367
6178
1864
1550
1008
3408
1162
3438
8527
7394
9976
2606
546
4021
7743
1445
2053
2587
7032
7815
3503
2635
5274
583
8177
9784
8764
5593
5927
8044
7256
9753
6304
3329
5228
8546
3963
3741
1482
9868
3879
3047
8190
4805
2717
2250
4576
7274
5321
9045
2575
771
18
636
6894
9721
7595
6863
8827
5092
3586
7348
7386
8917
4870
2547
720
780
406
9567
8059
1799
8325
2428
6463
840
169
8001
3723
5442
82
3484
2730
9808
8488
7180
9814
8338
6989
9647
1063
5621
2177
4312
3480
9277
5988
572
9675
7937
3047
4010
4771
2547
6636
1461
2558
3915
9195
895
1830
6272
486
6627
7789
6290
7524
2575
4550
1974
9130
3228
2243
7119
120
812
3832
7894
8895
7631
6814
5221
2016
8290
308
9157
1632
9461
5920
3954
9655
5398
403
7224
6312
2063
9227
4173
7243
2441
6306
4139
3958
9388
4003
3095
1626
3540
5917
7779
7946
737
9248
3676
5702
4555
4004
273
1269
912
8168
913
3729
6220
1192
1407
7084
2612
3177
4149
7633
639
3326
658
2981
7313
3724
4642
4493
7125
1146
4104
1897
9462
2578
6506
3053
9962
9333
6825
3232
6060
7931
8668
1725
2100
1992
4296
6311
5621
170
8478
6730
2595
1950
3985
7628
7823
7138
2290
9379
6817
5301
6010
448
2497
7979
7811
2952
8289
7869
1011
6020
5099
6685
2118
414
7122
119
2376
5100
8071
4050
7260
6649
1675
1270
4939
8654
9276
2728
6588
9824
5838
1441
4764
259
1415
1917
4491
5197
2806
4558
3491
8485
3073
1761
3925
57
3386
6312
930
1311
8846
5270
5138
1188
2170
8138
8181
5728
9674
9747
1924
6458
5935
7554
6707
9175
2379
2252
1509
7470
2204
9806
2524
9511
3780
1179
3643
7730
3905
4545
1050
1733
941
7946
9574
7757
8980
830
4994
2660
7757
8966
958
5587
9080
5739
4306
7215
4114
637
4919
8512
2248
2880
5922
8847
4373
240
9198
4749
4025
1317
389
5328
7881
353
6842
3592
1341
7655
742
5648
299
7862
9470
225
365
1666
1053
7536
6656
2228
3651
3767
4140
8471
7642
5376
2635
8179
2512
9454
376
856
2054
326
7494
2832
2308
763
4874
6919
9638
2568
3782
4070
55
5365
5810
26
6361
6860
4473
8868
830
2502
5901
7289
4359
2895
3992
6458
7478
5976
3873
9806
3729
2379
3543
3722
182
3688
5917
5491
5125
4206
530
8683
831
4886
5964
4855
2409
601
4960
1473
7629
7538
9520
5337
5053
3326
8497
8054
5860
2832
9304
5115
4123
2097
8241
7172
5797
53
9724
5071
6632
9512
1924
4168
7449
9991
2397
9501
6530
843
9418
8720
7458
4559
9352
2635
4097
9203
3098
4877
8110
3034
737
4114
6680
8126
2744
3570
8309
7748
1754
9760
50
6297
5120
6722
1064
6443
8363
3216
2711
6436
346
1973
8114
1329
4409
6035
54
3714
9142
9699
5768
3082
8097
7801
4394
4181
8399
4550
3082
745
9179
2280
2952
2309
1450
6892
2321
9831
457
1044
6061
8666
3109
4883
6273
1084
135
9716
4465
9069
2602
6203
1606
2531
6858
2659
6488
4331
699
1575
40
4650
7379
2444
6109
945
2917
2747
9529
431
7147
6813
5318
9968
1087
8287
9683
8403
422
3428
2565
8666
3994
5450
1228
4330
7970
7572
6995
8594
2912
6375
755
2937
1238
8737
5157
2608
2950
7667
962
7046
6549
8351
2921
4442
2491
6940
5483
2219
874
7462
7767
4044
1961
5859
5245
7491
7244
3744
2513
5968
6065
4842
3391
8411
5769
9433
1525
3670
1729
1751
3249
2338
2828
6750
9591
8845
5263
5327
4463
2936
7848
4430
4298
3879
4796
1371
8319
6882
3212
8764
1862
6697
2387
2917
2607
1572
3550
7786
6896
9064
361
9483
8346
6053
2786
1630
9063
4428
6332
7067
4018
6686
4147
608
2786
2240
7254
549
1476
1835
8918
5690
8548
4799
7673
2268
6505
4328
555
6742
9770
712
8563
8308
2129
820
7437
5731
5562
1019
5321
9749
6231
8417
7791
1248
7652
7930
3676
1974
2242
8097
414
9679
6098
8088
2649
1490
7711
7914
3251
9491
3800
6076
4018
7238
3337
3955
3760
6449
2374
2895
8952
3360
1955
3748
144
3698
963
4041
4514
4097
5339
9545
5545
9759
641
1015
9604
2763
1254
1439
5978
7779
7150
3224
6187
3540
7784
3589
5087
4125
1278
6891
4493
4145
7179
1548
7114
8138
6467
481
6460
8811
2964
5127
3081
2734
7319
7841
3441
4717
5891
6651
2309
5116
1054
4382
9906
2162
7505
8239
1678
7961
7655
547
2030
6651
8225
8925
657
7884
5369
4823
5037
2183
5633
7327
4852
5761
1240
1336
6226
9929
5864
6850
8566
8689
5759
1428
3435
4182
9639
566
5329
5178
3764
6011
1293
5667
5594
587
8762
957
3225
5182
6202
7018
4486
4916
1869
1994
9543
4514
5212
533
9514
2024
6611
8869
9170
4317
4537
7985
8496
4571
9709
6036
4858
9512
3678
9181
3802
6025
3975
5807
5062
3307
8774
824
9575
60
1560
9502
8840
6131
8963
9269
5869
3664
6206
6494
8429
7934
8177
4074
990
6181
5541
1964
8188
1996
2343
2044
9045
4716
2174
9255
8788
3344
2918
9252
5959
521
3721
5953
8352
7325
2346
8636
4309
3919
3949
4207
2436
3642
9670
706
678
8070
700
500
2830
3582
4906
9716
1103
3736
8930
3865
3175
5283
526
9410
9436
7167
149
9272
3954
9334
5046
1039
2214
4425
4355
8155
3513
8309
6621
464
5164
3412
4216
2529
8885
8223
8699
8378
9292
7857
4487
8601
8724
8663
3409
535
73
3876
9342
5013
6850
3281
9066
4193
3923
3121
1285
1992
163
867
1722
6709
3988
1985
9644
3496
8436
9493
9568
2162
7247
8539
3378
5276
3103
8257
2453
5479
9025
7194
2314
2414
3285
99
5163
2119
2146
6285
2341
4057
3411
8921
5408
2856
7058
8849
3421
4203
9408
3747
5915
2287
3646
5273
2773
9092
8522
9075
3755
3077
458
3943
8748
3509
8878
2526
1789
9637
9861
175
5496
9442
4255
313
8308
5179
9098
2682
1517
9248
6716
8173
5360
1557
9867
7712
2774
6870
9228
643
202
3222
7558
9516
744
4576
4818
888
387
6910
6434
6268
5043
3479
4827
3802
26
8306
8288
318
3906
2329
8076
6232
9477
5226
3595
148
5303
9367
7142
6005
964
7405
6490
352
8674
5233
6916
4596
2258
1142
571
568
7881
1052
1337
909
2181
4386
4439
962
31
1900
3589
6903
1948
9103
3011
9481
2366
7625
462
5531
5485
78
9850
8982
2862
5278
169
9191
6238
5618
8437
5559
1966
8149
2768
2552
8730
3983
8789
7418
1143
6395
9850
2398
9401
2155
5157
7426
6430
6130
1352
6283
7291
8191
3466
6081
1841
8233
8883
996
4427
6838
5908
9068
8614
3014
2145
3070
4189
8764
492
762
1888
748
5136
7793
1073
3631
2070
5140
5708
7284
6455
4408
3088
3426
6478
4038
7373
4520
6905
4607
5900
5221
6796
5644
3445
3059
6274
6323
1842
9693
8386
9205
9566
1538
3706
3717
8440
5634
6618
6803
3322
9989
4751
391
1825
8971
42
4809
4296
6750
3276
4220
357
9571
8049
4027
6592
1376
4535
7435
7148
6887
7689
4993
67
5312
1180
5421
5570
6565
1509
3731
2318
4007
3764
5450
1617
5343
3090
6718
1589
9230
6371
624
3404
389
9031
7133
6953
9137
6003
8363
191
2270
3734
2784
421
956
9035
445
6610
9071
8955
7448
906
1264
6636
1735
8517
6145
1177
824
152
8654
9679
270
8931
7887
8722
9893
7606
6522
