6586
2758
1569
373
5229
7831
3542
3337
7338
1722
1293
8866
2559
2341
8964
1987
8488
6369
2337
1126
9685
4476
1685
4401
6070
3530
5967
2628
6053
9608
3370
7775
5425
7361
4484
7217
6306
2937
540
7482
3086
1031
5814
9938
9863
5519
1247
2243
4606
2125
5944
6465
7400
2670
1697
155
3835
7736
2627
4265
6406
6042
2361
7620
5899
8222
4060
9221
9049
7915
6042
389
6778
6264
6195
2404
9941
3546
6319
6454
609
7230
5391
3175
7160
4706
9966
8655
3779
4125
1700
1265
3943
3087
3224
7085
1180
5219
3678
3029
2102
7010
9316
525
2
2433
8901
5788
6943
5306
1257
8463
790
5576
2569
8268
9575
5003
7714
2355
929
8492
7110
2385
7278
171
1881
9870
8169
9508
1230
7943
1517
9632
2063
5094
4907
1207
3955
6845
567
4706
3951
5825
4800
1471
460
3091
4762
4751
6944
9914
5402
345
2828
4412
2989
6993
5729
2716
4213
7635
6176
6557
5921
2713
1053
9460
1032
8653
2463
3755
5314
9384
4839
7250
8035
3848
4682
8080
9045
2176
6364
3192
8833
6713
9019
9079
9641
7190
1941
7129
6549
6582
8151
843
2984
3667
8388
3387
4030
9751
414
3787
3844
1006
3395
8533
3892
550
6567
1032
6700
8243
5018
2785
7258
3503
2518
6245
3174
8030
3208
6058
2892
5584
1912
4550
3844
368
8358
7807
2688
6521
7715
8401
4514
7113
6889
2718
1607
6541
4424
5439
4227
971
9791
5817
8618
575
899
9771
5752
7149
5710
4628
9215
4293
7607
2801
5195
5525
6521
9092
5139
8328
1731
880
2205
92
7549
2401
9614
4082
1857
9640
5886
3294
4141
5108
3060
4494
9924
3436
9507
1799
1003
5001
5968
426
9831
3553
9327
6054
2672
9390
6889
7815
1474
2221
6988
9325
1857
2481
3551
343
3206
504
7169
3310
1658
2358
1517
7566
2701
4013
907
8655
948
2478
5142
9282
4973
7193
3717
6967
7792
3649
9929
8763
2644
2379
530
6942
1098
596
9774
8066
2522
6162
6015
656
969
5411
8024
2805
7892
3442
2036
4378
9259
6664
6579
2625
8156
1518
7505
6619
8539
1633
5540
2406
8860
8831
8579
404
4973
2589
9870
5415
2370
7867
78
808
1694
4127
3017
8007
4890
7342
3313
7676
6230
217
9851
4156
7530
9444
5879
1879
6663
6754
1713
5806
5502
492
6610
5859
2684
128
2579
1448
3458
2662
5376
6441
9053
6686
5781
9142
4422
8981
8536
7528
8184
7271
4322
9621
4632
334
8523
5599
5958
8008
5201
310
6096
5303
7077
9390
3581
4305
2114
3755
7613
6936
7354
249
4106
7204
7055
9480
6234
7692
3243
4676
916
2132
6653
1762
8333
3121
8673
359
5902
6023
2778
6659
7652
7763
4286
4330
7971
7732
5646
1571
1720
7268
7921
6698
8058
8373
8908
6128
6667
6391
8112
5746
5297
3062
143
5431
1323
1152
12
5458
130
6803
9839
9368
7743
5
4530
2939
6547
9918
28
8357
5942
4863
295
7137
9487
3526
1119
5827
621
9081
2025
3351
5904
7280
3277
8358
8295
1663
2162
998
7127
6753
9957
3977
8644
7536
1142
4149
927
4785
9439
2564
3596
797
7137
65
2943
9257
4012
4643
8803
5575
4763
3287
5350
8341
6586
6693
324
1443
7782
1685
9279
7283
3679
3706
8616
2985
5740
2844
2812
8642
5915
5156
5566
5921
1891
3936
5869
9235
7672
7862
3970
9844
1130
3237
1768
2043
4939
7943
1880
6304
8267
2196
1439
3406
8274
736
5791
3572
9817
4387
9663
421
7157
9913
5296
6991
8945
4176
3245
1273
4086
7295
5149
9237
4698
6695
5625
4565
9091
5985
3092
3913
8230
6854
684
7447
3073
2302
1900
3876
625
1632
7227
6014
7216
7656
2917
28
8766
38
3395
9357
3787
6083
41
5437
7583
1215
5933
9270
2790
9958
1007
8675
8699
9921
1801
256
6576
600
9556
3277
1175
7045
4948
6513
1
6084
4545
2859
9152
8374
7732
6932
1770
3749
7034
1009
9837
2706
5912
1156
4425
506
683
3617
6271
7495
5866
254
228
6562
9243
1396
3601
150
3630
8915
939
705
5178
1122
7802
3588
850
8915
3448
5913
6468
6612
6631
4051
7102
9954
2463
1793
7981
2440
164
5437
4547
4694
8416
1905
7284
4557
7442
1849
573
7078
8882
7859
1346
7090
6415
6403
7267
7660
5288
7907
3274
6507
6947
5304
1987
4532
4621
4512
2200
5052
2399
1735
3848
5914
553
2472
1636
3899
3181
4992
7910
1375
2523
3295
3726
6561
6245
6920
1210
9429
894
3992
7921
393
867
9027
4252
5006
7046
1961
9457
2192
467
5704
7230
640
8562
667
5006
4515
2600
9136
8283
2371
1513
6488
3153
7619
9630
5543
1291
336
9070
475
7916
7875
7565
2745
3771
8035
9118
6179
6860
9208
5958
1637
4519
1690
4559
4591
392
6232
9653
9661
7506
4948
337
4162
3888
3803
1103
5620
6346
915
158
3488
1136
6557
9187
8302
4774
649
2858
6191
9308
553
7307
3875
9257
9086
4885
39
4756
1774
5593
1067
2670
7416
2294
9554
1103
2814
3660
3826
7099
7456
575
7964
8897
186
714
7381
6976
6435
4173
5507
3318
4374
4981
9027
3719
6142
3383
2727
6198
7515
6377
1118
6291
1873
2716
1819
7505
5151
6489
7671
5347
205
231
4913
9906
302
7734
4068
3405
8373
6140
5250
1710
5252
7146
7868
9669
9680
218
3379
4547
9712
7959
6329
9685
9684
1224
2945
9723
3571
5850
6405
9908
5500
8137
1669
7608
638
8299
5325
6738
4035
2234
3008
7207
1367
3164
6945
2071
3335
2513
9520
1919
2532
232
3713
7657
9974
6045
7512
1809
3549
7539
3393
2804
2067
9130
5964
167
558
3517
5685
9489
3905
9708
9089
422
6290
5825
9989
546
7686
656
7297
8462
3305
1551
1290
5249
1338
1024
5493
5926
2674
7096
126
3958
1381
6909
5672
3026
4897
2352
2688
7440
7347
8580
4842
8639
7914
7755
6349
8248
787
5484
1770
4419
5923
7442
2023
2163
3059
5508
1547
5567
3749
7820
882
8958
4757
4535
7807
5870
3659
2456
8417
6785
7229
4169
8382
9925
9298
8319
6381
3903
1857
6536
9248
3859
5127
5300
7470
1938
5895
6109
4526
3248
8715
3013
9839
8048
8169
2187
3173
2159
1762
3193
717
7226
436
1708
4274
1565
5710
6593
2104
1386
4563
3081
662
3649
808
7737
257
8802
5880
3104
1715
9788
4392
485
4250
5345
9316
3325
3100
4008
9703
358
2392
8910
8794
2755
7784
3003
884
4821
1172
8685
1455
4322
6992
6931
379
8404
8165
3879
6892
3296
9628
4424
7279
3186
7494
2115
6074
9874
5370
2350
8624
7557
8326
1538
7652
7202
1334
9458
4869
8766
9747
5356
6344
7911
1266
890
4804
6458
8797
7173
4470
226
8735
2040
8292
7502
5353
284
2479
5805
450
1493
881
1032
1403
9208
1350
8956
112
2759
9352
8674
2346
2187
8658
5757
4369
2685
9174
7968
447
3505
7322
3545
6368
9343
9388
8622
2165
6351
1750
7986
2328
4496
2430
1284
4586
9318
7156
8997
6104
6494
8206
5236
5052
3823
6689
9079
128
9662
469
3256
6253
4221
3867
5738
977
866
3643
5334
3855
3648
4965
2598
7905
7412
8713
5309
4504
9774
1635
1282
2372
1082
2686
1575
5823
762
6457
3466
691
6786
6214
3079
9964
8271
8223
7192
4584
2149
5460
122
9083
3251
287
8941
7328
6229
1545
3864
4841
4854
7237
1430
2903
1408
9274
4017
8981
3634
6638
9529
7407
7548
9501
5201
1472
938
7577
2135
1849
6395
1531
9646
1725
5117
6216
570
8297
8086
5024
167
4881
9505
6735
21
2709
6132
2038
5092
7747
5770
180
2745
231
8305
317
6154
1117
994
9949
220
7590
73
982
9446
8776
6800
6212
9233
5904
604
9490
4702
2324
1219
2598
6916
9043
505
4951
7221
13
8998
9151
9708
3583
9877
2299
822
1062
4571
639
858
2565
5634
2614
6453
6882
6178
6391
726
5498
203
1124
1331
8677
8593
4892
1127
3668
6276
7888
8633
6743
3274
7219
9929
2491
7036
4026
7897
3680
2986
3523
4965
2281
5068
8641
3025
637
3510
9189
4494
9322
3814
6745
6793
5145
2045
5207
9824
844
9688
2470
8066
3620
2107
9828
8625
9776
4313
2095
3286
527
4449
7389
9458
2310
7736
6459
1357
6813
7504
4690
5965
6996
5938
6022
1524
9332
2045
8153
6549
3664
1162
4413
5493
7081
1947
3078
9659
2577
3472
493
4931
8455
8918
5489
1861
3809
9997
423
2252
3880
8020
7795
1814
9901
4755
9007
4807
6089
2324
3352
6794
562
9294
3832
7845
1834
6432
6525
9336
3570
3527
4585
9906
1723
6828
8115
6848
1069
8285
9098
5219
3104
8182
9530
669
5624
620
1895
1239
1886
5062
534
7250
9369
2072
2059
9000
2763
9997
9277
6830
7879
4304
1270
9417
2065
8135
5687
7369
5630
6557
9672
8199
234
2315
6908
8502
1849
6450
5411
5993
9669
4711
2425
4321
6934
4299
5595
2065
79
4582
7306
7232
6565
2560
6585
1610
5819
4427
7697
4996
8776
3680
5139
8874
2410
9509
8685
7702
7604
1432
2358
7871
8195
8379
5203
8060
9006
4812
6444
1331
9804
5711
8521
3923
9327
9754
3125
1210
3486
7693
277
4852
3296
588
5954
9953
4836
3146
5201
6241
7470
147
2260
8334
1852
3911
394
3606
3926
3678
1473
6532
3028
716
6476
3706
9321
1555
3839
8861
8109
5807
2327
1533
8217
5490
3495
4272
2684
5101
8589
650
7866
5143
3411
6554
6707
1821
6225
9812
9266
3654
1807
5942
8492
2690
7128
6538
9896
1711
4955
6471
7966
9143
2155
676
4568
873
8950
5755
2629
6722
1651
3429
5228
9384
7540
7735
8942
3043
9467
6313
4052
4328
6649
4367
9607
1171
3410
854
7087
5761
4204
252
6323
5784
1733
4092
2351
6531
6724
3717
7860
5565
1704
5335
8153
393
6238
9225
8559
2412
2158
8729
6770
7000
1732
6449
9259
1269
7436
9842
386
5598
3718
832
9025
6102
5930
3258
8548
9925
549
3156
9197
2419
6609
1155
8724
5087
1058
6244
6427
5260
9741
4889
703
5769
8547
7569
9866
3163
7707
6019
9270
1034
926
7415
1852
8517
7724
4737
8090
8930
5884
1899
2259
5030
4944
5773
3217
1837
5383
4588
3765
1511
8684
9436
4111
8544
9019
883
5001
2745
1236
1340
701
9512
5880
2532
5015
6505
4624
8293
3158
9199
7853
1981
2636
1180
3787
8314
2932
520
4430
7412
2387
5585
3630
9207
6935
4128
2975
7611
5324
7236
5257
7378
637
8365
4007
4621
7176
9622
2827
715
6394
2976
8990
1535
2506
3992
1572
5629
3458
612
670
5346
8199
2047
1321
765
2201
3006
9988
4157
5126
2750
4816
1032
2858
8733
1520
7412
5777
8353
1887
4086
8796
2520
7104
6310
802
1054
2209
8459
5006
917
3865
808
8166
4356
400
8706
2332
5966
4014
8013
8605
9677
8859
2194
2614
4859
2598
4575
9735
3917
2417
9771
3280
6876
2153
6292
9287
6722
1444
9639
3884
4766
8147
3643
7012
3827
2583
6939
8129
8179
2528
1438
4163
9059
576
1413
4087
1276
6653
9280
77
6494
6998
7789
2104
416
4861
4670
9471
5528
4611
390
8688
7539
1153
4736
9956
2642
8770
4507
8206
1250
4686
7574
5613
4902
9761
1396
5360
83
7243
2540
361
8408
7888
6368
5386
264
1759
8248
7324
9589
2032
6891
3983
3434
5591
5529
5324
1653
5573
615
2982
1535
3165
2439
462
8553
6724
7572
2614
6934
1057
9431
2205
7487
2421
665
7929
9959
100
1142
8707
4539
7569
5882
5996
901
7336
2571
1294
6702
5972
9730
8989
5485
4081
2071
3340
3345
2812
7896
8187
1574
6806
309
3438
3623
8839
4235
9162
4833
6479
8988
5432
9344
1304
7720
2156
9097
7976
5514
2527
4338
1203
5888
4232
7745
9645
9320
4745
2384
6940
8196
4341
2762
6876
1674
5824
917
1580
8859
3023
5388
2629
7374
3791
5575
6187
9400
8049
8537
4572
1769
9170
9686
4070
3430
7369
1679
4437
2959
4810
2012
8874
6637
7112
9364
9831
5802
1751
316
9830
4412
1902
5082
330
2543
7371
1508
6109
574
3761
8986
6696
6510
3853
2765
5377
1399
8086
762
6175
2800
6979
167
137
6550
7750
4073
2860
4489
6038
2432
8235
9667
1594
7071
6193
1861
4225
155
5234
3999
3983
4512
1631
9324
5650
4267
8952
1800
5747
1591
2796
9007
2231
6903
44
6500
7909
6957
6942
2506
1170
4373
1694
7858
6408
5361
1102
4658
1845
8593
525
1678
8320
2814
8614
1622
3798
7076
1679
5980
1939
3162
6882
9184
4044
9679
9241
9658
5112
5267
3858
579
3183
6879
8786
1296
7307
4898
3174
6492
1083
280
1060
1920
7255
7257
1232
9890
4861
764
8475
7576
3193
7766
9909
3303
244
6339
2947
9468
4676
384
9436
6310
9089
2642
3757
3438
1959
1494
7948
5669
3415
1254
3242
1016
3848
8709
9810
3202
9515
199
4030
8175
3948
1808
1128
3704
7492
6520
3598
6511
9211
7239
9583
2744
4955
466
4418
963
1472
9874
5877
7650
6076
2270
7267
