6907
23
3605
1007
5771
7379
650
5981
4005
7789
6476
2768
6582
6304
1552
2126
7062
115
4653
9855
4062
3763
6020
7796
2352
8091
6010
693
1719
671
4692
2323
4636
473
6414
8348
9170
8762
1464
6604
3711
5426
3613
5137
3015
7627
5633
5111
7318
975
9094
4161
7018
2027
1131
3337
4715
3227
4882
4943
9176
3300
5036
2094
8383
9392
2916
1724
6873
804
1908
5808
7840
1758
7112
3581
7005
218
893
7869
1330
8628
4629
649
8577
1735
2507
7620
5239
4692
2525
9240
6633
5327
6091
8056
4345
6595
8698
3364
3893
7829
2757
1963
8604
8725
9376
9947
3070
1201
6442
7876
6239
5189
3728
2138
6711
9165
8872
5689
2761
7787
3504
5971
9758
2963
1155
8613
189
5507
9413
9128
1562
3264
7196
5794
536
5628
6955
8589
2604
132
5899
5072
400
3014
6008
4681
9024
6303
6710
7548
4788
3010
911
6597
4010
1269
266
5897
896
6086
1784
2490
9979
2251
4910
3738
6695
3206
6779
4055
732
967
7957
8853
7865
891
548
5257
4671
5507
2538
7617
7469
207
8957
8945
7715
4953
611
4888
8341
2319
6249
5873
9390
5816
8192
4613
5902
6135
7796
6158
1938
3757
3674
183
351
1145
4374
9359
3162
4059
8374
172
70
4870
1743
9980
4699
2771
8802
198
1856
1810
5882
8175
3686
6556
2980
1993
3632
3060
635
8598
3474
2491
6672
1210
21
3507
4515
5822
9156
2907
7392
7057
518
5465
4744
2089
2104
4263
3691
8695
5238
5620
6015
6952
2838
474
5584
2584
8530
7615
6180
2018
2016
7125
1129
946
1647
4493
7998
8971
7792
7881
8171
3012
1919
5502
5997
4845
5996
9016
3874
2623
3914
1815
7437
7746
3940
8568
8919
6792
2583
4287
6771
870
4576
8239
9851
339
178
2476
8108
7065
3315
3447
6427
6921
21
4041
9058
5819
7436
155
2908
4914
3841
7522
280
9806
5506
5384
3485
9755
5027
4437
7259
9991
9829
1293
137
7873
8369
274
2369
4285
4578
4362
8996
3508
9084
9996
3083
9576
2829
5892
1099
1349
4334
9270
6900
2626
5109
8271
566
3623
2747
3398
6801
3225
5589
2562
7959
913
1025
613
7600
7386
191
8790
7994
5417
4905
4765
7259
2071
9313
5175
421
6666
7221
2665
4628
9810
2033
1841
5703
3135
8866
5159
5096
9999
5746
8323
5354
9461
933
5449
1166
9413
3263
2271
7234
3036
848
7951
4247
1341
7021
3287
6941
358
619
478
7389
97
3258
3937
5202
4198
1485
1628
2069
174
3362
3956
7060
4722
2354
8160
7663
8082
4022
328
7055
7409
211
342
8914
3726
9204
7897
9079
877
3748
9929
3666
9380
820
7764
221
4834
8847
3143
1996
617
519
1704
4843
9132
3499
6096
5318
4996
2024
6390
8580
5485
9593
9991
4193
845
172
5057
7031
468
962
2990
2393
7982
6147
9167
3067
7350
6412
6398
2017
1813
7030
2821
8482
7672
6564
7612
6888
7519
9769
3069
5575
7506
4243
5669
2232
2110
4616
5651
4370
9357
4811
4114
7891
7172
3067
1011
0
9237
4009
2532
7799
2549
9555
7677
3373
2280
402
3241
5801
9720
4268
2273
1131
3093
4295
6004
7259
9878
2987
4499
1754
4094
3027
5448
1799
9177
3200
839
6384
1653
7593
6413
2642
7342
3218
949
3984
1330
616
7706
6796
7043
6247
4086
1957
7706
5689
2472
3741
3657
155
8148
4581
5369
2653
3125
3223
5362
7317
1966
1040
2969
9329
1502
1976
1123
9047
3009
3919
3144
2555
2291
4518
7091
3645
1903
2087
3206
331
2534
2610
3434
3626
2491
38
8099
4461
5627
5880
6274
9088
683
4706
7205
5924
2249
1291
5721
4854
6516
3599
7152
8766
1016
4715
621
6529
8097
8663
1499
8004
1217
8192
3822
5998
7436
6337
8289
5448
3232
9693
6078
2083
1379
3244
3885
5158
3845
6640
3476
3827
4500
82
4620
1237
1501
8926
3236
3480
5808
6312
9582
6677
3789
6841
2728
7913
8443
2170
2149
4321
7640
6795
9802
1875
5050
5761
3717
796
9619
5994
1015
5490
1875
1678
8914
6341
2471
3668
9869
4791
8688
8061
500
7412
3103
66
972
1600
1596
229
4709
9660
3621
2806
4153
3157
1139
6661
6513
2041
4857
1278
4630
7206
6694
8470
5204
9025
3241
4736
8331
7264
4068
5805
3679
245
8154
7342
3600
8567
5666
6359
7972
7294
8157
1697
3727
2075
1956
1676
4117
2194
1786
5728
2166
8997
7536
3854
648
1598
9720
6136
4579
3944
3010
4585
1317
1946
8258
1650
9429
9634
162
2770
2213
6010
1587
6753
2673
1706
8527
3226
1925
4682
7450
291
155
6065
5095
6586
6848
3519
6167
7774
8936
851
7548
1846
7784
6666
75
1186
5954
9125
8736
6076
5886
8709
6251
1466
7283
7206
2681
8004
821
7349
6414
4284
2872
1119
1789
318
6306
6728
8874
4950
2271
8773
230
8745
5902
8438
8618
3665
5177
5171
9519
5608
2306
946
1610
7600
264
1523
6917
1180
5001
5880
8104
8735
4065
1572
7463
4335
209
8334
7365
3093
3003
9234
6262
3588
8122
1044
2866
6804
6686
402
7045
8442
8596
5990
3331
3878
533
6196
2393
8
7509
1958
8046
1407
9531
6530
8393
6496
1281
8836
3052
5103
545
9165
1710
1117
5519
680
775
3279
6134
7797
2980
2006
5066
7140
4266
5616
3869
831
9159
3227
4365
7732
6564
9793
6010
3390
6151
5493
8789
1359
4468
6776
1332
6108
5955
1079
6163
6917
6190
1861
948
1647
2097
6097
2247
9264
8452
4980
1668
4951
4516
5273
8165
5957
9485
4025
8353
1260
5188
6258
6723
9122
9952
2003
6697
8593
3977
7238
3992
5535
8793
4795
6989
2613
4352
8829
255
431
5235
9348
6096
6767
6452
8182
1345
1037
908
5050
1941
9519
3925
1035
3310
7569
4213
2405
7108
578
5588
5679
3556
7883
4206
7701
549
716
5716
1056
278
4516
8189
5028
7922
4332
475
8167
1494
6561
8792
3673
4313
9693
4558
4420
3706
2033
6805
7809
9064
6465
5320
5300
4314
8332
7937
4902
7647
9590
1603
1197
5679
7556
9686
9770
5233
8067
9900
14
7270
9269
1778
8378
7586
5033
1779
6081
7675
5461
7318
92
3769
4899
3032
9499
1614
2038
5828
6339
5151
8808
9039
5704
8064
8721
1072
5336
4814
3910
6700
7921
3670
1275
6144
9552
4547
4358
8455
9079
6661
2626
1532
1514
348
9372
8697
3687
2771
798
3901
9775
7178
4630
5901
9941
4588
3154
3105
8882
1712
3258
8511
6851
4250
4265
6565
7088
2833
5498
2927
5049
4220
4395
9689
9247
1781
1248
7087
5756
767
2727
8336
3904
4388
9764
784
2937
7655
1305
9276
9678
3353
6355
8089
4920
935
9107
1717
9661
2784
3799
7855
4987
6660
1189
4931
6158
9847
6083
1101
1438
3861
1926
1071
6615
2208
2502
8046
6198
8565
4730
7510
6637
9005
6933
5277
2660
9711
5676
869
3053
9730
2130
1499
4065
6097
6499
3709
9547
7383
345
5001
33
121
6558
272
5931
7235
9327
9017
7218
7066
8265
3938
4726
3809
8420
6833
603
2280
2696
8952
8257
4558
2303
1495
7711
3847
1481
2843
8028
1304
9798
7349
1257
2463
5028
9926
3518
3632
7029
1094
1632
2282
4187
6804
411
4617
2467
6055
6322
5348
7660
4514
8512
7750
7042
9302
9706
2458
3132
1266
6355
9423
9102
6310
3403
9547
3275
4309
741
412
9914
2057
1956
7657
9108
560
2337
280
3512
8515
7339
6696
2299
9672
2588
9822
6079
9853
6132
6318
1775
5573
2053
1551
3076
1264
3562
6113
3943
7122
6484
474
8548
2261
2146
6331
9207
1162
6460
8338
8357
8411
4188
4425
2730
5772
6186
9963
2922
2688
531
7255
6726
8632
7157
5341
1070
1238
8218
5653
5597
896
5614
7823
757
6656
3326
661
2792
3319
991
7100
4496
8306
5688
7562
6908
9173
3934
3633
5623
4771
1130
7897
6678
928
1880
4652
9214
9534
3199
763
8400
3779
6520
7486
9570
1020
5340
3801
2011
8810
9455
5882
875
1387
2739
5262
8517
8260
3259
8371
2810
7498
349
8952
18
3200
2450
7121
3209
2714
5757
5703
6325
7535
229
8076
848
3438
5825
9212
3782
6888
2607
8879
2683
5227
4210
7243
4650
462
1574
2342
3718
9848
5312
6137
9999
9116
5334
7903
4404
1887
6136
8525
1103
5625
6714
3533
417
8233
2400
8578
6218
339
7525
2608
3173
757
9447
9411
8030
9688
9794
3661
2545
9506
2519
6558
7008
1944
3065
859
4513
4832
1141
4465
1890
6148
7371
9267
9146
4195
6029
2112
1581
9857
2978
3328
5979
1935
1256
9660
325
9286
244
7997
3277
9996
1767
5564
9338
1257
8079
2265
1877
7715
9894
6200
6675
2165
8332
5605
9406
7966
8316
6456
130
5958
3613
9923
9762
8731
1719
8857
9060
5178
7120
2361
7776
378
7746
9399
1184
6337
171
9132
948
5754
7265
3604
5749
4990
3600
1157
8403
911
5505
6735
9550
9204
5944
8527
6173
4462
8490
7533
1151
4778
4985
8118
3516
1903
1022
6564
9830
5159
898
7480
3185
5370
7465
2954
4220
405
5243
8087
3964
5610
4656
6202
5412
8929
5048
2597
2850
7388
1348
3182
857
9593
2660
4775
5526
5344
9262
1333
7489
3580
3480
2386
4962
9751
8018
9406
1053
541
2723
833
8956
5827
5454
4619
8968
4720
9296
2988
9732
1113
6265
3247
1654
9963
1365
9217
4210
7169
1622
5040
9620
2950
7888
5278
1338
2372
2273
7973
6332
4091
8202
7652
6281
3405
670
599
3151
3702
1318
4278
4998
2088
8110
484
8058
5381
1088
1255
5732
5446
6091
455
8724
9688
7663
1247
6844
3814
2152
9537
3164
9489
8293
4822
5317
2285
9556
7139
6028
9765
1595
6631
7854
4031
8965
8737
3946
8697
3912
3806
4512
8243
9855
7584
7316
2326
7449
778
9438
1122
5805
9959
4289
1957
8263
9883
4358
9447
3412
289
9764
8467
8166
6628
2814
2144
1444
9065
1898
5918
33
8313
8281
3515
56
7021
152
661
497
674
5106
9642
82
8812
2255
9739
7957
5766
5438
8383
9618
4679
2314
8467
8137
9024
9084
4384
8558
5474
6205
7173
8161
9389
9029
675
264
7556
3749
3176
412
8460
8349
9986
1565
9314
3483
2437
6659
9516
5026
4088
1490
2983
6643
3226
2601
9376
2250
8754
7639
1935
6903
3284
2122
4830
5431
6351
4517
391
9614
5635
4749
1387
6020
3008
5121
607
5897
4089
1428
4464
1830
4231
5657
7783
7138
1003
3241
296
9309
1291
9059
3476
9356
9854
5505
9183
354
9939
850
5724
4904
3482
5562
1748
8921
3542
6419
6757
6796
9146
7213
3479
8574
9953
7961
9130
1659
2410
9758
7627
7769
3856
8870
5861
273
1543
3449
2820
1611
5234
2260
5125
7606
7170
9093
7610
5825
1225
1157
3514
5240
2253
3010
8372
9006
1079
2424
9091
6323
2619
6156
8493
5378
7890
7317
1222
8330
7396
2471
5506
9671
1857
6349
2632
3740
6830
7826
4450
7007
77
2716
2736
8194
3764
8038
7548
2649
7328
9545
5656
3213
4771
6086
1028
3116
824
3026
3099
9466
2823
143
6285
376
8164
6051
7048
31
3394
9926
1263
2089
2453
8413
6333
4013
9061
4094
5474
69
1214
2256
4428
7181
8037
6113
3265
5034
7493
3891
1081
437
1702
6452
5160
1923
1247
7960
2953
5762
8243
1029
8518
1986
9063
9579
5171
637
8883
7662
5675
597
2359
5809
3459
5448
9589
4385
1962
2306
7852
2811
7682
9744
4181
5019
4744
4140
6662
1058
3870
1994
2004
6003
4234
1390
3221
2954
2088
1943
67
4809
5547
5036
3501
6129
4800
66
3111
2761
4099
2359
9714
7422
3755
7630
6487
8696
7344
3783
1468
212
5085
7258
6345
611
6368
4544
9540
5086
7983
5150
3528
9364
4821
2591
9796
9394
6617
477
2032
5166
3839
4924
6827
96
3560
883
4559
3262
2965
3080
774
5474
9433
8726
9638
186
6156
7901
7672
1563
9307
1927
4406
1987
317
9251
3346
8330
3777
8815
243
6692
2179
5878
3866
982
1885
9412
3332
3618
6266
642
6648
753
7334
1747
8192
6443
6817
3370
8596
2086
4178
4197
4177
9129
696
2154
1129
8780
764
7180
4836
9870
3810
7994
4885
9554
2718
3844
775
6311
9972
3867
4998
2867
9800
2964
8650
5899
1331
201
5149
4834
8807
3517
2094
8043
7498
8121
9934
2044
5902
2247
7272
1697
5857
3130
6910
5562
6320
5976
4894
3619
5478
870
355
5390
6627
46
7848
9134
7464
3823
2391
8562
2686
4337
4000
45
774
9108
2805
5742
5067
8084
9138
8641
8291
8635
8762
8481
4197
7411
6300
6664
5189
3094
9573
8276
5675
8644
4654
1656
2801
7088
326
8460
6795
2728
9659
3474
64
1823
2610
3143
5895
4664
7414
2529
6221
593
2317
11
5186
6586
1029
2922
6772
2864
6942
7819
4628
9483
5745
4668
1508
1040
110
1619
2321
6963
3812
1135
7262
4270
8888
6425
4182
3510
3385
9830
3043
2224
874
2252
380
3040
1774
9934
1848
7017
6466
2390
3026
3750
3236
8383
4741
1747
8962
3564
5238
1945
7501
8503
3873
9156
877
298
1596
931
4573
3572
8040
1836
6198
3640
7397
889
6522
6104
9173
195
3799
5674
7465
4841
5436
2532
7367
2189
4103
6969
8557
6299
4076
2640
6527
7879
8403
3197
5709
3922
5048
542
8624
6872
9142
8676
5139
1562
5613
4188
6030
4915
2495
5817
7325
7593
4859
8480
4703
3857
3505
3456
5034
7903
1813
1051
6060
5017
1662
3302
7693
695
2270
3833
3376
6570
699
5283
7192
3718
4444
4573
4119
7773
8176
6537
7186
3865
9367
8535
4608
5989
1076
3795
1201
3848
3098
3967
9307
