8342
3554
9294
7121
1003
2066
742
3445
1112
218
495
8052
9343
201
4638
6492
3964
4045
833
4959
7878
4337
5187
9921
4068
9155
5934
9068
6121
547
8573
9059
8269
1159
4749
4499
4810
4523
9232
9445
8336
9270
6365
448
565
8601
9591
2443
5453
2864
5336
3760
1489
9291
1626
1932
303
1942
1842
6115
6014
5203
9882
2225
2780
362
8554
7147
5047
5687
2722
7172
6596
8241
8358
8763
1039
2315
5573
1666
9455
4867
424
8953
5205
5432
9140
3017
2849
3625
9420
6173
4177
4905
6919
8042
9816
2430
7289
287
8214
7320
928
8327
2793
3055
2094
2571
6512
9253
8925
4053
3560
5594
804
2144
3429
4703
3589
1995
2863
9746
3855
9692
950
1992
4535
5249
7363
2200
3087
4049
5708
4708
1952
9986
499
3299
2313
7811
3517
9274
147
2105
1450
7369
512
8472
1894
9745
9040
4231
6699
5059
9488
6902
9248
8564
1199
9275
5314
1596
430
2007
3933
7870
6948
8088
8326
3682
1003
951
2633
238
6586
2722
6443
6483
9488
900
8331
4660
1066
5088
826
2481
3585
9037
3251
3697
643
2603
7832
7566
2364
196
4699
9194
2849
9965
422
7808
5864
7339
2840
6054
9511
2547
2797
9102
344
4842
5976
6043
5222
8875
1791
928
9480
6439
1924
6964
8934
5142
5483
6946
636
6571
2764
9565
9418
2326
9543
6353
6341
7204
8527
5972
2926
7873
7573
4188
2813
8717
9026
4122
8202
4027
6720
9155
9127
5206
8806
6944
429
63
3150
1147
7138
6242
9060
7386
9892
8279
9549
6744
5397
3012
3121
9406
1234
6335
3911
817
2978
4032
1740
4181
4296
6485
3456
8624
9620
6128
3805
4281
3612
5867
3252
4127
6450
908
3078
5973
3251
2515
3180
763
8044
3536
1731
9160
6888
8577
9447
5091
2890
8569
5851
9969
8868
3085
8531
2233
882
6760
9630
548
4054
4862
2051
7472
9681
9485
5286
7491
3594
6479
7495
6476
78
3052
6760
7605
2292
7117
5209
8724
4971
3675
9858
7265
2803
310
188
2083
5557
7537
1852
7187
6320
4347
9357
7010
3185
232
5993
9846
334
4398
820
4447
7215
8060
9829
7624
8985
708
6001
7370
9497
4666
6629
5914
5721
3060
2880
7826
82
9281
3740
1084
7582
6790
519
5467
3864
9475
1666
8372
5491
9301
9365
6394
2675
4548
8428
3672
5676
2268
451
4950
2406
3578
5593
7423
9098
6076
468
1081
5115
2843
2833
7635
995
4596
8038
1357
2169
6417
8518
2097
7212
6247
639
1759
9631
6553
1716
3126
9777
3113
5122
1503
7015
2190
2290
3731
5705
2674
4538
3277
1878
2978
2287
2074
4564
5753
6524
2045
4392
4550
7064
9519
4990
3785
9366
2276
7638
6077
6318
1416
5211
4527
180
4328
9697
108
754
9789
6938
5193
9543
7794
7718
8828
5851
2087
6933
9352
4462
4799
9017
7270
9612
740
2861
7086
5599
3499
2044
7013
6945
1905
5487
112
5595
8868
2295
2423
5967
5406
6467
1813
3183
3644
3934
1324
9369
7726
7721
8469
9311
8487
3297
9269
5895
8147
6188
3899
8044
8792
1029
7718
526
5077
9393
5475
9597
6680
7437
2179
77
6460
1894
8859
3478
2511
5669
38
2267
721
5861
8453
1301
440
8354
1191
4332
5345
2784
5827
9713
6769
7509
6770
1515
2489
5604
8682
5084
8536
7063
7956
9503
9834
7208
4751
2032
158
2156
4126
1927
7590
7756
9612
5027
9495
994
9120
9680
5457
4780
4187
4068
9288
9488
7262
1659
832
8973
5353
8285
6375
1145
7326
1353
8653
5948
8628
6817
2015
2696
952
1809
6592
6276
4621
5277
9608
7556
1924
7126
4151
8614
7671
5368
9266
3515
5215
9987
6302
7615
8181
9844
2283
4903
6933
8016
9495
5159
7919
2780
4068
2046
6104
1388
9427
2270
8445
1478
2351
7307
3431
194
2855
4816
6218
5057
4579
5640
4759
7398
6376
1680
3778
9093
3606
1878
5998
4583
9774
189
5043
9399
8881
7057
8258
2556
1252
2337
2847
1907
8224
9646
3277
5913
7637
6734
2360
466
831
2781
4620
5801
6353
2785
9363
5348
3213
6313
907
7282
9925
1905
2245
5108
1388
3556
7322
3494
150
4639
6376
9225
5902
5294
3658
9198
7334
2837
7702
368
3737
5229
5136
1983
7901
5273
2316
5093
8596
4100
5809
8390
2113
1241
2729
441
2631
7309
2964
7933
1149
2733
7868
7530
8542
4272
5571
2742
6525
8761
2408
7568
7798
1324
6457
4268
9664
8122
9570
3355
2590
3035
1844
8375
8213
2502
9105
1688
455
6032
5348
7302
5102
1103
6365
9931
1540
2201
2714
7060
8575
2942
9825
5508
5530
9758
4569
9189
7038
6793
3385
5692
3761
7170
5768
1943
789
3071
4500
7046
1792
1839
1790
6628
7771
8696
7266
336
2884
668
7716
5100
7167
231
5878
6513
7321
6616
4038
2013
7788
3977
1684
8826
5695
4941
2754
7676
8757
6454
4484
4919
5670
8528
2918
5899
4474
7821
6765
3869
8609
8765
5077
9715
2496
7209
5482
5803
1975
8284
3043
8105
2238
4736
3704
7307
6908
7745
5060
7786
506
5247
37
5647
396
5509
4752
8832
7759
3745
9826
3398
9905
6800
9138
8396
5017
4663
5490
790
3415
1936
6067
5435
7414
9727
3032
3409
7774
6064
5571
5236
1830
9472
2156
9170
5111
3876
1105
2630
5228
7897
7142
3743
5318
233
6061
3708
7483
5287
7489
3574
1598
1751
2540
2522
362
2829
8665
353
2648
384
4628
6398
3088
4683
1005
8692
3755
3712
1083
562
3927
9881
3165
9291
8260
1324
4491
2742
7260
4074
1468
7519
5936
5
3937
4680
2701
4012
2510
4176
9021
7076
9017
2013
3865
7220
3323
1225
9756
9885
563
4583
5811
5796
3002
7536
3265
1006
9281
382
5167
7591
8646
9989
3873
1198
6966
4889
8947
9441
4908
7152
4578
4480
4135
1796
8759
6657
6010
6020
6782
1791
5933
9017
5317
2799
9441
4945
239
8338
2945
5369
2697
3104
580
5515
7508
7399
1567
2977
7713
9535
9430
7045
9515
1257
195
3704
1485
6196
2559
7051
4676
7931
5582
6989
7071
5246
3432
4289
1124
315
8561
43
3068
9418
9
7703
8894
1218
271
7525
5033
2363
5569
8037
8523
6689
6191
4268
4687
2977
3902
8912
643
2675
9880
6966
5575
9909
8336
4437
6306
1968
131
8422
7950
1224
1754
5339
9731
821
6284
3385
5986
1481
7057
5587
2503
1502
9681
9812
6322
6461
1978
3129
4671
573
1744
1241
6097
1831
7647
529
1805
3154
8173
7024
8962
5967
6299
6300
807
8099
905
7456
1133
860
89
2035
196
3330
3371
7797
8905
5644
5144
2344
204
3660
4747
1689
6591
4664
5529
9322
3259
5654
8305
7661
3773
1523
6943
7422
174
4288
6970
9950
3024
5081
6925
8968
2931
9059
355
7410
6280
3538
4411
5042
5405
3732
4507
2058
6247
9070
4465
5986
2558
5072
4805
9328
8994
1927
4234
7702
2139
9696
1763
9448
350
2276
3170
6552
7547
52
620
8272
6083
7778
9640
2619
6967
6681
4934
7537
8700
875
2092
3245
9659
453
4715
5725
2133
7440
3969
3814
2163
7223
4872
737
3099
1264
5020
1637
4303
1418
6201
1218
1359
5665
3042
4279
8158
720
7742
5441
1875
9187
7021
8321
4902
8584
9497
5513
4810
6434
3416
9779
810
8106
1053
3613
6060
4146
2766
3524
2018
3351
3152
4492
3407
5459
1694
9690
1174
3275
7769
3999
7086
8860
5609
5857
4051
4253
3586
9959
9750
4193
6514
2720
900
8875
8982
3649
2627
1454
7100
7690
921
2864
9316
4595
7559
9275
3711
1352
1027
1648
8729
5902
3827
8312
3124
545
7365
7896
6026
2507
1612
9072
4595
9939
9940
4064
3127
9328
9670
8039
8971
9993
2712
5706
2568
1850
6284
478
5194
5669
8328
3154
3956
2786
5574
763
2336
3844
5857
9197
8068
2906
9840
163
8785
9375
7775
124
7860
2095
1625
1522
9407
1430
9282
4200
4994
6854
8177
9023
2723
5364
2666
1989
7581
5296
7753
5419
7332
3104
4539
9025
9254
3384
8054
1248
1565
6919
2090
2387
226
65
6719
5251
4779
661
7709
7982
7397
3402
7802
355
8509
5323
4877
3565
2455
7723
8498
9354
1090
6663
6247
9078
7699
5607
995
8265
3677
8753
8310
7833
7651
7226
5132
1933
2980
8969
4843
8768
8805
3371
4123
1438
28
3420
2613
8398
3112
936
3316
8412
9358
3118
8936
1762
6159
1582
8826
3890
1125
6191
8186
9955
8780
1023
3748
5301
6797
3000
3585
5442
7382
9835
7209
6564
7845
7356
5750
7933
1811
6362
2675
1511
5341
8457
4500
2232
3118
3566
5343
97
4681
22
8296
4835
5729
4484
8379
7167
9963
3445
7938
5753
3499
2961
5159
424
2508
6608
5091
5452
2332
8134
7028
8540
4451
5469
1869
5260
4244
6861
6375
8888
5035
875
885
271
3927
4843
4342
7918
529
4339
5028
215
2330
6014
2137
5423
3156
2138
3617
7985
1446
6287
5690
738
2579
4667
6232
8866
3460
7279
2901
4539
4098
8384
853
4346
9728
362
6392
9575
6916
1960
617
2626
6022
9688
9332
8140
5329
2175
8324
8703
3543
4601
1401
1947
5378
5738
2536
878
7092
3110
1661
2256
6400
4378
7084
7864
2097
6469
5125
6062
216
2438
646
5485
4451
67
7962
8148
5897
8451
3663
7738
226
313
502
9644
1875
1309
8755
1317
1143
7321
2372
3736
9481
4989
8862
3533
9231
6319
3682
4150
6592
6274
9791
2972
5429
7602
6033
5979
701
4858
1112
535
363
5762
1491
1321
3690
6776
7083
6890
3665
9769
5004
6458
4258
5836
6750
4541
5596
8924
3618
1620
4992
6160
3464
7892
3616
3513
9965
3572
8643
8455
3857
280
6870
968
3798
6165
7773
1518
5717
4960
6487
3996
155
4456
5438
6957
8433
9757
2157
7233
5673
9739
7661
9812
1300
3463
8888
717
9024
1860
7407
6416
2207
5043
4887
32
8579
3861
2717
2517
4101
9501
6619
2406
4069
6343
1794
2819
907
7504
3367
2705
2412
5664
3259
7058
7736
1787
5170
6769
3696
7311
5620
8152
6006
2634
6690
4814
8780
572
9681
3007
6990
2997
7026
8713
8380
1307
130
9121
9520
2313
7340
6321
3870
1047
5485
9230
424
802
6016
7689
497
6553
6791
1490
9529
1123
1643
548
3943
160
6875
1778
8214
5738
9776
2316
2886
4103
993
349
2291
8366
5506
5139
5203
8676
1607
3628
9384
8866
9719
3802
8021
8069
5900
2275
1501
6129
2886
2392
7096
6226
4879
1024
7839
1073
5849
6400
1142
2624
2548
1273
1209
5090
5436
3534
1807
1674
2846
5008
2235
3230
6699
9160
386
8327
2357
8016
7719
3768
9879
4030
8961
7641
2018
5790
5518
6287
3681
683
7201
8921
8078
26
566
1210
7741
6196
2790
2622
4662
125
983
5194
5472
2165
9067
5925
1161
7531
4200
7677
8754
3433
8040
2055
4199
2096
2518
5655
9901
9649
1657
7400
4355
5380
510
4600
1563
9593
7453
7939
1602
5785
8526
9291
2667
9656
1316
7457
6634
8553
1063
1682
9339
4333
9760
321
6579
9226
1821
2909
9487
7300
1540
7406
2697
2635
8452
2482
472
3313
936
3950
3943
7238
4965
5363
3502
3122
9682
4111
2604
5662
695
1965
1751
4031
5965
7834
2394
704
8789
5877
8380
7419
7621
8402
1825
5603
4878
9050
8858
3505
169
6451
648
9018
2687
7512
5374
2169
9864
8101
1652
3470
5579
3105
3432
4082
5492
8663
9151
5910
4371
403
2680
7495
9217
5878
6130
1792
8766
2758
4132
7149
886
9254
6826
9079
2194
397
9200
3504
8858
7237
4182
6621
3256
6322
9283
2859
3064
8492
1046
7551
5227
5627
3816
8302
5595
5391
1261
2742
4713
4553
1178
6535
9394
4346
3040
658
7520
3350
3862
6476
9548
5571
2229
2206
8226
1604
4124
5453
2109
221
1444
5313
977
2194
3262
7140
6631
4512
1353
3913
6018
4824
47
6470
2705
1027
7231
8383
4286
7383
7477
4016
3827
421
8501
2647
9100
2027
952
4636
8599
7565
6173
6174
6616
3579
2160
5644
1833
191
2759
9724
3119
5077
4825
6139
7080
3143
3082
1282
2880
7988
9058
6481
1218
5453
971
1931
9051
4668
3289
7277
5163
4016
1348
2796
3685
5881
4128
5994
4150
509
6718
5445
1634
2661
4923
7484
7625
7864
6406
6271
4953
6497
639
1970
4141
3807
2827
8669
3396
1945
7108
1811
7164
1564
8493
8573
380
1554
7572
7091
8497
9841
2048
4230
224
477
4841
7165
4555
8107
5270
6777
4367
3459
6162
7527
2457
3632
8792
7922
3176
7672
9422
6707
8110
3955
1358
5222
2305
2538
1182
890
478
6765
545
3716
5485
7712
9879
4209
8607
7443
5439
3734
8612
5165
813
8709
57
8116
5047
6319
3998
1772
5625
3504
3382
2426
4616
1755
151
1923
1636
7891
1714
2550
9590
5060
172
2866
6793
1260
6779
2165
4965
9817
3741
7731
7126
9215
5201
6303
7275
9462
4633
6057
6219
2734
7879
4084
7922
9376
852
6786
3544
9955
7119
5103
2979
6936
8467
6983
5811
6914
5458
7733
5979
1461
3549
9609
4239
1466
4789
36
3257
2636
748
6787
8630
8066
8341
998
1837
6137
4842
3196
4432
7806
1500
9965
3435
7525
5508
8227
7593
7192
1976
614
2805
9664
4842
4483
2158
6425
3322
1816
8180
2981
3004
2063
5712
2383
7700
6532
7232
1162
8430
3332
2783
2214
8218
1236
6994
6863
8564
4779
7903
674
7218
2621
105
5852
7894
837
4582
720
6611
5951
5313
4021
269
8575
1099
1146
4233
9553
2093
7559
1459
2894
7464
1633
9759
2247
5549
5290
2343
7314
8169
3843
8530
8750
1800
3710
2182
9076
3083
5716
9364
6156
4931
2480
4498
8729
7725
7814
9911
3186
5448
4084
7375
6158
6705
5395
9549
7115
3840
9689
3360
8043
2811
95
8158
4940
1928
666
5422
1667
1744
1176
1042
6452
3071
4873
3441
8064
3064
2776
4498
1563
8582
4676
2228
6728
8317
9711
2027
3924
2846
5698
8324
4620
3401
6939
8330
4748
1677
9924
9633
965
6667
881
3008
2970
9481
3558
412
1160
8482
2578
8847
1807
8074
9325
551
9585
7712
1001
8426
8661
2220
535
9815
9912
1351
5226
4697
5810
8346
7568
3349
880
7007
1890
8418
947
8228
6201
7432
6901
8142
7259
288
6035
6009
8337
3820
1531
8109
1206
4592
8083
9933
4382
573
8276
5673
2928
895
7233
1444
3858
3548
7976
6160
5760
572
9923
5492
6600
5432
5995
4591
548
4523
347
3895
6053
8614
3884
5706
7593
8976
754
150
9801
1306
530
212
8114
1456
3950
6110
5950
1851
1135
7313
3533
3315
4942
1086
5141
5938
4079
9451
4788
3252
7354
8215
4445
890
6263
6218
87
4414
7701
6426
2414
8177
8136
4874
9299
2192
6461
1917
1159
5973
2298
88
7024
3418
7847
5270
5333
6168
9907
3477
2108
62
421
8877
621
4540
2624
33
