6753
5042
7718
4019
6503
1269
9025
7764
3696
2493
7252
4537
3952
9008
3406
3271
6507
3063
2598
4125
5966
9081
1861
7402
2472
3798
1730
1675
2936
7177
5225
8914
8308
4305
4439
2130
9603
3433
4900
1175
5896
7714
1821
6515
2859
4178
2060
8066
5765
3126
1255
2911
4713
8003
2290
1103
570
5226
4498
5867
4860
6330
4064
3484
5403
7680
9173
5439
4946
5417
600
5624
8537
888
9873
7314
878
9442
185
340
1566
3622
4689
9872
9872
4891
2203
1541
9951
9746
9000
7028
9554
5419
511
7071
4122
7619
7047
493
231
6410
4897
2571
5463
8803
2357
7500
1708
9620
3112
9409
7849
8845
8599
8836
2633
630
1330
8350
988
4897
7640
6153
9518
6975
170
9887
8758
7487
927
193
6088
7968
8388
5044
2775
6183
7613
3237
3963
6060
9757
4557
6570
6735
8302
8032
7719
1544
9389
3120
9044
9020
9189
6430
2148
1787
2550
3744
7330
3447
6082
5006
9960
4671
8228
4439
8989
8457
9117
5312
765
7054
2508
4988
9206
9566
2969
4872
6669
4917
1887
509
2651
7718
8340
3624
9128
4611
6262
1286
7298
5759
4803
4201
6874
4426
1477
5880
4171
7500
4936
5522
4456
5245
4889
3795
3008
2128
5085
7199
1617
4128
8156
8715
5606
3395
5048
1899
1838
9675
2654
1094
7755
9291
1751
7029
1747
6727
3211
1259
6615
292
2483
3743
5390
3038
2089
596
877
4616
9902
8921
5973
8190
5064
2428
9017
2135
1974
6906
3658
2263
4290
5074
9793
1552
82
6503
9384
3384
2298
9076
2261
1365
385
1545
5972
5813
9262
7252
4096
315
928
1163
3854
83
6599
9606
8087
5415
5362
4314
4639
1850
3750
7135
7942
3585
9239
5139
5067
9922
1942
2087
4104
4644
247
7447
2302
438
5406
3191
2462
9755
8246
7929
6416
9363
2782
9787
8852
7398
3072
6414
5779
6857
6462
3201
736
9330
3531
5995
3921
2152
1540
2440
8260
4484
1881
4923
2000
772
412
6513
6201
5198
3685
2566
5039
866
7967
8113
4244
712
1587
9706
6600
8
2783
9933
5043
552
8722
9206
8030
7056
4246
3803
3534
3273
2891
3129
5182
1988
1468
7415
1768
7000
6112
8871
3311
515
5904
9003
3756
3217
7344
9620
9636
2474
7755
6421
2226
2934
3055
9334
438
2492
7618
164
345
2952
6448
7558
1484
5530
8866
219
4828
299
9117
5695
5860
7099
9588
5661
3248
5014
9866
4445
9033
4293
9432
6478
2673
3280
2647
8223
9741
2977
2667
9608
1402
1204
3293
7990
3069
9370
3043
307
779
7245
4093
3363
4098
9390
2335
7226
8482
2106
4630
876
7948
3435
969
3085
9445
4107
2254
7734
8854
771
2469
7721
7140
9681
981
1788
1799
2424
8321
2481
8809
3185
7735
5606
4349
176
9189
5528
5977
4641
3144
2403
6417
9265
3170
8708
2865
409
2167
6207
1543
3845
3653
7612
7499
1491
1133
28
2380
6023
7762
3290
3481
7452
1149
4941
1944
2804
4138
3130
2166
2752
8291
2150
1660
2075
8231
2504
9898
7344
487
6573
5011
1869
2845
502
4820
6255
7449
2492
2514
8860
2137
8435
815
8112
5268
2748
409
1119
243
1796
6239
3450
2300
3850
5217
6060
5565
9614
9747
7380
4354
1845
9309
2845
6131
9401
8482
1592
9964
4669
8891
7915
2714
7774
0
3203
6943
9141
258
3669
5699
4138
5880
5939
6327
4674
7923
5546
4358
1928
720
247
7371
3194
3754
9402
4281
9594
7018
2178
8187
933
3836
5560
8041
3537
8783
392
1331
255
8424
4010
1869
2032
195
687
8200
7971
4552
3831
8216
7436
8726
2239
1399
3521
3807
5863
7349
4094
3983
8066
6954
9592
1577
5479
4666
8958
2608
4068
3204
6252
816
9874
6311
7273
2039
5155
1650
4209
3459
9880
5590
8077
5144
1135
1961
93
5774
8618
4218
4951
2805
6795
5628
6937
3142
9227
8210
1883
7432
7210
1717
3104
2796
4784
3301
3595
1157
4226
9241
5471
3191
2912
7828
8190
1995
6828
6951
2547
8460
7141
5037
4139
2001
305
2726
5885
7367
7145
132
7851
6283
5278
6940
6864
7393
2185
5577
7273
2019
7168
8675
4513
4233
5909
3830
2293
8930
2984
9075
1846
3453
5741
7792
6636
3830
3880
3068
4551
5120
725
9443
33
2331
5700
7946
4528
1427
7425
8312
8152
4485
8482
6178
1964
4750
7017
2321
740
6833
5353
4305
7307
597
422
473
8496
8729
6117
3874
9292
5861
7570
9173
1363
4638
4913
7270
5507
2069
9548
7815
6554
910
5275
8122
788
9832
6097
7207
9313
4061
3811
294
9173
6695
8227
9130
7113
2365
8219
3515
5104
2953
7814
6013
3508
9592
7352
2322
9694
5789
8237
8809
7908
1506
4879
5009
9708
156
4705
7726
207
9289
8344
6454
4665
4681
2778
713
9309
9287
2686
6379
2245
8610
8531
2832
7095
2316
109
6818
724
6094
6922
9282
3258
2486
1698
6377
1321
8606
6749
4377
6130
1594
8782
1173
4986
3438
5805
2617
6079
2025
1075
7687
5634
2994
5150
4368
2434
7294
3316
4716
3946
3531
8325
7430
1952
1645
7945
8214
1870
3730
2456
5180
3101
659
1160
9750
5933
1737
4881
2542
562
3962
4925
2659
5993
6607
731
5923
7960
35
2418
6722
5123
9898
3346
8057
346
8491
7255
1166
7344
1036
3959
7723
6230
2584
1483
4062
278
0
4442
4125
1868
2235
3056
1043
5534
6827
6957
507
7165
7822
9818
3096
4659
2125
8871
1071
6204
1813
2192
418
5138
8415
2430
6938
672
2046
9769
3888
104
7109
3003
9224
3872
4418
1904
8698
9046
443
9226
878
2437
2452
2192
3492
5392
1194
5254
8493
3707
8142
984
5449
969
1297
8593
430
6511
57
1496
8081
103
589
8265
5989
8114
9827
6946
8189
7749
467
740
5567
6564
5704
3401
6728
4012
2483
7205
7206
2393
4011
8148
6853
1352
37
1139
4249
455
9963
4731
4693
4345
6300
9224
870
3429
8113
2441
4672
1134
9623
1648
6019
1022
6798
6712
2200
6059
8573
7174
3870
235
9231
7991
2219
4164
9742
9465
8801
6172
8106
3847
1888
3183
3254
8060
6417
9679
4384
8745
9846
3590
9195
7185
6908
8279
3531
4513
9338
898
4300
6605
9225
3478
5599
8358
7199
7344
2465
5255
2489
6850
6362
6095
3221
9055
9023
4441
8425
5507
4437
6998
6612
5232
4547
861
6623
3715
2562
9097
576
3092
6964
6992
2667
8716
5806
4547
2916
9457
1699
2849
1973
5453
4750
9351
3704
8765
4731
6898
755
7493
3555
4085
6382
4817
5875
8406
929
6966
6216
5522
7790
7286
7032
8785
9048
2690
5072
8884
5871
6507
6534
9403
4505
4497
7818
963
2127
6540
8750
8508
2209
6985
6495
505
743
6044
350
8657
5029
9236
192
3666
2249
9484
5758
8357
1157
669
2042
1404
4995
5201
5423
8424
8890
4466
3795
1288
4972
753
5516
4923
1897
7251
1035
2039
1188
4869
8426
7906
8687
6385
5086
4237
1669
7369
6121
7280
2532
2543
5103
6192
1334
5991
7842
2973
5690
8916
9276
3865
3892
7887
3992
1427
7725
3975
8126
8913
7784
6690
8009
7532
7171
4337
3415
3973
5382
7025
7852
6006
6091
7518
6211
6131
282
6338
9075
6958
4303
1051
2217
6634
7610
7339
4776
456
1491
5129
1946
3357
5912
885
8209
5109
8773
3096
3022
9280
6479
8569
5789
5402
253
1100
9195
473
915
2806
3845
9615
92
1579
3167
6143
9011
4408
2382
3549
622
9469
2915
3710
3704
2530
4
7023
1802
6602
4360
929
3141
7365
542
2689
9118
7855
8267
8246
8006
4198
9550
788
7573
8729
210
9149
7731
2363
7119
6599
8531
71
1693
4217
8492
1342
2023
8095
8276
5787
4024
7197
459
3336
9796
2399
3794
8346
6549
7999
9239
950
6321
9520
7310
1559
4036
8151
8749
808
8368
3050
8788
4603
8573
4896
8551
7916
5006
9192
3321
6528
4050
4422
5095
6551
6387
2680
7646
2784
4687
679
6874
1788
3169
3320
5084
1786
3084
6082
1078
6770
4867
522
614
5101
9527
1818
5614
6257
5021
3600
316
2683
6523
8706
3259
1973
9712
7696
8356
3335
3245
1682
9330
8521
2852
8976
9489
2422
5963
6816
8802
5741
877
8906
6430
17
1293
4616
9028
7249
9016
441
113
5793
9350
2324
9515
7783
4988
5114
138
4066
6946
372
3443
5411
1740
7692
5331
7760
7735
1191
3972
2734
6642
2831
6127
6716
7462
5359
5278
4767
1827
6984
2236
7159
4776
2225
8220
1792
4782
3467
8163
4148
3522
3490
2051
4782
6654
3535
981
2874
6179
9658
2929
1400
3781
189
1645
8000
195
68
2800
847
6465
6929
3794
9279
7988
412
5650
4261
2969
2839
5155
2227
9122
2383
3316
1790
3182
1742
1403
9882
5428
574
1517
8705
3228
6792
3676
850
2826
6170
5677
9974
1272
4055
4021
622
350
1945
176
7993
9201
4354
7246
1458
8197
2239
7147
9093
6240
2093
2569
8306
669
3238
5739
6714
8090
2628
1376
2022
799
9910
1003
7832
4938
4560
7483
3401
27
9420
556
2817
6633
3119
6713
9237
896
4199
6875
8794
4952
8496
6947
2199
6435
3862
5776
9001
2578
468
9742
3153
9956
7803
7691
5528
1101
158
9255
8194
8991
8586
375
176
2983
6323
2086
303
9526
6890
8153
3455
6122
1883
3901
7726
1497
2642
8144
9698
6938
5261
1752
1653
3056
5341
9908
1930
8099
4470
525
9007
5660
1382
5080
6699
4717
5602
6907
3846
3339
1660
9465
6152
138
4721
3180
7497
7347
2814
3102
7976
9252
4115
884
2184
5508
688
6536
6884
2769
172
8065
578
2984
5652
4337
5045
7409
3744
7867
1837
7924
1697
5262
5962
5595
7079
8595
8078
8694
2703
1023
3424
549
6938
6629
5676
2998
1976
7019
5367
5883
1187
5879
7889
4855
9449
631
9267
5573
5665
394
7976
8324
9566
5309
4360
9875
1473
7622
5184
8485
6104
6839
6845
8545
3205
383
7046
3738
7706
8787
9706
7029
4832
9908
2510
3500
6599
8605
2857
9486
8184
3884
2331
6768
8502
1114
5175
6677
3859
1193
9346
4005
7422
8857
8308
4813
1145
7046
8827
3538
4521
914
958
9251
8056
2075
4799
9675
4164
6984
4954
6208
554
7893
9290
3307
7661
1400
9099
9508
9888
9280
3738
9385
6084
7418
9672
1402
2234
1455
6877
4581
7018
5853
4714
5961
7148
1039
8343
4777
5620
5836
6539
2863
955
682
6745
9994
1944
3724
9047
6597
6237
1391
7050
3653
302
9805
3550
6303
2572
7948
4034
4292
1408
6455
5120
315
867
8774
4841
2105
2409
1820
7487
5071
7391
5197
5756
7151
6714
5946
3728
5532
7198
971
5832
3438
7280
2295
6617
5775
8627
7475
7597
8869
4862
117
8852
2268
9599
67
1243
991
2041
7021
9962
4115
7385
9988
5095
2369
9927
8565
3817
4733
4711
118
1879
263
5598
6572
8542
8094
930
407
8273
5964
4939
5515
8139
8098
646
5147
16
5488
8200
8467
9969
81
1950
6738
47
4977
8083
5842
4582
876
1644
8214
7195
9797
5805
4224
2561
7007
1070
7020
2276
124
4808
8348
8312
2191
8730
5360
4380
5920
6584
2049
7944
9132
242
3675
8662
9861
2419
613
1117
5165
3104
3694
7655
8395
6832
4662
5189
5656
1227
4630
3801
3881
9515
2253
5360
8601
6271
9960
322
6881
1695
1852
9394
9591
8489
2771
5921
2977
4330
4241
7183
6372
3832
5138
8961
8894
620
6659
414
8315
8893
3209
7955
4296
9671
4257
5175
5682
5115
661
56
1626
2176
3752
9044
3927
4071
6463
4532
4440
5628
2843
5043
9077
7144
2679
3740
48
6211
8714
1137
2734
359
1306
7720
9612
897
9182
2928
5087
5440
829
241
9372
8991
4424
4081
481
7647
1937
4451
2382
9789
9847
5114
9619
7252
1551
2012
2520
4763
7504
4274
8403
9519
5035
5947
4201
6107
3734
1311
4788
7891
3379
8129
8061
3793
1105
8334
2855
1254
8463
8227
8024
1682
4568
5675
3604
6783
560
8341
2967
1320
2585
276
8127
5431
7378
7744
5380
6251
2509
7145
5509
4648
8844
716
4497
3897
6631
2719
2702
800
6748
4934
6105
3822
2659
760
1114
2271
8909
9387
4819
1148
2697
7259
118
1428
5010
7770
4864
3892
3688
3202
6598
7491
8378
7094
2762
3803
5229
2022
298
9121
3356
2769
7349
7334
8108
9733
1595
2950
778
9218
4320
3661
6563
7788
3388
4057
975
9935
9394
1595
1915
4749
1787
7383
5170
291
5439
1435
7368
1738
6495
6141
7027
6585
8177
9564
6038
599
8457
4824
7323
8670
6897
1966
6236
1083
1781
4380
2189
4578
6941
5043
4650
4959
5208
9290
1737
3255
385
5518
8876
1101
1649
4183
53
5840
8801
8166
4486
8625
393
1691
5476
6931
2586
6227
3863
9771
485
9103
9953
9943
3846
16
6648
7739
7296
7694
5618
2438
3030
1319
4524
1715
515
4852
743
6684
2215
887
8735
4120
5247
4129
3353
8117
4224
7249
2073
7473
7535
9607
3533
2082
7536
4918
7786
1318
2841
9927
9073
5524
578
1178
9661
7793
3179
8360
4459
4319
8745
3716
39
2816
9775
48
7871
3720
4950
7515
1430
1872
2265
7976
4055
1623
4767
7290
6308
5475
7029
8443
1770
6757
6311
1516
1714
8331
6411
2663
3991
5983
795
1088
6079
2700
9005
7658
9785
5456
3888
8805
4081
5917
3333
2805
7810
986
1800
2223
6489
7895
4585
9132
1121
7357
1228
1920
561
3732
3897
7748
7550
3262
6544
9855
286
9808
797
2835
1067
9521
3715
3620
959
8027
8297
7427
8930
4687
6446
9225
8766
389
3258
3055
5611
833
9410
6250
1596
592
535
548
9876
434
3980
8965
1126
8578
1763
7025
649
3008
1123
5067
8820
4207
4519
8855
5131
3738
166
1932
1702
7890
7690
8808
7530
4195
1679
7582
375
2821
1834
2427
8014
7677
8468
1143
5660
3987
4610
5878
6839
8079
930
7726
4355
925
8916
82
3762
2319
2162
4509
4534
9201
5758
7355
596
5960
5687
2337
5367
7268
5751
8109
3966
1125
3227
2040
6723
969
3456
6679
6473
2899
7559
6977
5569
5304
9044
6635
3625
306
9881
5359
7090
5927
826
9387
9676
5460
9693
262
4160
6643
2192
6237
1210
4269
4422
5036
9905
72
2191
968
9796
2080
275
6729
98
5268
8427
5652
3462
9832
429
4822
1101
3160
2818
2318
9046
8124
1029
4417
7782
9638
506
1505
4180
2424
1736
807
5783
3219
7172
9725
4778
6715
8508
1832
6329
1462
2413
1923
2556
3235
418
8423
8893
5639
7913
4390
870
9234
9187
1479
8348
9152
3688
9227
1874
5036
37
4302
7628
3839
4980
9033
2577
150
4453
6197
4171
3714
2734
1050
3535
456
7548
4917
7235
4728
8821
7608
7745
955
7116
2171
4951
2454
4224
4192
7943
2796
9234
4724
578
8031
5185
8433
5260
2534
8579
8289
7676
5627
9890
381
8115
3355
6016
9076
214
4512
153
4007
6409
9724
9028
1073
7466
3899
7589
195
1255
9899
626
3869
4526
7400
1024
5161
9135
1104
7017
5170
9199
7365
6124
7074
5036
6641
4738
9144
7384
6003
3432
1688
804
423
7358
2909
234
404
8203
1146
1191
1119
1450
7342
4835
6446
5077
6485
7646
3702
4428
5675
9881
5621
8802
8635
1070
9372
85
6454
9054
468
8024
8784
1957
1058
1646
5380
7435
3253
9525
4615
2457
2123
1453
9658
9462
2691
5556
5353
3518
5470
8879
2944
9902
5423
854
1293
2206
5905
6157
1473
7803
6280
5467
3537
3440
4079
6569
1433
1984
1713
6472
2367
1939
5683
3071
3173
5803
7598
2192
9416
465
6746
3958
6230
8705
70
7982
28
1679
933
5918
6477
7124
9474
4198
5023
7305
8340
4594
3360
9647
8396
3049
7110
2232
6411
4453
3603
7461
6689
6255
7959
9565
1568
2902
8400
407
5615
9276
7372
2773
4906
2445
1135
3597
6887
6733
6336
8420
1219
6029
9037
9497
3723
1226
7983
2876
3271
8098
2889
7225
4928
7587
8682
3429
1026
8194
4482
4580
6173
949
6577
9156
854
4814
6474
3353
7594
1012
5702
102
6914
3695
8357
9605
5777
6928
3088
3555
8859
3979
3370
1723
7664
6594
8613
9629
2502
351
8608
4235
2021
6189
1662
5648
5227
1396
5410
4909
9632
5839
8310
849
1252
3100
8843
2581
9268
1855
3579
1345
6331
6515
1066
9582
9653
2302
8523
9913
5775
1360
8479
2577
9338
9064
1960
9229
959
1315
5307
877
9484
1554
5940
3323
6188
1830
8884
7421
6229
3227
8453
7355
3227
2510
1086
9383
5874
6445
1601
686
9472
7305
9986
729
5569
9146
7059
4000
4676
608
8858
380
8867
2913
9188
903
1088
1747
7442
4739
2186
2200
1714
8227
8351
929
8617
1242
555
8897
907
1982
9807
2815
3821
7881
8189
999
834
8268
7888
318
9826
8719
2264
2607
1145
825
2483
5799
315
5577
8647
2778
2117
6095
11
3759
4751
9002
6102
79
4861
4879
7887
7525
8725
514
5443
5331
4123
9237
7733
929
7927
5034
3648
9826
968
438
8984
4933
3938
8212
2815
1412
2595
4338
4739
8717
596
5116
6580
7547
9627
5636
6612
720
2125
4059
8727
2305
9056
4415
9945
4270
9518
5200
8543
3916
661
3808
1029
5985
204
6647
8231
9676
9424
6384
7243
3854
1629
9908
5707
361
5880
5569
8849
6099
3769
1862
1404
8279
3110
494
4079
2696
8362
3798
4328
387
3508
5789
8349
9664
9772
5335
8978
3972
256
4781
6376
487
9517
9749
8447
7645
1657
1306
8716
4851
1341
7528
8454
2119
6576
9894
9194
7508
9375
4960
7647
5657
4089
8319
1588
4101
9094
1944
2933
9394
4599
6142
7740
3435
6888
8804
4403
8570
2162
1587
9800
482
830
2564
666
8342
1508
2203
2624
5589
6225
2161
1945
4147
7111
7020
4222
2965
8638
9053
6003
6840
456
8933
8668
7694
4978
7797
4828
1126
9431
2689
9
327
8879
7648
9660
1849
1380
1266
132
7040
1781
9726
346
9525
1347
5303
2271
1027
7657
2955
1633
6987
584
7272
5372
2549
7872
4587
6830
7715
4363
3222
2419
3267
9076
8125
8399
4882
6005
6350
106
7511
5246
2331
7589
4771
5345
9844
9850
6995
9081
5157
2242
7647
1387
3914
5985
2931
7861
827
6731
8599
4020
4600
8282
2252
6449
5842
6183
7350
555
5315
4550
6001
3904
3515
142
1681
3524
4392
6037
5562
4741
865
1467
6088
1429
3711
5901
8220
2806
6777
5098
4996
5876
9242
498
4102
5083
9921
5481
4905
5498
9157
8699
9103
4255
1251
9018
6611
1346
1285
1347
9547
7054
9217
8207
6506
3402
9099
2533
3829
21
440
1853
8143
992
800
9375
6676
2181
6447
409
1199
7813
312
6495
3560
2352
1574
9821
8365
5581
5905
5400
3963
8218
5225
7011
5289
1245
5923
6958
1985
8648
6621
4952
7069
491
1998
8725
1578
9588
751
1770
7083
5825
9633
1029
2557
8118
3049
9146
2194
7866
5183
6089
7341
6812
6047
267
3193
8835
2361
3210
709
5714
4891
8080
560
6363
8265
7896
2461
3770
3190
8209
6691
34
9954
1793
2900
5094
2816
7270
7016
1853
9987
8984
7813
9320
6244
8490
6253
3008
4419
7055
1172
1624
5591
8377
1501
7458
7091
3324
6032
1373
7528
5681
2218
3660
2673
5959
7008
642
6175
8132
4145
809
8737
9194
7400
3411
223
4308
8075
6263
1811
4415
8659
1229
6629
7782
8104
1573
3186
4133
9607
529
5512
9519
179
7554
1985
8347
5654
7936
585
3849
1010
3284
5021
755
7273
5311
8930
894
37
158
543
1856
8261
4197
8313
4283
212
967
7593
3607
3255
3144
4059
4686
2723
2122
8486
9889
4713
5571
8611
2745
3680
5696
2668
7399
413
7187
3858
8556
176
7559
3867
4020
5118
1908
7094
7725
6151
9374
7068
8359
9300
2008
8629
6051
8655
8886
1252
2077
9006
7328
9744
1094
5309
162
2240
3818
5239
1184
2611
2257
2561
5463
7353
2305
4803
6479
5585
1056
8292
6092
7423
5255
64
3588
6505
6722
6681
6491
4815
7203
6376
8489
1302
2983
3406
9374
9455
1825
2987
908
7048
8114
8170
2210
4110
4010
7431
777
5133
7895
110
1574
7255
6860
8514
8224
8972
3694
2966
3644
972
9992
