7204
178
9105
8676
4136
3192
3225
7125
3457
853
4042
606
3036
8108
6292
4425
3724
2058
2951
9723
3066
8711
1299
6874
1421
1335
1595
894
2499
2608
2708
3413
6521
2901
5183
481
685
1793
8257
1644
5981
8608
1596
6140
7355
1191
2540
5937
8896
3364
7312
6698
4330
3552
2834
3864
563
4896
7813
4059
3983
1259
8650
536
9266
2678
863
3916
8379
1307
9669
9818
9873
1848
2988
784
569
8660
2477
6648
3601
2140
8931
3530
9212
5692
5687
8735
2890
6217
6359
5504
5843
6683
1139
3149
225
8200
836
4121
5751
8314
6616
2338
2369
9747
6222
2623
4569
4359
3850
1155
8307
952
3334
1918
966
3391
5222
8290
2856
6166
6758
6866
5956
1314
866
9831
7579
6654
3281
6812
1444
4531
9887
2665
9441
7715
3750
878
6688
9317
281
6885
4170
8362
8892
6233
3163
3662
5059
374
8495
1594
6453
3382
2902
1095
1116
1498
9219
5949
9836
1210
6743
4857
1294
4947
5124
9389
425
3871
1121
9473
1611
6019
2394
6023
9753
9825
4144
9548
3681
2206
7844
5450
3000
6542
523
6507
7685
1403
6079
1177
6873
7877
35
5568
4649
4579
6896
6548
3561
71
1200
1839
4071
4560
566
7266
4513
8089
6072
7517
1652
8751
5019
2906
7523
6271
730
8372
5744
5214
4162
1733
3434
6130
2332
956
1219
8894
3384
6094
2476
7675
946
9843
2191
6049
7668
3617
3401
6485
4072
9622
1650
2812
7784
1806
7482
6206
5540
4677
3970
7334
9807
3622
6708
6
7
3762
2304
359
9887
6717
3653
221
3002
5346
5944
8777
9574
7526
3907
8153
915
8602
7213
1514
1951
2906
5298
4029
6431
3106
1151
6359
956
7009
3340
3795
1415
2165
3462
9906
1770
8982
6328
5219
3021
8079
6933
6701
4306
7366
9525
1881
8142
2221
2426
1804
7268
7953
7229
322
7391
7440
3706
2311
3531
4359
981
6142
4385
6105
6791
1013
5533
6044
4777
3263
7854
1630
9803
7505
9530
6069
4226
8729
27
6083
2332
1399
2970
7560
2577
2463
2694
2226
2856
5575
2881
4783
9331
6412
5704
163
2168
257
7885
6837
8060
1239
2770
8739
5406
712
7923
4727
3566
9948
9393
2033
376
6991
5639
4339
8673
8938
9211
1452
5532
2350
6690
3420
6826
559
1472
8342
1948
397
604
4483
8358
5885
5308
1379
9185
1190
7617
6063
717
6264
8145
1258
4946
6951
5773
6518
1601
1270
5183
2658
348
1661
2002
2561
5054
6573
8638
7430
2856
1802
3406
2587
4185
6039
6272
17
1322
8112
4968
2178
67
5744
481
1346
2941
6707
3154
3300
5
3782
4616
9641
10
9835
6549
9715
2467
9288
5509
7671
6752
9119
7193
4993
6539
7944
8307
9554
7626
4714
7948
5684
6565
3032
5
9806
5966
4152
1736
6242
8274
48
8010
2484
5274
8426
1359
7142
2990
5846
9802
5534
5879
1693
6112
7881
9103
3827
6200
6328
2072
9047
3617
6873
3573
821
7616
6945
6377
7722
7924
356
922
1623
2343
9703
6033
9470
2260
5885
6753
2281
256
6622
3346
9355
3783
3574
5977
5310
4643
3433
1958
9179
7979
6164
3769
7145
614
5215
5009
6268
5674
5950
1891
1710
5654
8663
4195
7036
9960
1150
7490
7927
251
3387
7141
3595
8209
3981
7933
4668
7849
9112
4712
2908
990
1770
3956
4105
8107
8860
7819
7011
4846
4660
4096
9355
3560
5399
2628
5143
6190
7579
7588
2019
8768
1226
2211
7873
2740
5618
6192
929
4734
4282
36
1099
7469
3327
4810
6057
1973
5565
9739
2
6516
6217
245
3025
9443
6363
5895
8340
6796
6009
3323
2576
3219
5598
4193
6978
4770
9929
7556
5584
4196
2194
3676
3790
5870
5463
6303
2749
725
6389
8260
4190
2480
7650
1206
1076
9275
8631
3537
8647
8868
7291
3292
1140
566
5771
9315
9026
4144
3174
6943
5023
9490
5460
8436
1545
9427
7334
8056
7465
7873
5128
2475
4458
4294
6739
9287
7144
4819
9328
5013
8803
4956
8535
6073
8834
4911
661
9724
8404
242
9852
5860
1633
9161
5220
3986
9695
1393
4671
9959
2002
7772
1371
9140
5931
4745
8032
7181
5937
2175
8921
5432
6476
3078
6415
4744
6525
1474
3745
6753
8652
6876
8528
167
7978
4383
8615
7544
677
5484
5223
9490
5578
4203
3920
5010
8180
4399
2172
1002
1378
7876
6566
7534
1943
3815
7496
1564
1723
7986
4786
4069
8991
466
1062
7308
6942
1783
6383
794
751
4056
5762
6588
9766
9969
6029
8090
3994
2330
8605
8052
3265
4917
2844
683
1320
2387
5494
3033
4159
723
5228
6190
3489
3320
5186
4712
9537
86
9971
8366
6960
7721
1540
7113
5595
8402
5590
5151
9936
4640
1717
9486
6145
4454
4541
9890
8802
382
5677
3491
813
6874
1091
1342
6581
5602
4135
365
2199
7663
6740
9014
7404
115
7313
93
9243
7651
8077
9111
2283
6211
2121
9724
5078
8380
5199
1847
4330
5308
8912
718
5033
3562
2492
7801
5008
1460
9626
5505
6340
9303
1992
6614
808
2218
9052
2732
6395
6056
7976
5251
3935
7672
7724
2402
6324
6618
7446
9920
2147
1553
8260
9262
631
9431
4186
4708
8677
321
2831
4887
6572
369
9218
3731
7767
2770
8042
155
1536
179
379
4730
8463
1827
7236
8597
5728
837
8516
4511
7490
4704
5213
6712
2779
3830
3682
9059
5241
6815
5866
6467
4707
49
7846
3233
7390
2702
4847
1836
2252
2171
7288
3278
2431
8936
6163
1591
5676
9104
1215
3209
7818
5391
3071
8511
1993
3147
3078
4346
5487
4912
1407
7721
3373
6588
4889
7076
2225
2148
8366
9381
245
1665
6933
8004
2964
4299
9838
270
5293
8032
4283
3601
6768
9184
9966
7607
453
2856
7532
9148
5148
826
9985
7853
2702
2549
1246
303
2099
9574
5581
5321
8285
6891
6837
4928
66
8208
696
9997
4615
5736
2922
9516
9815
8857
7133
8052
1411
5908
4871
4542
9283
9999
949
5572
2043
4769
8265
5047
1657
2554
7454
4204
362
9500
1660
965
3244
1850
9879
9288
4702
6876
6850
750
4548
6220
2369
730
2695
9392
6172
8755
1321
7444
2863
4640
2982
7043
8142
5151
7878
786
5398
8483
3054
7657
7631
2056
3703
4767
381
7747
6326
4049
2966
938
5354
5502
7790
7629
7893
1330
1262
8880
8321
9469
3923
7831
2804
1152
8098
2557
6574
9683
1193
9264
4687
9205
9857
332
966
17
879
4258
3652
5594
2026
5141
3662
771
9127
5410
7985
8445
8833
2537
1712
5102
1940
6636
7497
1562
6632
1731
759
9985
5706
5513
8544
4037
8934
1078
2237
9014
161
8202
2842
1771
2643
6515
2596
6783
2978
6699
9711
3110
1353
3762
4378
7963
5975
3155
2362
1176
1796
4789
3522
6048
9183
944
2788
9244
3266
6842
9026
6896
2231
2942
4845
6409
3748
2695
703
6582
5585
6094
6276
336
2010
8974
4034
5128
7664
3152
7705
6155
4123
200
1717
2868
2218
4779
5521
3470
5146
523
7318
7572
2148
6673
2034
5032
865
2214
2115
7932
9577
6590
7490
9472
6329
818
1196
7384
5955
8584
9435
3689
1695
6768
628
7313
5472
3709
6410
4992
1601
6431
9616
3766
4174
4729
2795
2107
1662
3332
7413
9333
9534
847
9422
5001
8650
1953
5197
1889
2484
4941
2853
1542
9878
7424
2147
6202
2900
6091
4403
6165
9131
4903
3218
7674
2535
2889
3629
6662
7200
1012
105
8388
915
870
5500
2047
4095
5904
2089
6213
7654
1589
8633
4181
356
4782
3940
5893
76
4519
4848
9026
6733
3146
4016
3924
7331
3910
4477
5133
4218
6443
2050
7999
8766
3589
3345
983
942
563
8835
5738
1822
1635
2013
8810
4956
2843
2126
2356
6842
6038
7028
1722
9162
9498
1135
6792
1048
7890
6269
3525
416
2813
7077
2200
2481
9330
8463
9444
4826
6989
9264
8786
3536
1963
5107
9866
2305
5886
9395
1821
4243
8157
9477
561
9558
6748
4242
5130
5864
9379
771
3154
1719
7277
9077
5237
4001
767
9339
747
3223
3443
3731
6866
4896
9153
7841
5304
7514
4441
4071
3794
9435
9663
3814
4908
1237
643
7246
1550
7800
5611
1697
2054
6994
4592
9238
3928
5714
3826
6426
7007
1082
9433
1361
1838
4658
7449
5657
2040
6568
4801
6383
1816
2037
6304
6363
2974
5196
1092
8311
7559
716
3376
7181
4568
293
1530
4110
566
1783
8126
6302
1364
2005
3106
8701
7242
8457
7080
3137
6143
6337
4681
2831
9428
359
6804
4648
8700
7854
451
7072
1067
9160
3365
2698
1049
9604
4846
9966
7219
5541
3144
6093
4911
8830
5827
6492
5610
9738
1104
6156
5696
8472
8886
5194
8328
4595
95
1665
7769
735
8019
3709
780
2703
6671
747
8591
3124
2609
8141
7987
5712
2850
217
4484
7049
5760
8257
882
8489
5191
2781
1120
5265
3708
4804
3640
7886
9238
7866
8233
1332
9865
6163
1215
71
5248
6406
2686
8392
8262
5709
1594
4236
1601
2120
1637
9385
268
7953
3158
7977
2400
9882
7346
3057
3214
6050
3130
9068
1019
5255
5809
8608
5801
1782
3528
6642
1822
9758
7193
6244
4402
2546
2876
2925
8506
3613
4248
1458
6508
6607
4906
4832
9951
9414
4267
3947
2513
7032
817
4096
3316
6620
1077
5223
6150
889
1676
804
6331
6774
9844
4925
9289
8337
140
8886
2096
9323
8353
7656
5428
1792
7745
3472
56
7716
1870
467
73
1081
9137
3759
1652
1469
4871
2509
3909
1137
8861
9091
2893
8964
1459
6182
367
5949
6832
2556
5367
520
851
9039
1943
4199
6097
2942
4624
3546
7167
1390
2553
1914
4429
3709
3519
6031
9357
5815
1290
4593
8367
7457
1415
3355
7995
4355
1335
3819
8123
4371
1939
9446
1506
5916
5130
7049
5868
9854
5785
7355
6755
7662
9510
7886
7579
1598
7433
2788
5403
2600
584
8446
4808
4179
8781
6527
2656
8392
5414
5647
9104
9583
825
459
3107
6226
3521
2602
8375
4803
1241
123
3997
3129
740
5290
6909
9366
6919
6785
7396
3604
484
5611
5035
7821
2932
7348
6245
2138
8511
2748
8852
5363
8667
4250
2681
4822
1359
8797
5526
1123
835
5326
7122
5507
662
6977
2584
4392
1115
2410
844
6896
8481
6381
9596
5059
9214
8221
7710
7676
8583
7238
4204
6869
4239
6167
7352
3146
6441
5702
3885
4400
9835
456
9365
7422
6289
9336
8801
7689
315
8708
6472
2030
7781
5255
206
5465
577
4096
2800
8834
6658
9890
9530
1127
6759
4101
4773
4404
8659
1147
2832
6223
5205
1676
7194
6896
9529
8114
186
7181
826
5169
5211
52
3122
5294
3175
4258
847
3632
7502
9377
1348
5044
7859
3533
5529
3050
6435
8183
384
2637
9587
9507
8582
5200
8822
7884
8481
1652
5048
5448
1116
7942
1577
7126
6396
7653
1545
2019
1038
3665
6892
7836
6912
191
827
6637
8920
3833
8263
4216
5669
2930
1290
6290
480
9223
796
9319
366
6737
126
7965
933
5576
647
9414
2248
8513
9673
6016
7793
295
7823
6087
7515
1800
5510
9770
9145
8614
7732
9114
3861
9998
9225
4398
265
2581
7585
2452
740
3502
3138
2978
2650
6937
4361
1722
2522
9558
7339
9436
9453
3270
7962
3750
8552
4738
6311
4615
4622
4917
5567
5201
7702
7124
8339
7404
9108
1951
1944
3863
3398
7663
7639
6585
989
558
481
8198
5158
3015
8995
349
484
8882
3138
5262
7004
7250
1028
3385
3533
218
5723
1249
298
1993
798
1696
7893
4135
6517
6900
3865
5319
8513
6631
8628
2508
5349
5980
3823
5656
5381
3157
7308
4272
4810
4658
7099
2107
207
8467
9560
441
4540
1663
8341
9296
108
5069
816
6898
2573
9599
8976
6042
8835
863
7473
9333
8601
2546
9290
3838
3797
729
6135
3890
8423
3158
1224
2370
686
5499
7877
9030
8183
398
9740
3534
4947
5961
6633
2052
9027
5629
5585
3118
5475
375
8522
1295
8720
4363
9658
5613
3575
9837
5723
7373
5660
1502
1688
4394
3235
9795
6023
5461
5599
3202
9251
3318
6133
2438
8309
1681
2252
4417
7118
5588
5251
5425
3747
4317
7038
9243
9621
7528
8319
5508
6731
7813
1101
2511
431
4376
868
2560
4211
8666
8824
4719
6766
4109
4247
6425
1254
7565
2523
7008
1963
8530
9832
1954
206
2354
808
7991
5868
4851
9696
2339
7883
5902
3727
8396
6880
7679
307
9510
5931
2857
3399
5674
2656
1639
2285
4853
8210
9149
436
3933
2541
7708
2006
3310
4432
2820
5409
6354
5190
3780
4480
3775
5904
5421
2005
6409
2816
6292
3989
3865
8804
3670
3424
6678
8478
4455
8827
640
2588
5651
6188
8684
5128
4341
8929
4424
6206
3493
9534
5200
4117
7068
4769
5641
7788
5540
5459
8427
2675
5291
1838
812
8563
1046
4838
8599
2971
7409
7317
9772
3992
2132
8006
1441
8736
1554
4989
7558
7195
1547
4786
5589
1262
705
6184
360
5909
8936
1838
5093
4508
6615
5202
9045
4219
9979
7933
1314
6124
5898
1135
798
9498
644
1559
8400
8264
6342
8814
4138
3578
1225
2849
6662
5796
5895
58
9998
4510
8606
3338
379
9088
6444
4213
246
7184
8826
7145
3482
6645
9286
7612
8666
4279
9928
4994
5006
3061
5926
8136
9113
6242
8355
1664
1942
1324
5602
3593
4465
4571
6840
7610
1650
6019
9759
138
9171
5222
8055
1023
9075
7625
6968
6082
2851
817
6418
4827
7486
4346
2453
5151
4102
4820
7036
6338
9529
2250
6532
5914
1379
1824
1019
6882
5420
1640
1332
1975
4386
1297
8567
3123
3857
2781
788
2851
6063
1118
1224
5703
8293
1692
6552
3382
2119
8629
2218
9196
7876
9186
3796
1953
2840
433
8988
7270
6047
2180
2958
8975
3365
4550
6812
4839
6857
6421
1039
8581
4656
6433
6524
1946
7141
8367
994
451
1086
1322
8224
8081
3562
6855
8292
3298
4694
1587
3821
6331
111
9515
2530
117
5425
6983
4763
3762
9086
8453
5165
7050
443
1998
3348
150
4068
9254
1576
7880
9056
4181
1282
2037
5727
1037
2184
400
9295
4232
9124
7029
894
4064
5827
6814
9018
1466
7753
3957
5364
6768
9233
4567
6916
105
5250
3697
5509
6007
7038
8570
3505
4220
5172
2541
1559
4362
1701
5393
1464
1542
9251
9126
4098
1112
22
3503
1444
8146
3512
3542
9872
8442
8336
640
9694
7238
1484
9119
1325
5587
7143
4014
4212
4434
5594
1164
7367
4784
2606
3560
7941
9520
7232
5109
2702
4391
5438
9578
1986
1235
5310
7017
4677
1705
8941
6713
2206
1434
5124
5331
6735
4161
9799
1062
5759
8859
8472
5495
6370
211
2872
8
2986
9578
6798
5411
7655
2144
5376
5572
2058
4209
5597
2993
3879
5087
5581
6982
185
3703
1632
1073
8847
7203
9171
7495
5236
1676
6978
8785
6540
3929
7207
2166
9930
2312
224
7238
9471
7624
2303
3505
5934
3617
2683
2098
3434
3696
435
4571
4096
5091
7907
9806
7153
4957
8111
9845
8888
2871
7084
2446
9626
8996
5134
5719
6299
7951
9340
9042
9308
7602
8592
5941
5922
7653
6970
6753
8483
3490
7252
732
1338
497
4352
9981
6858
5877
766
4611
2894
658
6298
387
3999
9673
930
4605
7583
6241
3413
2234
6482
6260
8086
2867
7996
1459
8592
9233
9877
7255
2627
7516
7177
965
6621
5602
4285
5405
453
8087
380
7871
6464
787
3151
5595
8870
7037
7291
8420
9134
8562
739
735
9510
3633
2798
1774
8127
4310
9156
5891
9045
5361
1939
9907
7661
2162
2414
4634
5815
1332
1748
2164
8802
5123
2606
8383
3166
3947
3890
4971
2077
5662
6645
3690
707
7650
1710
1962
3181
9365
5557
7756
1502
4957
586
6976
260
9089
2145
8767
6840
1997
5707
1252
6660
1926
2353
5464
7680
8731
7545
1002
4837
9091
7995
9543
1074
153
3693
6395
9117
6241
4043
8708
481
7814
3826
6686
8133
9585
1931
6401
926
5896
6325
5604
9563
6033
9707
9164
3965
4961
1173
933
2058
6309
3530
1371
4823
2140
1794
7909
7410
4223
8202
9407
6754
8270
5393
9283
2102
3209
5711
2260
4330
6231
2662
2406
5913
3382
4864
5709
44
4576
1160
928
2144
6071
7268
3113
677
9949
288
8269
6274
5826
5926
7779
9702
1498
1785
2
4682
3130
2050
1691
5443
7983
1729
4400
643
2252
4997
9503
6558
2030
3350
512
5850
9901
8127
3511
512
8081
2554
5349
784
6158
7252
8721
2993
2014
9951
9631
9893
8026
3462
8491
7082
6565
2955
4452
3277
3684
4812
5432
954
1742
7877
3815
3454
8028
9823
3462
3485
6252
8661
2387
2576
4408
9575
8176
134
3710
951
1710
539
5820
8577
4616
6966
6779
7992
1352
124
4709
6475
1961
8098
9747
1831
955
5023
2807
5462
3357
9232
5090
837
3946
806
1604
8547
4306
1850
3102
7221
9140
4224
4885
966
2277
9097
1718
9196
6879
4050
1696
4230
8633
810
418
6321
6207
6689
8498
5946
1934
8316
9719
542
430
5381
9428
5532
8572
7104
8562
3932
8371
2504
5208
9050
9687
487
6426
7098
1261
6628
8267
6495
698
7655
1840
8663
2791
840
290
9534
1470
8918
9279
1667
8243
643
7326
743
274
3116
5598
7473
3009
7703
6074
2543
5665
3397
7850
200
5447
7863
633
1852
4497
9820
6383
8012
8919
5016
7915
8870
8272
8193
9742
3449
5790
371
8774
1991
3687
6324
7173
9096
4993
4753
1134
9979
473
1142
7804
1864
8111
1933
1135
2369
6338
6078
8996
2486
452
8501
6623
9991
8425
8930
904
1268
2545
5001
3007
1825
6912
5977
1837
5557
7895
9754
2568
3842
6576
6591
323
5199
7595
8636
2864
3648
4000
8721
3395
6071
6704
2900
3700
9732
3437
2636
3024
936
6546
7465
7933
3111
7776
2338
2424
1404
6039
7206
3581
2998
9165
6116
1218
7488
6814
22
7889
6815
2560
7576
8672
6212
4625
6887
6926
7009
6671
5220
2108
2632
2244
7719
7429
5583
8749
2912
5276
5424
1141
1257
1873
8157
242
2584
4607
7329
4988
1793
7509
2497
7429
407
2046
1057
6122
7651
3040
9667
6852
9101
1310
6442
5019
1175
762
3660
7144
7882
6379
6982
181
9272
9558
2986
708
6512
6348
4964
1273
3407
9760
5930
2660
5044
5683
209
8351
972
2750
7084
3296
3452
2747
4016
523
7709
5585
3475
2456
7218
8026
2866
924
229
3122
9890
1431
9903
8926
1550
8041
502
8007
9599
5521
2480
9522
6906
4324
6358
8445
4706
5510
740
1783
9007
3513
2813
221
5511
9919
7804
1453
376
2189
7333
3593
631
9598
5545
5001
9043
656
8473
4077
7811
4448
769
9246
46
1197
5158
9392
9737
8171
2346
2663
1866
2327
3788
9522
4812
4850
9677
5528
8219
3660
988
3917
3503
414
1700
4289
3478
2179
7547
1542
4218
9748
1643
4733
9538
4159
206
5996
4291
8579
2370
5677
7063
3803
3612
4613
9510
7684
7544
1423
6353
2205
1263
8325
2382
6778
5889
3706
2524
3877
3618
1783
4104
386
1697
9985
3257
3532
2099
3299
7830
6785
2271
270
72
1128
9730
8089
7738
7210
5202
5910
924
8676
6256
7250
1638
8903
9495
8008
74
5002
4209
6548
5970
7981
3480
847
7321
8426
4169
9084
4341
7386
53
4141
8674
242
9698
3795
1098
728
639
1712
3568
5813
8196
3178
2941
8265
631
5583
2401
3094
1019
8704
5995
9722
7491
7851
8916
3468
4213
6617
6101
6562
4873
4768
1193
4717
6336
8662
4765
2402
6738
2835
4051
7445
848
2993
2246
3252
2296
2851
8536
8013
7606
9487
9095
2957
2327
5897
5151
3158
3033
238
7593
908
5247
1386
3632
8237
7857
8998
7652
3259
6320
3169
9959
6087
5462
2186
4341
1979
2444
9351
9618
7315
4709
5829
4747
3289
5736
3661
814
3773
3387
6415
6949
9629
6330
4798
2941
9206
9255
1544
1109
6423
6428
8448
6098
79
60
2873
9343
1267
279
1441
3282
1965
5996
9591
7514
7059
9224
5243
3092
7347
8445
8577
3901
8521
3503
2370
9042
1069
567
8159
1331
7772
5194
1346
8230
8177
6180
1779
4855
6431
7182
1139
9741
6782
6047
6873
1400
975
8174
2487
614
5230
1605
5656
2550
5555
3265
8824
292
3941
9222
4336
2050
2764
9584
3580
1927
2737
8964
2027
6561
884
2084
883
9367
1353
2402
2878
9033
7073
3612
2244
7689
1696
3109
6167
9698
16
9493
5061
3238
9250
3590
2158
5543
332
5023
6690
363
8595
2126
437
8002
4790
4062
5315
8195
8388
8089
5914
8194
9292
2326
4312
1918
2671
2483
2354
712
6884
8766
3725
9326
4616
3469
8157
1204
4959
3085
4280
1796
5948
2488
9446
669
3400
5856
8984
471
1587
2680
7890
4118
6324
6753
1605
7020
990
6017
1757
121
7474
3889
2660
1438
5515
7293
6434
9616
3930
9166
6594
4935
3518
6692
7362
6934
2687
6493
2710
5461
9192
179
4889
89
4319
8609
7361
4422
9218
6421
6957
7867
4511
5537
5246
4683
4479
620
8432
7004
4529
6582
7492
5064
191
7480
9467
5057
4783
121
2465
4962
9768
7326
8707
976
319
9721
8222
191
205
7522
9094
289
1566
7507
6735
6889
6953
4300
2700
2494
9239
2295
6466
2507
706
7687
7591
7971
4107
9481
1389
7777
9064
5085
9413
7070
3800
2830
2465
7916
6837
9371
2395
3103
2341
1034
1115
7115
3868
3795
8345
1033
4417
8248
5759
6451
6043
4612
5930
5086
5320
4769
7837
6648
4635
8660
9810
5207
7056
7827
9646
3265
1404
7334
9648
8314
3494
2715
4918
4695
9931
9940
2379
177
739
4315
1713
3813
1518
5765
3447
5049
6426
5124
343
3225
3317
6231
9983
8431
1913
3372
2681
7329
8760
5350
5977
276
2725
2441
3315
5471
5933
5570
4151
6202
3344
9572
7434
5221
640
2269
3602
693
53
6583
1310
5369
6458
8922
2799
6715
3543
9487
2166
7874
8028
4127
1804
5699
6759
5753
6808
8440
7699
6179
3792
7593
1997
2488
2528
2519
1011
0
5936
9544
5420
8061
6677
5196
9886
8545
