217
881
9669
6963
5685
892
4952
1755
3015
6806
9385
9977
6504
7605
9703
6084
9620
3554
9203
4220
4535
1102
2867
2845
4967
5843
4707
5909
7181
2789
7834
9340
913
4183
6004
18
2657
7994
1665
2199
3069
2735
6009
6596
1362
8238
8746
2151
1170
7919
8000
4779
8236
3478
6095
7046
110
7692
1600
7996
7347
3576
6950
9024
9370
5228
7723
4907
7381
5708
5084
2373
5114
2409
8526
6784
8842
219
9068
9237
4427
1566
3886
2326
4661
4499
391
6050
9733
9000
3931
5143
4305
8914
1579
1329
4857
1861
1055
3745
1398
5270
5343
2601
2354
3336
6973
7875
1059
7906
4818
3233
2981
210
2996
6928
8659
1643
5200
22
1330
2890
618
4602
298
9015
6143
8690
9522
4102
8851
9847
5095
252
2315
6694
6681
8943
8809
5648
34
1623
9440
2464
1555
5665
3987
7356
8284
4994
2958
5285
4152
9655
832
2409
5123
4507
2308
9544
5945
6611
2043
3635
2365
7155
4711
7120
7538
9219
3990
74
4073
6412
473
2534
5096
5405
6432
1856
9043
1194
4772
5860
6618
8707
9169
2472
9807
8979
2862
7206
5986
3647
8587
6296
8091
1822
1637
6476
435
3896
7512
1447
7919
9239
5058
1990
9385
1898
432
7455
5549
361
3399
8566
8622
210
8385
5195
4963
8994
8019
6017
1249
8223
6439
6554
9349
5010
3194
8973
4094
7170
1379
6010
7525
7275
9039
9812
1211
6222
7398
9645
9549
8594
5083
6352
2694
104
1525
167
8337
5164
821
220
1194
1991
3075
5197
9440
8241
8137
9176
7384
7540
5116
4806
1185
1804
8531
1141
3584
8731
3013
1678
3592
7097
5731
597
7495
7640
2559
7438
4208
3525
2280
9980
4624
3915
5523
5412
2927
3409
1384
9809
2998
3908
3814
9201
2711
6047
1443
9165
9837
8486
2307
7878
2833
4195
9860
1642
5446
8071
7365
6517
1969
2434
7377
2964
2601
7790
1404
8181
679
9958
6952
7627
3610
2196
1076
8798
954
7655
7938
9839
2630
1619
8660
6440
9772
3011
7394
9234
8213
4201
7674
4896
3995
7062
5380
3065
951
5029
9537
9827
6043
3106
6976
8491
5737
1753
9500
2385
4910
9592
1542
191
7247
3862
458
6378
6318
285
400
258
2697
3090
2658
5108
7023
5766
8325
2798
9743
9813
1686
3682
9136
9531
5202
3204
9719
7942
6049
8446
4344
8519
4849
8387
9932
6610
2507
5711
6762
1669
4291
973
1222
7158
5377
1443
9299
5940
983
136
470
1263
2799
3094
4968
564
6691
7019
7400
8849
3208
3417
8699
7911
7639
8316
6736
6204
9673
9211
2805
992
3295
1000
4111
3960
4971
9667
5834
3510
8175
6315
3022
8250
9808
8419
9818
5553
6470
2739
4047
4652
5843
1141
1531
7740
4061
544
2129
3096
5290
1171
1250
6817
4039
7351
6346
1309
6421
4502
8345
2719
865
5370
4844
1896
9742
9133
9415
6391
5328
1952
7154
9356
9384
6552
525
5242
8695
483
6097
2474
9089
297
5509
1212
5424
205
8490
249
5234
9425
7091
8868
9472
6409
8932
7071
3691
4393
9158
6665
6325
4456
4884
5877
5465
5141
7493
9542
2505
1976
1142
9238
5298
7874
9907
6758
3646
6846
3586
543
4165
8569
3741
2984
9745
1261
7786
6305
6445
473
7080
4811
7624
2157
4104
6442
2540
1936
9494
4659
9558
4
5058
3615
273
8994
4959
5634
2692
7343
1848
9429
8516
8224
1546
2271
311
8506
3378
8914
6567
6786
5075
7298
4158
8467
3603
816
4900
46
3588
9077
9043
6907
6186
9242
4883
3405
1806
9780
935
8516
5902
1245
2642
7884
9246
9661
87
179
9423
9848
7549
4184
1114
2160
4667
6639
4058
4299
9365
8705
3523
2752
8051
1376
5523
8235
5483
4839
451
5840
2250
9520
6537
6556
7620
9808
4174
8327
69
4861
9671
8325
9411
4543
7954
6220
4995
9124
8719
3679
388
4414
184
2569
7899
151
2111
4262
3292
3605
7970
4827
2290
9368
893
3910
8364
3663
9085
8944
3221
1547
9564
4318
5965
8988
1902
6295
5689
3175
7207
1072
1875
2649
6551
643
2031
2357
6243
7070
6012
2249
1472
6568
4819
7951
7502
4046
8384
8751
2656
5436
4154
850
3668
6711
6992
8337
9827
1398
4097
3691
8134
9361
6616
8886
2898
3778
9347
7485
3234
6905
9598
7192
8320
9691
1313
3466
2704
3786
5619
1299
5593
895
9608
8869
241
2004
8910
4899
1764
8798
9009
3381
4960
4584
5942
8441
9216
4955
6410
4260
2178
2137
4167
9782
8279
2873
4271
6172
6871
604
5096
1230
3119
8206
1557
2856
760
104
3885
8375
7173
3075
603
8281
2313
9095
6177
6566
562
4081
2249
2206
1750
9490
2761
8728
344
6212
8386
3834
5527
9721
4565
1174
4004
28
35
6849
9981
2552
1200
9327
4091
1623
3891
2346
4852
2498
4381
5474
6942
6184
1219
9502
7345
314
601
2080
3256
4563
9885
2807
5684
6340
8574
478
4092
8893
2375
9090
6612
5944
5995
3248
8281
4096
9358
6589
9175
4303
6286
8911
583
1700
221
9080
2441
7555
8140
8708
7866
9351
213
9736
849
2163
3893
9578
4619
7606
8516
9423
1697
620
4051
2191
7988
177
9664
6341
1909
8928
9
962
9746
6906
5867
6418
5056
6083
9061
6486
4258
9654
1406
6192
1124
9880
1504
3966
7718
7050
2591
4829
3144
8072
5690
1454
6927
7518
3677
3062
33
5962
9120
6048
3330
7261
7760
1917
1964
4524
2216
1052
1540
3395
3100
3108
207
1944
737
3101
369
3229
8956
3167
6077
8207
7494
8435
5582
9084
7512
630
3616
1953
8793
4907
2140
7377
4433
8639
3535
1522
7433
7624
2390
8866
3122
1671
2903
4487
8350
8797
1887
1027
718
5882
4740
2630
553
176
2502
1470
9942
3462
7255
4745
4951
5433
131
6603
8226
6508
9038
683
6333
9616
1209
2727
2420
5902
8721
7400
9626
7729
6212
8017
5418
802
8592
7777
9113
379
9434
8040
8715
8188
280
165
7438
7724
8412
4750
3638
5383
685
3577
4182
3142
7043
8199
744
7101
4079
513
7113
7069
9621
5802
2516
2954
647
8532
1289
2279
5519
9518
5706
4444
3784
5851
4306
346
425
1806
3682
8261
1904
7793
1354
1968
9159
4453
4080
2807
2374
1332
1520
9653
5813
6130
7776
6422
3771
8178
1934
4759
1672
7509
2856
6506
3707
8365
7416
677
2465
1311
4426
761
7883
4935
5819
1057
1034
9718
3665
6561
1018
7942
3761
1325
2088
8062
1345
6923
2881
4240
4058
7857
4969
6416
8009
3112
6277
1920
7394
5779
9829
422
2817
2376
3985
1775
2415
9612
7951
1932
398
5006
4319
9002
2818
4297
1827
6257
6507
829
4973
5122
8626
2440
1335
3699
9648
1773
9386
9575
8022
1686
4923
2822
6348
486
9272
4060
8810
9079
7467
3245
2716
6738
8872
662
3925
798
8057
5855
7412
5039
4228
60
1147
7519
2005
1235
7890
315
2797
7800
9975
6996
2631
6435
4367
4246
6819
3603
3518
8053
7265
4636
6095
8370
9387
1516
688
846
751
4828
3005
2230
5896
3394
1224
7148
3576
2434
8962
8454
8756
6213
2233
6639
3980
4930
973
1244
5621
600
1568
7434
2101
2622
2490
8818
1482
3537
1990
4094
4136
93
9005
725
6077
6743
2429
354
7363
6695
4053
4723
5073
9875
960
2653
6270
4022
3339
509
9299
8415
453
3433
1788
8918
1410
6213
9515
4697
3900
7554
9624
7573
4310
7857
8521
9152
2558
5253
4234
8659
7183
710
506
277
7936
7969
1490
6979
6205
8156
7202
9947
1840
2712
2041
2872
2683
6688
1376
8504
1780
9150
2404
8728
7213
1597
3663
3249
1375
5385
2274
6828
2852
4306
3425
1713
1870
2479
9307
5869
8022
334
2436
8226
1812
4426
5296
7928
7208
4838
3727
641
4564
5398
1760
5498
646
2030
7395
8558
8741
913
4510
4021
6359
2027
7371
1753
8316
490
9293
6601
9755
8807
5822
7766
5927
755
9926
9098
4942
4300
2442
9817
8414
2207
2478
1840
8980
8391
312
6234
4819
419
3123
7314
2957
2230
844
2514
9904
7624
6781
522
7088
7482
5012
1916
9149
9751
9423
1507
3569
8118
7142
8420
2552
8859
7972
1789
7516
8653
8452
3659
6076
7554
1012
8071
3321
1991
7496
1568
9501
5452
4430
8052
1640
8876
6826
23
5192
3146
1742
1015
1572
8406
4455
5622
8117
4175
966
9526
6354
2915
4505
2339
8902
866
7014
3081
4336
6513
7043
9991
7463
3818
7301
8875
4776
6928
9220
6125
3454
8240
7799
7800
5772
6627
6433
1106
6361
4096
4135
1501
3177
158
5116
134
9828
7671
1308
3211
7830
5977
3873
1818
4530
3606
3637
9572
7587
3403
5653
3808
4401
6509
4590
12
5020
4095
7575
4078
6361
7792
6299
4216
5014
9746
1361
1386
7019
2981
1770
9522
1102
450
4358
7934
5155
7188
1987
9698
4415
4288
7203
709
3495
8181
5704
502
2010
7694
5247
7356
8407
1557
4231
3930
6204
9122
5308
1362
253
4240
3093
7712
1757
5633
1174
9607
2828
8376
5794
8009
2542
2484
1664
3776
8163
828
921
7274
9352
6645
5052
4049
1385
1217
830
5800
8993
594
8817
8609
4880
988
6976
9211
8791
5033
1732
7273
5843
1942
4326
5246
9076
8730
5810
5108
6825
7446
2388
6893
6602
8
9601
256
5010
8682
677
4949
2086
9031
9364
684
8726
2350
9679
598
5408
2975
2550
1799
9643
4402
2836
6244
4006
4231
2875
5735
1101
5975
9885
6321
7909
4298
9540
9407
6870
1602
2078
2245
9138
7701
3641
2374
3925
1208
1335
9542
1611
7558
9742
8167
7720
1664
4591
1311
6792
7870
8608
7387
7236
5476
6184
5837
4125
1839
8775
1680
3513
8927
960
6732
7079
431
6164
7301
5472
671
9227
1086
4876
931
8161
6219
3694
7940
6732
3284
6430
6068
8901
5733
1649
6447
4330
3890
5670
9229
3039
4248
9039
9571
301
2767
7898
1913
6728
6475
6331
9111
6352
9378
6137
7625
1940
1128
5586
7874
573
1957
3163
1692
1519
665
3943
5229
1367
7766
6211
181
2528
4715
9500
3460
8841
4625
2158
6217
8283
4013
4811
8436
9353
7990
2900
205
2041
2689
5734
878
7625
7976
5556
3979
6575
2762
4860
1474
338
7004
4265
4845
575
9020
9397
4613
6968
2166
2313
8848
9999
6031
1186
1755
5515
7567
7681
2163
4277
812
5744
6796
9234
9505
6508
5493
3004
9389
9923
1587
1439
9912
1147
793
173
6193
333
1193
4703
450
4108
1493
9001
4933
246
7918
5353
992
5334
7054
2444
2411
2483
9312
8172
5522
9096
8333
3769
4262
8033
8882
5091
3790
2383
2236
3713
1212
6360
7734
7810
2170
6030
2313
9870
6066
4970
2882
3447
3309
8517
5954
6513
5443
5459
9743
4795
2033
8652
6567
8826
3945
7512
1476
1457
819
3446
2811
3262
6482
5946
8655
8579
9441
7649
1507
4816
7755
5058
2284
7578
4570
3826
8324
9594
1768
8900
331
4324
3009
9259
6840
1426
8762
2637
3374
9181
4266
9095
9289
7832
6006
5223
8680
3113
3003
6010
7828
4212
7476
4018
6366
7861
6492
2419
8488
5354
1485
618
4409
4923
6135
9194
6276
3111
9692
3973
9506
6796
8344
7028
4267
2834
3710
1507
9012
3141
781
8348
3331
6030
2353
158
1662
9725
8390
2234
1057
8804
6232
9353
526
6083
454
9837
9374
9211
500
5411
2214
1713
2975
7842
8021
6642
2444
9859
409
5293
1146
8124
7874
7522
8374
3307
2190
5941
700
1067
9955
1198
9355
8774
732
1456
7058
824
4907
2227
1510
1627
9916
2705
4101
2964
2986
9338
917
6393
2954
5845
6
2926
7509
1091
9462
155
4708
8849
9411
299
9348
5450
5995
5364
9192
9158
3567
9614
7342
4772
3894
3873
5338
9023
3358
639
5518
6688
4957
3563
8139
8319
8133
2037
1697
6183
8102
1556
7122
6230
9966
414
1685
3101
5451
4983
4007
3946
7873
2707
8267
384
6551
3482
8626
4896
1532
9079
8518
9942
8455
2316
2240
9282
1372
4934
6970
5361
7450
9385
8254
9127
2209
9064
9421
6267
4401
8595
4075
8496
8509
3981
4920
1212
1743
9240
8266
3367
5861
5775
389
2753
8649
5280
4701
6159
1086
5925
9683
4516
6886
894
7114
617
4544
2556
3965
9241
8751
4908
5274
4923
5094
8446
726
5324
2368
4241
5124
1864
7580
4925
2161
9333
4725
3180
1462
8668
1135
8645
9552
7269
4589
8855
1644
5583
8448
959
7372
3449
2698
5830
6390
3519
5537
1114
1068
5476
703
5655
2278
3464
4133
4658
4587
5126
1712
5922
8703
4029
1444
5883
3222
6329
4372
5672
6151
7917
3956
9333
1131
47
1014
7894
1669
5249
5072
4119
8220
8455
5135
3168
9987
5418
6229
501
8825
7912
4045
8680
3420
4965
9040
6555
5097
8914
9535
5046
910
9544
9024
4337
2417
5057
2999
8383
6633
3476
8281
823
8938
6699
4838
2096
4558
9602
8607
6872
1679
9534
6178
2769
769
9608
6503
9768
5372
4677
1922
3956
3175
8627
1881
616
144
4018
1552
8244
1464
268
4144
3470
3931
2370
5958
1513
6829
3061
5655
2111
9824
2654
7457
2337
6354
5131
3421
6039
1684
390
6241
7733
3989
6083
6178
3501
7404
5413
7558
7947
8597
2750
167
6194
2546
6418
8452
8016
9251
4119
3570
3312
497
6235
6751
4908
7171
577
3495
188
9844
2537
9455
6271
5468
7627
4671
5141
5738
1856
6557
6472
3411
9693
8740
6837
7716
3741
7268
9898
1524
3050
8994
5613
9269
1592
6880
3270
1145
7886
3576
4090
9952
5858
5441
4262
4016
2239
2052
8708
2942
4629
7209
4189
2536
9790
2682
7915
1525
6041
6873
9786
7668
5620
8925
4010
1585
7178
3256
8515
2486
4951
3892
1110
9838
7908
6731
2572
1988
6164
4422
6974
2715
1402
4749
9695
7255
1108
2765
1802
4552
4424
1896
7571
8807
361
615
3277
8680
4742
7738
7000
5775
1327
3039
5796
2928
7813
9505
8246
6366
6157
8984
5318
6085
9057
3406
9715
5476
9652
98
452
6913
639
7462
5451
3872
1292
3682
6744
2671
2462
6827
9528
1272
8683
4846
1735
8858
8200
2966
105
3985
6383
2014
6401
6433
7119
8529
4716
6786
9792
2236
7597
245
9826
5764
678
8725
8161
7764
5087
5209
6759
3183
9862
1654
8622
4724
8196
4049
512
4800
2968
129
6317
9885
1970
3587
6168
6599
2190
7143
3935
2271
4538
8680
2837
9513
5702
9417
9293
1296
4792
4235
7429
7834
9928
6331
5933
7894
9519
1368
7154
881
1255
6514
5132
2007
6334
7870
5088
1447
1997
2054
6754
832
287
1709
9131
663
4273
6832
2899
5963
2965
8072
7804
9359
7170
7197
4747
6022
9643
7876
5123
1198
9194
6968
8847
7651
6969
4167
5067
6451
3837
5747
3264
4706
5184
5097
7482
2500
5865
7102
9240
4983
1962
7621
3648
8356
358
3022
3900
7754
3981
840
117
6250
533
1815
7610
7506
7734
2289
7965
3889
7859
9778
4970
953
1696
2735
3605
7826
5124
1639
8415
9770
236
4006
9908
3339
4857
1379
4949
3877
5480
6297
6733
6139
1212
7123
3042
8186
5578
1825
6841
275
6321
8439
5398
2361
2340
5732
63
2390
6933
7536
5484
5832
8527
4318
3374
169
928
9345
4105
5564
2497
475
2783
131
6948
1712
1114
526
3369
3418
853
605
7581
86
4647
151
8303
7851
5934
1587
8256
2043
4740
819
3095
3761
5072
1969
6766
4554
6828
5362
5580
1057
3215
1495
4720
9155
6038
7170
1879
2641
2307
7781
7482
7971
4130
8838
4375
3593
7796
9822
8441
5661
8602
5345
7127
9540
2224
4457
6599
6676
4451
5851
2285
8480
4640
1179
5524
2814
2395
442
6823
6649
4441
2685
8476
1458
8586
9418
5517
9921
8598
9372
6165
5658
9443
8645
5540
7499
7104
8931
9871
9361
3458
6459
5495
8139
9464
4866
4676
3302
5564
315
6941
8023
4185
9450
1687
8631
7332
5527
568
760
5272
6494
1319
902
7666
4436
5121
505
8293
5268
9818
3431
7739
8887
7071
4262
4138
3345
2436
7087
4046
4424
3487
446
3640
9616
1167
2934
8323
6978
3930
3122
9502
8939
5298
4421
4603
544
9956
4051
7892
8112
7037
6073
9045
5282
5816
5766
793
7324
424
1165
9140
8309
6159
8867
314
4995
2041
9315
2267
4510
8168
4241
3724
4214
5292
1868
3555
6975
4079
4668
8415
1994
426
4922
7441
1248
1847
8239
4763
5431
7413
5237
2867
3111
3281
6906
7011
2262
839
3586
2257
2863
4469
476
1222
4786
7096
6637
1870
5989
6582
1785
3771
6135
2311
736
6581
6325
4208
6964
7234
5718
6317
7241
542
6193
5595
3334
7655
6254
4319
2104
7224
2234
1302
3429
3088
9460
859
2909
1294
8724
7598
4285
1804
1820
5527
606
2500
4582
423
2554
6627
9660
3398
46
2537
5575
8879
9451
9114
2159
7636
199
9029
4530
1887
4192
7646
6272
8183
2513
1129
2898
4971
509
4565
3914
9966
5992
3571
6454
6591
4788
6866
3055
419
8665
697
9182
3841
942
2736
6541
2890
5396
6891
1531
6212
1299
8499
4265
1217
9707
3299
8114
9920
3772
28
5912
9456
4945
5877
3401
9293
7303
723
1297
5368
9692
7457
6008
3895
1571
8108
8076
9734
1267
3822
8793
920
9487
453
8549
4046
4385
2927
6584
2579
9695
3540
3705
5265
7391
6911
3684
996
8599
1946
5334
5194
9389
8806
4811
7491
4061
8420
9007
8234
3369
4867
1585
1040
1114
9590
1654
8769
7653
4481
8889
3685
3385
3296
3696
8182
3653
4820
5674
9721
9430
5979
6340
7227
1150
8187
9435
1993
5521
4394
8075
7324
7448
5453
9142
5119
4040
9339
7105
1998
8669
5310
552
749
8559
9205
6130
5330
9687
3144
6751
4224
2875
2298
6589
7089
2693
7764
5994
7519
9234
8884
4164
7390
7286
8977
12
3834
268
4345
234
9817
8315
7321
5417
4957
6517
5896
6275
3801
969
9344
9735
6140
2536
8042
5542
9742
740
1574
350
4198
2756
1924
7902
8454
2789
1666
4088
6725
8235
8562
4980
327
6021
3478
7265
3370
1518
747
9062
5375
4975
8816
7607
7522
8017
1377
4707
8104
8129
4276
4042
229
4141
8207
4668
5191
7722
5732
1949
3219
568
5627
3220
5594
589
4202
9859
6455
8846
2547
2529
4408
1373
9866
3058
54
8539
9921
4056
8322
5710
9907
9315
2526
2702
8665
1219
1190
2410
2636
7247
25
6312
1688
4670
1192
3353
3048
1715
8201
6442
2468
2822
6808
3511
6196
8220
3179
9226
7840
8296
8145
3969
6230
9083
4518
3454
7174
5480
7349
6759
7341
178
4571
382
3212
3910
1491
1692
661
9301
8868
8406
3778
1658
9475
9505
5618
6394
7558
8369
8128
3625
9127
1197
4625
7880
65
2303
4202
3468
1274
4743
8092
9275
8460
7615
9965
5280
6193
1225
3284
3070
2891
3829
6577
3584
3534
2735
4518
1247
6619
885
8022
2573
1113
3269
2745
7614
8290
1269
2745
7766
1751
1085
6236
3469
2513
4862
4846
8415
9909
134
1434
3809
499
2907
4101
3806
9788
9237
455
5311
8717
3689
