4198
1224
3260
5391
945
6191
4542
133
3911
5688
8818
3740
5345
9772
8046
5920
4306
3544
7444
4038
9482
1826
7184
398
2161
4054
6337
8151
2118
9598
4817
8209
8388
3456
6387
4494
2430
8257
1192
2434
3975
1831
6078
6954
3904
9341
2566
6265
4687
1071
4960
7596
9992
3621
7701
7039
155
781
9105
1769
4041
2513
7723
7523
9012
8615
2818
1030
4339
7847
229
7905
1087
4791
7791
106
4589
1043
1710
4268
3719
5512
8607
6542
4377
5167
3463
9268
8853
8695
8304
3231
3956
4347
222
7920
2538
7986
4845
9403
788
4918
1913
7622
3313
5548
9978
2415
1706
7874
2762
8701
5247
6295
4435
8319
3712
787
7162
7969
6117
4855
3218
1934
5834
3904
5039
511
8842
2805
5144
7920
1446
6624
8872
868
7410
1914
881
4511
6045
9118
4541
705
4524
9391
5906
5859
2354
2293
1729
4441
7629
5283
9276
1176
2879
9764
5458
4545
9127
3892
6760
5499
7468
8827
9093
2959
3399
8164
1802
4909
7066
2652
7932
8524
6720
5813
3503
1854
8881
9130
3697
2705
18
1309
4385
4466
7144
6380
1274
6189
7847
1891
5168
4367
2027
6810
4229
7484
674
9919
1752
3357
2500
1103
3594
4001
3312
6349
1935
7924
5380
7013
7374
7261
9944
2906
6613
4880
3560
2107
4604
3733
1644
5477
3299
8448
6438
3522
7739
1391
184
6911
2606
3554
8815
2747
445
3604
5328
7755
388
9689
5805
9466
2475
7184
5571
3646
3020
6727
595
8422
4667
2589
4188
5583
9719
578
3586
9862
1180
2603
589
2759
7139
9218
5568
8964
375
7563
6227
3298
9428
9569
2688
2189
5277
2846
4007
1692
3354
1337
2750
4719
2429
4026
8969
4069
7055
2697
3298
2362
5612
4133
5205
4525
1064
8576
618
79
1852
2711
3535
3943
1889
2656
1169
8691
9576
5452
2072
8778
3139
9500
1309
7004
1380
5695
6104
9226
8048
1097
5962
1154
334
4368
8339
9267
6338
6672
49
1407
705
4270
5511
7406
7713
6794
5829
511
2111
5549
1146
746
9868
8962
7874
400
5604
6593
8861
9380
4556
9366
799
4387
2280
7505
525
5790
8342
3526
1786
1337
5322
4036
222
8923
3591
2899
6736
4118
8743
5174
5344
5008
343
9649
2644
2720
8450
5700
2556
1557
9721
3556
5076
4816
4363
6507
1510
7042
7959
2678
4729
3135
7147
7628
6954
8818
3847
6783
997
6170
5907
4507
256
7938
3834
9227
9924
4687
6594
3291
9401
5426
6729
2344
2573
8253
9214
8915
9185
2290
5784
4772
9824
7159
7351
9915
9069
22
2613
6754
9880
6145
3769
5807
8524
2691
24
8278
7448
7569
376
6746
5720
8783
5202
2116
9343
8654
8083
3420
2755
2660
9343
7876
1254
7604
4339
6661
9212
4284
5350
6240
7790
9342
9243
7271
3289
6966
7365
8516
1171
986
3863
5510
9708
9119
535
701
7773
728
7966
107
3729
3610
672
1898
2124
475
2018
4476
4203
1848
7884
430
1402
5365
3421
4166
2124
3088
6229
7915
9274
2847
3076
4067
2507
8631
7340
8855
1596
814
9317
4291
4669
6440
6909
9738
4056
4462
1481
647
9438
1710
461
4286
6064
8747
7924
832
2471
3428
4221
6173
7184
2035
4882
1364
6040
4364
1254
5670
4735
5285
5610
5785
3068
9316
9372
4424
333
2915
9932
1128
5817
2641
7420
5525
6949
8819
5652
9019
3935
4504
8991
7904
9914
8762
4054
7438
5238
847
8359
9983
971
8287
3506
5409
3922
9073
223
4745
8352
6014
3023
4899
6176
5607
7293
5319
9228
657
2353
728
4776
62
3345
2647
8123
8616
9108
9060
1498
711
7701
2180
8387
6882
3920
3278
3779
9154
4924
4975
228
7681
8901
2845
9527
8834
5828
4777
3946
810
4350
8349
4438
2027
5014
709
3383
6850
4544
955
2281
358
8579
3642
8411
929
4633
692
6195
9020
8630
8767
6350
2
1203
154
1410
5222
6726
8333
210
2337
7088
4702
9212
7475
9666
8544
9875
7435
8221
4966
309
1042
8229
4006
6680
5089
8400
9336
9605
627
1073
4173
5201
5076
2812
3373
8276
9577
1653
4809
1192
5450
778
367
7712
6426
4937
1835
5282
471
1487
7498
9603
6765
1583
7818
5917
853
3419
8542
9311
5562
801
9310
4369
3436
2213
42
1635
3709
7975
7007
1985
1113
8625
5522
5829
4723
400
8122
7177
4363
9980
2458
1239
2043
3173
4428
6991
6225
2940
8921
1876
6422
5323
7396
6067
4493
9666
8391
3521
9479
8463
2756
6672
1187
4041
830
2318
9364
7737
1601
2251
6346
5158
5739
5940
7570
5707
2798
4689
25
71
6894
4583
8028
481
7716
5466
9899
3270
4197
4435
6187
2369
7197
9962
3291
5845
117
2113
1871
378
2052
6572
7784
2178
1809
9104
4660
5382
8614
5319
6417
7954
1936
8125
4637
8441
3379
1915
6234
3094
5834
7198
365
4017
7325
6274
9637
2459
6699
1200
4936
1574
534
8561
7817
2963
4543
8062
438
89
6310
790
2430
7951
9187
8123
9712
8678
7699
137
3310
2358
6602
5028
1681
5331
6151
9741
2214
5020
5973
5584
1573
2881
29
9469
2722
7374
9097
6369
860
8136
6100
2753
5571
1330
4781
7043
3560
8396
1850
9848
3564
2217
7000
2842
426
7772
7105
3422
9232
5855
2583
2629
1304
8255
4732
7397
2678
3351
7332
2223
1770
1623
6866
7821
789
7200
6655
7658
2584
7711
314
3469
6247
9012
4169
3716
9357
95
877
7673
9945
7622
4804
5667
631
1380
1591
6108
9657
4081
4148
6474
499
2090
4998
7309
4951
6637
8912
4324
69
8036
3017
7660
9060
7819
9632
3973
1454
3631
7105
5027
4117
9701
6208
1934
4995
4021
370
6566
5552
625
7372
1256
3613
8245
5315
7109
9597
4829
706
8373
6675
3341
5257
4967
9989
4945
3266
8851
4048
2450
3776
1391
5398
5266
6304
9994
9747
308
3377
8552
3182
7915
9504
3611
9914
2189
2652
5866
4859
8595
3273
8625
8949
9088
7968
9988
3888
251
5443
1505
4281
5627
3485
241
5842
8287
344
3323
8826
8535
1833
7014
1191
7026
6662
3384
5823
2309
2711
447
9077
1924
2442
4251
9313
2400
9424
4823
5609
5709
5526
4226
7147
5343
942
4894
9597
6641
1755
4324
2443
9569
2716
130
3583
3659
4783
5171
6015
4672
6263
6073
8512
6755
5624
6409
9465
2481
6335
7283
1522
8378
4895
2188
5131
9792
4614
5530
6921
3387
9150
731
8971
9382
5215
4946
5035
2890
337
7360
6559
8388
2752
2923
4639
1910
4168
9389
1746
9575
3680
4620
8545
1383
1731
4801
1117
2740
3273
6311
1036
9682
2308
6210
2046
778
9286
9306
2734
8242
1936
5106
4948
5813
3477
4569
1543
4558
4910
3373
6495
8758
1222
1079
9657
3896
5733
4198
7476
8013
3035
651
7049
3850
4626
527
4711
9234
3813
7581
4684
3384
95
8639
6400
4837
2412
2072
6298
5122
6141
4811
4790
4979
3239
839
7871
1824
2970
2272
2214
9697
3887
3050
8308
4918
2651
3092
540
8064
6065
1887
3849
4624
2371
9146
9767
8857
3896
8011
2286
9428
6297
3004
1641
6576
1398
2080
6693
3860
5942
3761
5621
9027
6587
8263
7538
4203
9380
7830
6383
6634
9804
7093
8634
6845
3119
6342
7823
2470
1613
6183
1719
6057
3543
7956
7277
5459
5319
1975
6337
2824
2828
8974
7766
8872
6466
7734
5398
5820
2880
6841
6565
4371
3755
4018
3794
6596
6744
3625
9978
3775
671
3119
1223
6356
779
4295
774
3999
2638
9967
1830
6831
4913
1610
3788
1266
6664
9020
2068
655
7604
97
4242
9583
6019
5482
2278
4152
8274
3013
3853
6184
2978
3384
7460
9770
6952
5785
9880
4936
8638
3869
4169
2238
1176
8923
1661
7942
9089
9644
9776
2086
3988
8274
7849
4082
7078
9730
72
7199
256
3343
6572
485
2890
8581
4033
6175
8387
8478
2374
7059
797
9652
7021
7224
1062
8740
9771
4857
3041
299
7535
4229
2370
7152
8239
8144
2281
8461
9406
4426
3206
7996
4907
874
4267
6362
4786
2839
3711
6218
789
7538
2894
1353
1878
9859
894
5305
3323
7006
6156
8012
3172
7346
2501
4335
7384
206
3857
1296
1307
1696
1561
5054
8797
3131
9817
7868
6508
4613
3265
9505
9609
987
1333
9263
7944
3281
228
1037
5841
2649
9366
8531
2979
7646
1135
1058
6824
5263
2528
3086
3684
8931
4125
7130
7367
1229
776
3278
1794
3341
9404
7526
1366
5168
6438
8106
3992
3478
9966
5222
3264
7822
7700
7045
545
2384
500
6319
1331
1526
1244
4956
9708
8760
6245
2547
77
4323
1580
6612
4840
1445
7765
2607
5088
4247
7845
927
4137
9591
6878
6854
5038
8497
2520
6101
7665
4874
3098
4328
428
9433
8503
5357
9143
1299
9317
9839
8611
3121
5946
2419
7395
7295
4703
3358
8234
8819
6630
129
4639
9640
2600
4418
5773
5735
4071
8344
6327
9265
6546
1587
665
6203
2983
9445
7017
4327
2962
6433
3900
8395
6052
4415
7765
1376
3935
2008
2873
5240
8829
5172
30
6893
6209
3470
3090
5650
1813
9153
5479
2537
1938
7154
8444
9105
4110
8601
9015
9608
4400
2412
5646
1573
5711
3178
8917
5867
5832
434
3457
3499
9343
4717
9451
713
5036
6558
8864
7096
4246
4101
5222
8133
3998
2666
6313
6157
2050
2604
564
7308
6034
3878
1563
2067
8655
2282
1508
2309
8495
8606
598
862
6286
9888
7721
5473
9886
8246
5581
8620
3695
6310
2135
346
4057
8255
1702
821
3638
8435
8052
4789
8477
3265
72
7626
7161
8883
4264
4578
2424
6209
3867
8535
3023
8463
9324
9224
2139
3418
7979
7602
7874
4043
2974
3163
5528
9029
6277
8843
4205
1729
1979
8920
708
5619
6232
9532
5663
8152
9155
8053
8854
8559
1413
5033
6998
4657
777
8675
1734
8798
3455
9742
8308
4661
6800
7981
1374
1232
8699
1797
6173
3914
7646
9112
9452
9934
4897
3535
5654
2301
7692
5987
2509
8395
4008
1624
3543
7111
4147
5814
4083
5989
461
6949
2698
7754
2640
9428
1376
2484
9884
8998
1641
2947
5072
1162
5688
6583
5221
9398
5699
2375
5540
6528
3554
7387
3336
5432
7431
6135
9774
8948
9879
7733
249
7465
2374
9358
4770
996
6801
3588
3420
6243
6469
8783
5509
5474
6605
6978
6857
2405
6248
5705
3793
5183
3017
9042
9992
8253
8328
7269
8382
9042
3830
3793
3782
8048
4653
8852
3530
5136
2166
4422
4846
4814
9173
6099
9074
6084
8462
5667
9521
4433
1339
6008
6678
5237
2821
5795
2206
1148
2367
4211
2392
3172
7923
1948
8473
141
2036
9664
8221
2221
2514
2204
9736
4348
3068
5394
730
3123
7600
8446
5872
4268
9806
87
1447
3477
5771
3988
6972
6631
6673
2552
2975
2462
2931
5915
1846
1748
9949
6423
8366
7614
2506
7628
7932
690
3360
1344
7393
9731
5063
4535
603
4796
551
9066
2825
4949
2718
1943
8263
2996
5280
8261
5367
3363
665
1890
2321
8841
398
5788
5169
9496
9954
6888
6590
1251
7348
3186
1627
9706
1125
4897
5543
4835
6376
9750
9631
3831
6163
6065
3059
2582
9217
7120
1813
2599
1769
5798
8685
6928
3338
4675
4986
4671
7517
7109
3844
2531
5116
459
4573
3242
9921
978
6373
9607
119
3342
5149
9695
1037
6390
7283
1233
5961
2429
5468
6400
3449
2681
4928
1214
9364
5809
286
1606
6271
6727
5040
6086
7932
9024
8170
8824
3021
7692
9964
5163
6646
2407
3191
5426
9089
7323
380
2649
1162
8239
48
6912
5306
8687
5644
9750
2834
1609
5328
6866
957
1026
3127
8544
2408
4324
1334
5911
6638
1429
7903
243
6203
2484
6146
4980
4226
8898
8034
2163
3658
5466
3269
8443
4307
5198
7493
7883
9942
2576
5685
5127
7099
2762
6205
1830
9796
3851
6118
252
8855
3247
513
4116
1737
5593
481
6457
7685
8511
9881
9873
7083
690
1440
7239
8790
6361
6897
6515
9942
489
4367
2584
1692
2403
2870
2843
4692
6042
653
7163
5884
5199
3559
4544
1347
8395
5304
3252
3341
7896
9829
2265
4771
6077
6900
3782
5127
4436
2835
833
501
7865
8964
4890
229
6161
3782
9826
7804
2964
319
2023
6466
2793
8133
5261
9183
4941
6364
5930
2847
432
6089
9662
5029
220
4853
2284
8971
994
9406
2858
3367
1283
919
4833
2825
5528
1024
4417
3792
7550
5568
501
9885
7873
6750
1934
1456
4084
4992
1230
9966
3706
8154
3924
9572
3637
5752
4591
85
4297
7271
9872
8767
7451
5821
2657
1148
2715
5577
1451
5749
27
9861
2473
9424
5755
1944
215
4554
3363
5320
7334
1087
2540
5500
1039
5990
4363
3424
3841
1642
9819
5665
313
7411
9366
3001
3549
5396
3136
7045
677
8397
6320
1553
9190
5792
8315
9045
2284
976
126
776
8964
8582
8888
9459
8547
9838
5363
3345
5382
9582
9533
594
5543
8390
8039
3567
9401
6658
8249
5143
9873
8061
4575
1304
7793
5040
6741
9706
1953
9256
202
869
3212
9526
7876
466
5157
4287
6768
175
3796
6436
1763
8188
6384
2108
8787
8563
8810
4749
6395
1685
4596
7577
7439
7086
9197
101
6588
2442
6379
3461
9211
8066
5331
1603
2338
8607
9655
7519
5206
6511
8109
1440
6018
3300
9175
7225
9565
5562
8516
6822
4938
2433
1779
8918
3265
8360
8608
8706
7094
9195
5388
3035
8595
4963
9709
7330
8087
2108
255
1569
6202
8068
3941
7127
4876
8670
8353
7089
6441
6326
379
644
2154
6752
5617
8054
9436
7849
5884
2092
9141
799
2954
3166
5368
2492
7165
1687
5111
78
6880
8665
5552
2786
8433
2077
7205
3918
8560
6664
3948
2910
2626
409
431
1717
9074
1182
1089
5190
2997
4679
1951
1307
3448
1842
6446
3826
6617
773
182
2376
1998
907
9994
2845
6693
9205
5603
3351
9753
1650
6217
2931
3678
8153
157
9430
378
9539
4534
5473
4176
1829
4902
1091
6522
7435
8584
6616
9282
4945
7288
9952
7229
2971
1582
4122
1845
4932
8937
7119
769
803
165
9771
3203
425
6808
3253
6078
7335
6206
9664
3953
1293
8079
1499
8533
269
5610
8227
7391
1902
545
2440
2018
1676
272
6796
5780
6461
6282
6712
8715
6799
2291
6409
6564
9596
5764
9271
4496
6527
4414
6262
2492
2721
6878
9366
7995
5532
3961
9301
7186
4257
8324
693
911
4116
2099
3400
5271
2645
3260
9222
6827
3946
6583
4177
5558
9623
7876
3840
342
6592
281
8488
7876
3573
55
2009
6769
7596
7400
1140
2784
4477
6343
9274
7370
6294
6523
9776
8785
6735
1649
3247
6261
9032
5094
6104
781
7262
5342
9876
9715
6412
1476
5417
2974
1342
8190
6664
7036
2849
1803
5187
2572
1479
3852
8605
4422
1142
4765
6314
5960
8128
5871
4485
8237
9837
7859
5168
5692
9620
2788
3958
1675
4009
5138
3229
7501
3920
4519
5943
4943
3936
8183
7143
7275
2
4073
6816
4551
697
12
6553
5069
9515
9096
4749
9176
5965
1843
2560
4200
2574
6220
2171
210
3914
887
4872
9943
878
1845
7609
8158
2507
4960
6835
2449
9875
2448
8680
8193
2369
7805
2418
4919
9509
5409
3371
6184
9101
3689
8137
756
1871
2328
2039
2892
4018
3032
9023
3981
8301
8990
5908
2925
6215
1176
3659
9937
9949
7254
2489
8888
3715
1811
9655
4728
4322
9710
1203
131
5583
1625
6433
5861
7931
5789
7918
7917
6551
968
6517
4662
6416
7780
858
9489
4088
7077
483
1872
5445
8847
9287
3265
9539
1666
6126
7621
3028
3667
9721
9884
6648
5640
3787
4079
5912
3407
596
7962
2171
7019
2430
7172
7948
1597
9920
9724
6147
1163
3120
3634
7263
8687
3829
8623
5733
7151
3131
8337
6482
9412
6240
6023
9100
4105
4795
5574
4999
9634
3052
6070
3604
3414
4686
4668
7508
4331
4105
564
5178
2717
965
1242
2942
3354
601
2645
7213
1597
2288
8322
8862
1173
2605
6664
8240
5025
1653
8397
7567
10
9611
2821
2389
2109
202
6705
7245
6307
4571
2204
5330
2703
5094
6765
1350
9972
8725
3417
831
7169
9923
9497
2876
2761
2564
6276
278
83
9166
7945
7425
9627
1125
5531
8818
9155
3909
2248
3402
8041
8
9400
4752
9190
9287
4511
9964
3233
3005
2511
3200
4782
4423
3533
3137
4758
4504
5789
659
1555
889
813
5364
7624
9086
2508
5934
3804
7075
2341
2784
833
2757
4844
4102
7493
1213
643
5876
3700
1031
3785
2674
4136
5569
6400
6705
8622
6527
2057
9164
7430
9051
5694
10
6711
2121
8268
2127
3100
393
4651
2018
2495
1126
7516
1002
2145
8427
7358
4801
3123
53
6204
5306
7444
1300
7223
991
4023
4043
7659
915
2095
2902
8800
5159
6011
8715
8400
4136
4728
9066
3216
9429
8151
1374
2988
8462
6285
4533
4004
7464
8448
3580
6013
365
5029
2932
7141
9648
9443
4433
3703
5934
771
8144
919
7840
9879
424
922
6893
4532
8074
7093
9708
2525
4963
6945
6552
173
7328
5464
4108
2721
7744
7391
5357
3808
1461
8815
8647
5191
4100
1217
9183
9381
8429
630
3784
1808
9556
816
9186
4051
1325
1777
9308
8117
1815
6190
746
9830
9935
3967
722
4680
8325
1654
9680
7640
3131
409
8457
4151
6234
5405
6460
9242
9695
6577
6340
5242
3699
9285
9803
969
40
4790
1113
402
4383
7207
5402
3035
278
2620
3517
5370
9310
342
4120
1377
683
8454
6409
2231
8261
2272
9832
709
236
4958
5496
9482
120
9837
444
9579
2318
392
5238
9866
2190
5168
5674
2625
5305
9669
5122
2379
5761
5091
8987
5968
4808
6139
700
203
10
9869
5270
698
5479
1471
8583
6962
3496
1805
3577
380
51
3197
6279
1871
3530
365
6320
9979
2733
7179
4436
1215
4560
1265
8091
5368
8455
4940
3509
7943
9805
6375
9836
1182
5668
6729
7445
6694
679
679
2598
9008
6204
5223
2353
7958
1413
2386
7311
3917
117
1397
5496
8778
8655
8501
9598
6398
1466
6268
1417
4655
6546
7524
9293
8596
1096
9775
8103
8956
7849
5889
8695
3228
5788
4698
9512
5924
1012
8068
7962
9788
9813
3877
7297
4912
3652
1361
2598
5813
9831
6464
2923
5959
5388
4375
7036
9760
1990
9526
657
2487
2129
9038
1904
3843
3431
8300
5247
8491
8779
838
8823
6795
4786
6992
4388
6053
9649
9483
7977
3025
4322
4508
9744
3442
6576
2197
751
2487
1362
7970
3446
6715
9109
3233
3333
8266
7601
1487
5611
7248
5757
8427
5849
1743
6655
3866
9364
6012
2860
4438
5817
5575
1981
7667
6156
950
8690
7120
6729
9741
8993
8710
1915
8123
5767
8289
2522
1524
3055
5927
6831
7879
7984
2793
3972
6555
3776
7270
3430
5339
8695
5014
6156
2010
8766
7978
7394
8869
5302
9310
1918
8612
6485
7959
5507
2717
4716
7951
563
4645
8180
426
7840
531
2966
3940
4843
323
5081
7417
4270
5796
3814
8272
3701
3871
7864
1253
4470
8804
3088
1073
3633
4739
6164
4649
1027
3443
3031
6656
2821
2114
5156
3530
3649
794
9476
4062
6804
7964
7727
4246
6575
4492
5999
9142
4824
6025
1744
7863
6157
7063
643
671
7944
9515
9282
6639
5790
66
7806
3721
4706
5886
5827
2347
5991
3791
5438
1132
658
8810
3077
6722
1645
8536
148
4862
4056
2461
3656
6869
2795
5010
9828
8363
4774
178
7121
3214
5481
9535
755
5292
1647
366
3222
1282
1157
5365
8999
915
4153
3567
8383
3921
5182
9338
9530
8763
1915
430
7334
6514
9155
6345
7687
4506
7087
6331
4119
1914
3687
556
7915
2799
8465
6517
5952
7795
4288
1794
404
5718
2269
