59
3253
8198
6446
5719
7527
4076
2414
2414
4026
9606
2
864
2555
5871
4610
1791
5030
9135
951
3722
3744
1862
4634
5243
5073
3394
3451
2794
831
4542
7854
6444
581
7079
7855
348
7362
6267
1910
4595
542
6528
9606
5671
5256
8943
8623
4142
6442
9035
2291
7965
3102
4850
9830
3777
9162
5134
2046
6409
8278
8552
5114
3950
2910
7691
8943
3664
7027
5184
4829
6943
2076
8459
9281
6755
2155
1313
1012
7160
7034
8229
7168
4377
2083
5454
3906
5991
8479
1141
1611
7207
8102
8784
5984
8374
9653
4023
6530
1513
9278
9616
3656
4485
4233
5243
1192
6759
7081
9212
8820
2482
25
2304
5105
9955
628
4365
8403
9362
2356
7019
3109
3287
3523
5033
3269
5447
4493
4446
4075
3626
1447
2621
745
4953
6328
9844
5614
6777
3541
9409
5237
4335
5387
5424
2779
7807
8709
9878
3518
8933
9886
4003
9984
2991
4144
9976
4875
7285
7483
9861
7694
9558
7873
1869
9846
320
3134
121
5384
1340
8581
7333
4010
6900
4757
3867
6865
1057
346
5226
8837
165
1392
2130
5473
3922
1011
3679
2535
6997
7282
9904
4944
5139
3793
6803
8801
4718
1405
7023
8697
2147
6251
5389
9687
3444
1994
9475
2328
1821
7543
4494
9134
1093
9118
5068
1628
6899
9614
436
1854
3402
7254
8098
773
307
1819
7731
2000
6101
5723
1577
9942
9652
76
7211
224
3907
2974
6493
7028
4375
2879
4183
1371
1721
3549
8436
9300
2327
6198
3002
8210
4041
3595
7776
8944
7595
9059
5393
8469
8075
6284
8172
5107
545
9724
245
3529
7910
2917
6556
824
9746
3783
6984
5010
5430
960
5327
7134
2563
254
3620
472
7349
5429
9646
9814
1055
3868
8929
1478
8036
9650
7708
3459
4991
5598
2366
2726
1488
3892
709
2888
8148
5587
7701
7173
3967
9179
6129
5981
8457
2204
9881
437
4882
2473
2016
7098
4883
7020
1496
3909
3715
2403
5964
1098
2466
6824
1546
9947
326
7966
8636
6217
2831
7079
9362
986
6345
5522
1901
5158
6366
9842
7226
75
949
2778
4425
2881
1675
5333
2520
9608
6044
3282
5617
4429
6398
8092
2142
6012
8475
7831
4100
5759
9081
8486
9843
7140
375
7530
5832
2236
406
6453
9948
992
5937
4397
6637
1614
9307
5820
5719
6850
4068
3507
8879
6320
247
5311
8812
2413
7219
372
2882
8333
6388
6550
5852
5798
8925
3990
3525
5620
5989
393
8964
5206
9755
6309
226
4118
4871
1604
8344
6022
1582
4779
5545
1366
4961
116
1658
7298
2131
408
4346
7111
3061
137
3778
6198
6240
1594
5962
3361
3070
5394
644
6387
8022
4085
7274
701
8994
7411
7135
3082
3119
989
7204
2899
5296
9537
6154
2815
7566
3735
8207
2354
4960
1187
4375
8599
7091
4459
1416
8408
2695
6931
9730
5114
9318
2116
729
2261
7218
3051
913
3441
3545
5597
2260
6397
8327
8168
786
8344
9353
7637
3046
3058
3017
7146
3249
4749
5995
9404
9926
93
4883
4721
6129
1886
9776
1507
3765
1589
8105
4849
8928
9055
4179
3792
4413
7333
828
94
4885
497
4919
1639
1907
1338
2996
4000
8947
6923
8315
5857
5766
2051
2645
9520
2965
517
9544
904
6191
2639
3005
8585
5042
8647
3455
3016
3714
4497
7073
2375
8632
9006
668
6544
5993
9487
6869
122
2257
8439
6968
6110
8957
6382
51
4164
3107
4674
1184
4742
7182
3527
4304
8614
5769
5599
7761
7339
4855
6933
9980
3687
7981
3971
445
7364
3565
7876
4544
4236
1232
7204
9124
8312
3839
4243
2767
3504
9645
344
894
9954
5044
5746
8983
269
4155
1802
3181
1949
609
3508
9151
5473
682
8053
7726
5607
3411
4718
8152
2298
6594
6966
5814
754
8431
5382
9006
8586
1209
7805
3414
5518
6006
5332
6198
9379
9403
6348
5640
8912
6148
8003
5775
9194
9105
2726
9585
7086
5278
9376
9395
4168
2877
913
1519
9840
49
5050
7540
6068
6762
324
9755
4112
3704
4720
6385
2361
3149
4777
2774
9290
2292
7766
1728
2438
1464
4075
2764
9084
5699
9295
5795
4473
4404
9193
1269
7463
5227
7155
5173
8242
6052
1553
6865
6603
8621
203
3580
8854
6086
5989
1497
8398
452
7760
8358
185
4306
4409
3267
1414
6437
3311
8254
3266
5243
2434
2188
298
5071
9255
341
1946
9547
600
8221
1348
6346
9256
9259
5853
8520
4052
2840
4721
7321
3717
8405
7638
9875
6242
6169
7518
3610
3043
9270
7351
1302
1072
5239
4861
8578
4727
2648
8062
499
4717
5538
5518
7667
8747
2097
737
6697
1450
1396
1846
5031
7978
4081
1043
5568
6571
2738
2298
4020
1615
9760
8571
8153
5143
6154
836
2199
1385
1106
868
9072
739
7636
3805
187
4090
5604
1223
3052
3579
5011
2417
2001
3490
990
4530
4603
7977
4931
5517
9463
9512
9248
7364
4648
7179
5482
5572
9251
6321
2087
2430
1431
2256
6904
8341
6247
1030
8967
675
7765
4683
9769
7686
7244
4146
9967
7656
1626
9326
7199
860
8248
5057
186
7860
3208
160
1466
9680
5578
6242
9498
5088
6299
1879
6562
587
9786
1094
4829
3864
1416
6798
7096
25
6428
5038
8538
8152
6688
5888
3915
8810
7387
272
9170
4480
5900
4922
4878
1916
463
8641
6561
6288
5536
4780
9044
4306
7625
9660
9467
1739
2585
1080
6311
6575
4100
1881
4625
776
9697
7153
9514
9771
4708
7574
6876
2908
8951
9789
2907
5164
8391
2098
750
5952
3258
6259
7077
6990
4152
8636
9766
6769
2093
382
6311
315
9433
2120
1898
3130
417
3383
5200
4659
822
2937
6779
9851
351
6142
7829
2645
6054
2823
6566
1749
3309
8945
454
6835
6907
5419
832
8924
1238
2322
1086
8626
14
4254
8183
3123
8116
5141
1074
6551
4534
9757
9765
1650
7768
6207
4734
7930
1968
343
1598
8659
813
4840
7277
6406
5573
8204
5006
3312
2090
6313
9776
3862
920
4383
8221
9751
414
1550
7523
3450
935
6469
4812
3557
7668
8549
8509
6943
4168
7652
3112
4670
319
2413
6301
4554
5387
8532
6916
7379
8124
9319
5952
1421
9131
6385
7728
921
2596
5320
3927
3184
4702
5014
7462
5976
3817
3076
1747
4841
6738
9570
3353
8889
7077
7716
1163
4083
9488
183
8982
4471
688
9217
8754
5227
3227
4709
8148
9198
8009
1766
4739
6461
7839
3731
6117
9615
6153
6449
7334
7451
4548
4630
901
3081
3029
545
7354
3206
6633
4360
263
1441
1098
2297
4187
6242
9371
3649
2717
7291
7985
8379
171
5830
7341
8529
2478
3949
4458
7950
3849
297
8576
9748
3311
3858
8754
8152
4847
854
554
4059
5885
6133
1391
9316
3678
9224
4336
8281
4031
2401
7440
7453
5202
6446
2590
5779
3462
7304
8751
3056
3745
7848
3098
5727
4189
56
5536
478
9821
9431
8198
949
3195
2806
4353
151
95
3440
1165
9041
1293
4791
1754
2767
8604
2617
8195
654
5487
1186
9068
9228
8001
1034
2519
6363
6002
4415
5155
2933
4616
5069
4339
3322
3220
842
2086
3476
4675
9871
4711
2699
7997
4384
4867
4053
3933
4524
6579
5429
7421
5295
2789
3044
846
533
7355
3917
8145
5850
9920
4226
9749
9917
9522
7501
8861
4211
2209
1409
4109
3191
6978
6846
4817
9695
4880
9987
538
3290
1408
8637
1430
9493
527
5918
4603
5613
2698
4537
5472
8862
3946
2810
6727
5450
9802
4786
2843
582
5174
5392
1250
2126
2338
764
1999
3049
8292
1660
183
7175
2655
9721
8829
214
6860
3980
12
1444
167
9106
5585
8943
3860
3647
1987
7000
2637
95
3344
4839
6521
8119
4213
2695
9034
6297
9657
8114
3506
5526
3687
4359
7923
3598
9254
5479
4914
2772
3974
1984
6119
2285
249
9585
1572
1031
3644
9308
9983
9781
5745
1289
7662
4808
2746
5367
430
2282
7700
3597
8384
9524
5886
4015
5393
3424
6724
9884
1444
9752
3708
1316
6046
493
6508
1767
1053
7124
2758
5993
2022
5627
7586
1233
1354
6873
6518
4161
3492
1667
5300
336
8001
3274
1552
5042
3037
8674
3485
7369
3878
6334
9155
4213
9823
2807
8271
1399
8131
4668
1190
2755
1844
9890
8567
5571
7711
9532
9853
6009
1598
2327
3757
7245
8346
6860
9634
8372
7690
1560
2627
4657
444
1129
1918
4213
6671
670
7603
9107
2411
945
4912
7198
5246
1121
2132
5475
1267
9927
6625
4771
9057
1386
7971
1481
93
3678
9272
5178
7565
4168
4843
5434
9803
140
9617
9162
5554
3223
1903
2703
7735
8617
1078
6159
7831
9962
9261
2693
7497
3773
537
7396
80
7697
9418
8407
7504
6468
4261
1479
2858
7443
5722
6006
805
1821
6785
2376
5419
8869
6310
6465
1949
7814
5150
9529
6404
433
1957
6972
6053
7105
9318
143
8384
8080
1510
365
2806
1874
5645
3935
1684
5631
2706
5225
7296
6239
8593
449
7919
1389
1052
1195
7088
5102
828
5232
3897
8379
18
414
6044
3737
2430
9656
4085
7818
5387
5245
6643
77
1685
8518
3040
9728
5304
5209
4927
997
4518
3867
1985
5123
2148
7586
9812
2755
9219
1641
7769
9035
5606
3404
9904
2392
6340
6931
5810
7748
5516
1980
6715
1191
8912
3073
5218
25
6720
5240
9238
7621
3203
1545
8054
9162
8116
6714
9437
3147
9879
7495
9241
950
167
2205
263
1442
7885
8709
8092
4785
9247
430
8834
7429
4082
6403
1245
2271
6029
3772
8585
1986
6317
8304
5090
3446
1662
1943
2687
3449
957
5614
460
7952
2791
7044
1619
9547
6028
7297
3287
4326
4406
1831
764
1339
1680
3008
4246
3733
8261
86
3740
7920
2663
7906
905
4684
1160
7965
2271
2609
2280
5058
3448
7596
1867
5508
1498
6727
886
3355
534
2566
4502
2698
238
8861
6093
8940
7120
6656
7595
9341
3284
259
3989
917
4334
5120
8868
3135
5952
3366
2956
6136
623
366
7239
2930
1007
4041
6558
2392
8174
9750
3731
6588
1291
8336
8398
4252
7681
4195
8466
2804
1075
2959
2939
3660
8006
4773
4343
2594
8501
5470
8270
7507
7109
763
6591
2530
7446
7351
1224
7051
6163
6985
1473
9313
54
7158
6870
3731
9867
2931
7216
654
7759
312
9055
5516
5668
8287
8373
8202
8612
5820
145
2487
4624
1031
8695
5256
8212
5092
1049
408
5464
7636
1060
5661
6421
4388
8458
3414
7586
8803
1511
8912
6107
4978
1378
9208
1997
8084
1026
4794
6928
4404
554
7448
3489
3941
6291
327
8635
3780
8644
3172
6498
6747
4512
4979
4908
4655
5869
6327
3947
8552
6668
7166
7691
5473
1946
5780
7781
6581
354
7848
9982
682
2268
1307
8943
4698
422
2772
5585
9419
8046
6481
7397
7872
7769
5561
4221
1529
7379
5644
9338
9302
8931
2315
691
6009
1290
4324
2175
4728
9673
6390
7952
9538
2300
627
6508
7305
8998
4371
7705
1101
5194
1317
4836
7946
1075
8833
4269
3272
8609
1784
307
9056
1056
7581
4440
7550
7527
9229
3040
1489
2794
6633
6444
3904
1997
405
8957
2759
6677
4296
599
4159
3036
9860
4804
9419
801
5056
3505
622
9850
6928
3769
6154
7559
4822
3340
7572
5700
290
9884
451
6075
6133
8564
6136
643
6003
7750
5351
4521
3159
415
7395
9433
4400
3112
4215
1705
4233
316
737
6994
3351
4721
2473
2268
3067
9285
9279
2470
5751
8407
4691
8286
3261
1838
2414
1123
6995
9706
8094
9204
4995
1429
7038
6164
2799
2197
9428
6285
7714
3682
1283
30
8353
94
9233
131
2112
8038
1283
1055
9281
2244
8885
3785
4503
5421
8598
160
7688
4510
8959
8219
9009
1214
3012
6018
420
1439
9411
1747
8525
7879
1498
5954
3010
9894
6421
4976
5032
2227
7684
8006
5154
903
6715
6206
709
2277
5460
1310
7799
8389
2591
1123
69
8860
9225
2870
5092
9994
9626
6765
2527
9279
6360
64
1167
1642
8602
2342
9545
1136
7671
1853
6560
6662
1196
4514
3884
7883
2668
898
1443
8628
8369
1230
8147
5253
5233
788
433
441
2285
1392
60
719
8419
4639
2123
8465
8803
9211
5445
8865
3758
72
2111
1299
7450
9577
1983
3889
386
8464
1936
2367
170
5249
3806
9228
8273
6129
7489
6833
95
6640
5575
2553
1918
3968
8282
4253
7029
4337
3600
8347
4958
5227
6289
5442
4761
4039
8836
4797
5850
4619
7490
8122
5310
9711
2508
4837
3019
3120
8503
5317
4645
9217
3429
6819
4572
4073
4608
1395
1315
4542
5616
5617
4940
3883
5532
7753
3918
5424
9373
3106
6744
3543
4605
8888
6128
9806
7791
852
1844
7974
3464
9163
1938
279
7882
4304
1651
5262
8450
1126
1650
4180
7752
8054
6058
5644
9059
3066
6397
3480
1743
3012
497
1000
598
2429
2388
7841
571
5022
8081
2838
9735
4
7851
9462
5610
9316
406
5585
3059
2795
1029
9880
7403
2064
5677
1312
8043
377
8969
2515
1086
695
7543
2403
8160
447
5631
8571
4486
565
7076
2741
9048
7143
1939
9281
1609
1955
1401
2681
5943
2102
5601
6574
5598
1891
6474
3069
471
732
9206
7972
3021
1391
2399
172
9312
2224
4213
6994
9234
127
8627
9797
3807
3062
9151
1982
8426
1730
4655
1095
1043
6491
5721
8666
6517
9761
9027
4583
9883
357
4522
7185
8674
2113
5998
1957
3961
1749
1241
6520
7269
6559
1536
285
1825
9702
6242
8768
4323
5843
926
9633
9258
6685
562
864
4099
3519
1230
3137
8731
3704
4934
5180
5887
4799
6646
6277
5151
5537
5904
563
8353
217
7793
9918
7537
3658
8113
9466
6518
7068
2393
6203
6448
9968
8223
4019
3789
994
8093
8175
7500
6330
1136
1963
9145
8767
4140
77
8918
1353
2285
37
5834
9441
3464
9295
9891
7671
8592
3761
6072
5472
2004
4439
8969
5146
7509
6169
5832
1037
2838
4438
4928
3087
8988
5792
6627
2644
6149
4531
1778
9393
6981
6851
4310
9435
1915
3889
4828
1041
4914
3801
1628
4067
467
8652
6554
9117
8040
341
7477
4820
9451
7993
9278
4395
5789
8752
4211
7490
6803
1819
9176
7884
1499
7089
1703
4204
6444
9626
5374
8907
7595
4599
2775
3977
138
4315
5558
7022
139
3914
1211
283
50
2269
5287
8641
4616
4799
2011
9277
268
5672
9675
7759
7108
9235
4626
662
2545
5837
2816
4235
2112
4173
9694
4342
4669
7706
8609
6704
2114
3934
1885
7654
1006
8741
1361
902
1504
2801
6928
6330
8402
8318
3888
3374
2579
6557
4507
1215
3229
8255
2515
8658
2325
8655
531
3502
960
5677
9088
4040
7442
1139
7166
2713
8466
5045
5967
2382
6106
9226
8678
8827
5163
4833
8074
5948
1805
6418
6998
9322
8435
5747
4589
2391
5709
8899
8714
5046
6999
2679
374
2586
1919
1838
6899
4777
4404
322
6149
3340
9658
2302
2768
9494
2393
4839
2605
4942
2293
4696
2966
955
8585
1678
1120
6508
3165
9468
3529
3249
5526
4412
7911
2201
9900
259
8480
536
2999
6224
1607
2277
6546
4881
6020
8366
3298
5121
6861
2152
3664
6178
7488
2567
1138
6307
7155
8069
5096
9006
4962
8787
65
3185
6167
5770
4158
4278
2088
2748
6606
9745
9002
4012
2249
5126
4436
1319
7177
3381
5342
8205
1618
4531
3000
480
9537
982
7415
8568
6530
3932
8426
320
300
2601
171
1120
5640
2443
7345
6408
303
6187
6545
4966
2033
8611
2805
8213
2913
1014
9397
6370
3533
1088
8690
4908
2460
2556
4098
5895
8641
2700
9973
7164
7116
9496
5590
5633
6975
2614
7117
8144
4125
4882
5857
3687
8862
7418
2059
8444
5488
665
9093
4299
6968
4142
8641
9037
8150
3240
7559
8950
6598
2304
4086
4188
6163
3315
684
4287
2102
5547
8289
8505
8476
5049
8829
3987
3013
528
3769
9633
5705
2817
8131
5659
4373
8687
3387
1929
947
7854
906
7531
3704
7245
9395
7922
8262
4621
6801
7566
6130
7261
4960
37
880
9012
4456
9805
3466
4042
5236
3846
5776
6210
3361
1591
1401
2344
8450
6355
8183
6643
3840
2024
5496
9928
8590
3828
9273
5515
5210
1988
4022
1074
5088
282
4957
7
6905
5258
5728
4442
8880
6017
7176
129
8293
6643
9799
2541
9947
5039
9398
9003
7564
5809
1213
9731
3692
4901
4097
6480
8010
483
6679
8284
499
8667
9799
7352
2849
9245
1308
5349
5057
6245
4359
9442
3906
6290
7539
7986
1769
6434
8756
4665
18
9228
4153
5411
2689
8601
5552
7025
7270
8927
6920
8528
3870
7372
4402
6328
2630
5243
913
8255
6347
9702
9792
6231
749
2585
9762
2475
5106
654
5877
5793
5702
7067
3040
3467
8816
3364
4683
4512
6224
8061
2734
3379
8261
3393
4258
717
683
3768
2131
8508
2561
9608
391
7702
1049
7739
2488
5563
7912
1305
1885
6535
2173
8690
1479
3361
4046
2618
7831
2196
8830
3441
5965
3255
6316
8222
2059
2874
1669
1911
2472
9871
6408
2272
9744
675
5754
430
8088
4760
1184
7590
3872
5248
314
1558
3809
6120
4144
1776
1350
3679
2323
5247
7320
289
3782
7783
1505
1044
8582
957
1601
3390
692
736
8079
8833
1588
9091
2583
9988
1534
6649
802
8768
6689
6571
7171
7908
3463
4744
4990
8469
2596
7882
2227
2613
9176
5521
6168
2206
5620
2014
3413
5772
2521
4958
9096
9140
9388
641
6456
9573
2453
3606
7959
298
8727
7621
6449
2392
1322
7064
7505
186
8932
4967
2195
2023
1286
6559
3220
2413
322
6078
6341
4780
939
6941
1583
6545
4341
4426
9184
381
5403
2785
5539
162
9279
1207
3534
3610
6347
8435
6341
3155
4391
2361
6076
6587
2004
5956
9513
643
1413
7520
7288
7795
7917
769
8968
555
6435
6067
4578
6657
2418
4623
1194
3948
2253
7558
3119
332
4976
109
4956
1779
17
3749
4945
2980
5109
1686
6171
8391
7680
3896
4480
86
9940
2750
2711
8343
1178
6655
5251
310
1247
5762
1313
1501
5733
9925
103
9987
763
5322
7052
1823
1047
3311
662
6600
3087
761
4591
5595
7143
2828
9601
4487
6724
361
4448
7832
4991
5364
3303
6366
4709
6608
5306
8025
2524
3626
1642
4083
2432
5535
6552
7178
1532
2027
4273
3161
4612
9263
5543
291
9022
5070
624
4315
6881
1172
7639
3666
2629
3763
2961
6110
7994
7468
9578
5091
5477
1367
7294
8720
8965
7822
835
8665
20
7292
2675
9837
761
5405
5096
2035
6938
9378
3776
8758
590
3285
7712
7754
7520
3683
7557
9033
1248
3098
7205
8223
9428
4800
8260
1070
6252
8077
4323
8191
1891
3463
675
7062
1073
8376
5527
5392
445
7086
1878
1372
1104
9519
6432
3635
3317
1238
2104
5301
8092
8542
7296
6274
4142
3178
7443
3649
7146
7247
1659
5888
862
1247
8466
8937
6578
2915
7510
5310
6734
7524
7094
8353
9739
1094
4761
9890
7287
6161
4798
549
2258
7965
3709
7375
214
4585
3180
8333
9427
5144
3950
5441
3496
1545
5447
650
4430
5218
3658
8911
6190
7880
2883
4504
4979
6142
2528
7370
5866
6487
8586
380
8390
4777
6162
9386
4352
3456
8390
3446
5275
4588
4610
373
309
3673
4867
8141
1274
8089
3464
249
7315
6480
2129
8039
2364
9467
7657
1007
7586
8541
9904
5312
6251
9224
2577
9624
2896
1493
4211
3423
8789
3120
3786
3249
6922
4386
8589
7494
1050
7420
4050
6752
7136
6846
8118
3073
3209
7137
7609
854
7220
4039
2885
9059
3814
2797
991
8268
2011
4857
2695
8846
3127
4102
1322
3944
170
346
6199
1161
4225
8992
446
4983
7449
5318
7219
953
4799
1381
5794
3106
3
6136
6269
1867
923
2812
3649
4571
8004
4899
3191
5269
2035
3636
5734
830
2377
1378
5989
266
3237
4583
846
114
211
9326
3358
228
4946
8554
4794
5896
6131
3541
1195
8938
6430
6521
9834
9576
671
5029
4934
793
1949
9565
3474
1032
9643
9073
2316
9149
3944
295
5048
9990
3217
4743
7019
7207
3558
7412
3603
1419
8169
3570
9812
9445
4962
3624
765
7864
3936
6532
633
2303
3899
4405
4210
9001
8421
633
96
3285
591
4307
6926
6550
8711
7560
7917
6100
5742
8567
2626
9999
6840
1379
299
512
9053
5486
4176
4173
5996
6195
7204
4089
559
7792
3690
8886
1386
9950
276
392
4893
6591
5494
7383
6617
7203
1145
9760
2863
2487
6348
5209
8788
7323
8245
7311
8065
173
6485
2574
406
855
7498
6092
6766
6370
3438
2258
782
8406
3388
1256
9576
7375
8242
5452
1772
9837
8866
9999
4189
5976
1859
3500
9201
2254
1477
9078
723
427
1826
2268
6547
5652
1887
1820
9644
8608
1810
9762
5654
7475
7725
2810
4274
9320
360
5434
6723
9546
8317
1205
2972
5311
6013
8541
3572
4594
9616
296
9974
2043
2314
670
3861
3789
2600
