4086
558
3184
925
6777
3142
2812
6085
2218
1979
2816
9039
2087
8774
1650
5610
1403
2449
6478
235
501
4206
7885
2978
1460
853
8355
155
7025
5925
7861
7520
9305
5772
2534
588
8742
4386
9021
8059
1897
1231
1748
3614
7958
8540
8078
7546
7419
567
918
5296
1342
3344
6241
8951
5315
3840
8480
1972
9239
6650
3780
6572
6524
7498
845
2896
8912
4601
5649
3463
5612
5363
4662
3594
3671
3679
3724
2041
4789
6733
2554
123
7311
687
2147
8178
5936
5182
9844
6189
553
4141
5550
951
5073
7162
3562
717
1501
577
3182
5852
6040
6843
8506
888
9487
7043
9247
5130
3964
3161
7661
33
252
9344
2775
6297
7967
3922
5094
5913
7628
9875
6086
790
9694
1506
8113
4149
1119
5612
2374
5598
6224
9691
2438
2908
3426
8380
8827
1729
6180
1374
9077
2390
7529
1014
5698
9311
9669
2112
9432
5997
5300
7616
9298
7278
1991
4422
3270
7455
5020
8383
4175
8785
6632
6984
4908
8473
9300
2398
7364
5138
4146
6881
7252
5789
2186
7399
3062
3736
5141
9228
3647
4397
4949
9047
3894
2961
2095
9096
3772
1357
2102
4238
8140
2041
2405
1285
2481
9140
809
4588
8862
768
6297
8709
3022
9179
2803
1429
6121
4280
1044
8667
1407
7980
7011
9966
1860
7876
7514
5806
4744
5379
2530
8045
9410
5946
6011
8071
312
5888
8933
7835
2414
5665
5885
5374
4728
1923
9207
8133
4638
1139
8005
8016
8315
4734
8641
6279
9233
5212
4077
7052
7038
9206
5188
5007
8643
9784
9148
2896
1526
6770
1611
5967
2198
4824
9987
9360
3398
8266
6124
9915
8281
1310
9356
3167
9016
6776
8229
5158
3426
1035
7707
356
9537
2186
1968
9385
7813
2167
3838
5206
1087
861
6721
1612
4012
729
6863
6272
3228
9219
4564
522
4910
331
4558
2685
1338
702
465
5057
2714
3559
1816
7468
4150
1986
9898
239
5306
6652
6277
5884
326
6694
169
182
4995
5912
659
8721
6477
3315
1972
728
8961
879
4414
477
1316
1443
2859
9115
3357
8226
249
9335
2480
7618
3878
8725
5944
2281
820
6983
560
3472
5401
7216
4479
7913
1637
1367
4606
7485
8353
7287
5782
8014
161
6019
2555
7115
2805
4599
3343
4226
3010
8425
3172
6207
6184
7822
9490
3715
383
8714
2769
8528
723
911
7908
4561
1033
3398
8290
5990
9261
7132
4306
4108
3402
1939
3634
3723
6100
1274
9172
5882
246
6823
1062
9661
4819
1040
4892
8990
6027
2265
13
1210
2636
839
7414
1522
2386
4867
6510
1233
8557
4027
1080
7725
8973
4690
5390
3559
7773
7687
2097
877
3609
6260
6058
1311
4173
9773
4907
9566
2139
3656
9559
9360
8744
8076
2762
9361
7508
465
2630
5331
597
6807
3580
1110
6895
691
2595
8994
6242
4372
2808
9841
463
2036
6531
7994
7096
5050
4561
2600
9732
1404
7747
8585
6795
8001
1651
3810
9732
7156
8606
8160
3129
6437
7586
3641
2659
4618
917
7137
7096
8739
47
3577
8989
9819
4326
3985
5769
890
948
910
6409
1704
8215
5991
5881
2619
1204
3657
7333
7489
2665
7099
6108
57
1134
4715
7550
4236
1111
5415
7362
4185
2377
2600
8967
9038
1446
2009
9397
8147
5095
7061
6206
1072
7317
8478
8358
9198
8947
4554
9772
4875
2284
2184
6500
327
644
5297
7299
2652
8366
7081
3990
4410
5514
9732
1567
7392
3896
9877
4334
1031
2334
2306
9624
5560
3985
5507
3110
3966
1315
5978
4796
902
2522
4972
5476
7987
1049
6189
8886
4414
7117
6698
8359
1130
2950
6880
5772
5477
3552
5146
4697
4123
2989
1527
6490
133
9361
5466
8460
1055
6121
6811
6729
6502
1416
7275
1599
5248
3376
5925
7564
2806
8313
2031
4872
7004
2130
3936
3791
9954
6241
7035
4458
8291
7912
7642
1592
970
854
2998
4798
7572
791
3138
4680
1504
1674
9016
3579
643
1869
779
6617
9913
4854
5788
1119
2774
6496
9159
3118
1290
1504
8381
3668
9106
1636
1869
4903
1707
7063
8044
1182
3794
3619
4660
44
5207
5779
4200
9130
2688
6804
1701
7215
3418
424
1059
4814
8794
6054
9787
7581
4513
9505
9316
4413
5806
5779
2646
9291
1533
8742
3951
6386
9613
6320
7907
5818
2767
1048
5054
2465
4315
3065
3365
196
3469
2722
3099
5019
8076
8135
6015
9486
2907
5975
35
4408
2873
4667
3111
2695
867
9816
132
268
3273
417
4437
613
717
8093
2527
8708
9639
4544
9201
9692
6150
5752
6422
5672
898
9511
2503
1848
8237
9719
7182
3160
2168
255
886
8735
2673
5393
142
7569
6361
1293
7580
2721
52
5589
366
3415
5146
9710
427
570
1738
6384
5672
9626
910
3306
6775
6156
2970
1797
1082
2131
3902
5619
9125
5431
4875
8740
2418
9589
1218
6181
9709
9699
1288
7509
960
8078
6854
2053
9177
3138
3084
9964
3574
2421
7542
2532
5267
4704
7270
2805
235
1915
1937
4235
7162
5060
4758
934
1971
3564
2584
3358
9821
8126
2493
2193
4888
733
4608
2651
6574
713
2433
7505
2644
7373
7883
3146
7087
3992
9878
6298
4900
2614
7923
9451
7832
3066
9061
2987
3798
3578
9087
2573
8927
9703
1992
236
9403
664
587
1251
2189
930
3899
2866
7637
406
4052
78
3663
8215
9981
3960
3353
2982
585
6232
9922
9868
7004
6998
2654
3763
8971
3956
9414
6577
1340
4091
620
1042
349
6769
9276
3441
608
6916
3518
8084
2740
4422
9751
9121
271
6917
8991
64
8439
6741
1774
910
3472
4380
80
3034
9183
7241
7624
9489
269
4850
176
2017
8088
6185
4206
5003
6675
7099
1586
6202
238
6549
3852
8779
4768
9731
6586
4904
8592
9958
8239
6773
8772
5808
6847
2117
4240
7695
5927
3257
3664
4260
2762
6199
785
6624
5334
132
5737
8698
5462
3470
4247
1199
7408
2360
4053
2310
3853
4146
746
3375
1497
2468
4092
2839
5360
9271
6690
1418
8841
2384
8744
2982
4607
2842
8460
5832
1354
9967
5957
9494
3597
2098
1971
9320
1528
5596
1617
6387
3117
7714
9159
9540
4288
5983
5292
8421
2071
3027
2633
6415
9585
2103
633
2444
3
4412
1420
1127
8381
352
4411
1651
8811
9836
7829
245
1544
5900
456
8958
989
619
6988
1161
5239
8587
7801
1902
6199
798
9912
1264
8915
6037
9895
921
3369
1858
3622
3344
51
2715
3487
7940
8006
670
7331
9544
8276
6395
6191
2059
5442
6259
7773
5522
2964
2619
8086
8341
5636
4493
4069
1331
6162
4699
1287
514
9365
1328
319
4535
8112
517
9238
6958
3488
749
8927
9111
7009
9022
3128
5981
895
188
5645
8404
9546
3876
7175
5967
4820
9298
482
5403
660
7775
1644
2123
1245
4170
56
8912
1688
7554
9987
7269
9885
141
6366
3861
3297
5960
3209
3289
3401
6332
4449
18
1725
6761
5217
7935
5064
2178
1700
3388
3740
1972
6282
2135
6434
4740
7192
4832
431
4532
1482
3244
9970
8866
9156
5126
8249
254
3430
9923
3844
3669
7469
7744
8081
6862
2678
7642
1462
1777
8126
5386
7342
3455
1013
5227
5642
4194
7938
7193
121
6690
415
8888
8770
2544
4468
8910
3342
979
609
8046
2179
7116
7829
8178
3786
5352
8940
1172
3186
6147
4838
2761
2254
2211
1602
2650
6617
9384
8809
9249
5802
2381
2727
5245
242
5835
2435
2593
2946
3147
4640
1391
8746
5366
445
3148
4060
9051
7527
6816
9407
6475
2702
2349
6736
1941
3428
7450
6834
441
9298
7403
4534
3531
2981
1198
6822
6438
4901
9332
4507
8507
8263
2345
270
5493
5592
8819
6139
4073
2377
7267
5922
7695
91
9147
5592
7287
7776
6109
9898
3467
7201
1771
2161
2592
285
5152
9649
3239
4734
5369
1019
7430
2488
3426
7523
4654
7547
5929
7243
552
760
5233
5502
2385
7137
7414
4218
3072
5496
3479
2756
7440
3449
6213
511
5006
4468
102
1671
2305
1298
1398
2104
2640
5849
2251
7548
6660
1322
1364
6465
8364
8984
9838
24
5207
8819
386
7562
9794
2
7789
2037
6109
7839
5885
4148
3596
5149
7701
6957
7031
2020
7774
4548
1198
1181
7259
4973
2941
3529
6263
7247
9208
3931
5629
659
6035
2230
4755
2300
3025
2353
5283
7552
9639
1560
6967
2020
5739
6476
8545
7351
6142
2826
3781
4277
5748
7048
4212
5051
9324
3100
54
6490
3472
103
7778
9972
8219
4686
8221
2164
9201
7306
7645
1274
3936
5077
264
548
8833
3813
1454
5336
3947
2774
8048
9549
1188
3999
3451
3082
4373
6262
1029
9654
5209
5999
9891
319
8241
6831
5588
950
5047
6048
1886
6311
6093
6605
6163
4310
9490
8925
2495
9781
7632
3100
1121
1938
3317
997
5235
8397
27
7596
8
8967
7302
5319
5298
2135
7802
9293
509
7734
9063
8135
1003
1226
3042
8499
4284
6287
9121
7111
3945
9649
466
466
142
4071
3960
9262
7586
2713
4611
7234
6212
1154
284
8196
3667
5952
10
7163
7658
5304
4755
9171
3703
3543
8899
9770
5431
6771
5154
9063
4063
5057
1909
1770
6617
5967
6067
1006
457
3169
4626
4139
6907
6505
7694
3721
3804
4303
7045
607
2449
5392
1346
1337
2887
355
8355
183
4584
759
1337
7506
1143
8312
7405
601
9000
1792
825
5450
7823
7034
2426
6477
8451
6529
496
9802
3647
5463
1119
7067
7397
2403
6341
1419
5087
3522
2408
2222
6195
2253
27
2202
258
1227
5901
8771
1070
8029
6623
3381
3382
1911
5392
1578
6639
8479
4391
7835
8224
5326
2315
419
1562
1363
4514
3584
546
343
9189
2882
6061
7995
6268
9750
8887
653
1643
1372
8767
1946
9912
883
1475
6797
6648
2183
4675
2917
2662
5777
2101
2869
7839
7261
292
9781
7933
9641
485
454
6189
6041
3481
7155
9391
2551
4280
2995
4634
2327
5536
1482
3449
3369
9737
5807
4310
5928
5044
3577
5441
4015
3424
8354
8270
4603
7096
9134
3336
9468
540
6436
9477
6405
9307
459
1816
1763
9706
592
1597
7114
5299
6499
7381
2426
3437
6530
526
160
3588
7677
861
4361
581
8761
9691
8354
8521
3088
7738
5276
3275
1589
7010
4171
7799
8917
6188
9421
8800
5321
3034
9623
2062
3080
288
266
7779
9977
6468
9061
1145
295
2750
3604
585
413
9179
8742
7642
6176
4196
1565
2149
5884
7990
5727
721
1047
5374
2649
8783
3937
9827
2546
8900
7437
6847
3341
6478
1641
7803
7977
9957
9065
6439
5587
6288
8979
4403
4635
9489
7443
3932
1636
8334
9214
3622
4116
4429
1587
8786
2587
27
765
4061
145
6409
1110
2742
5320
2083
7798
5305
9121
6014
4009
300
2442
4510
174
2933
1157
7905
1707
8614
4243
8988
7278
1206
7439
5424
7759
749
3512
5303
7537
4924
8054
9601
3879
8775
4766
6902
2787
8768
832
9687
393
1745
702
9350
8787
4726
2551
1646
3230
4516
1409
945
5585
5978
2420
5372
8781
1539
7619
7273
5040
5988
3718
4256
6212
1416
5827
7562
5316
1350
6444
4181
1183
9771
3857
8173
6645
9722
8470
8141
6046
3085
1903
1537
5402
5350
5095
951
8467
470
944
9298
5695
8649
9397
7131
7537
3485
796
5716
3855
45
6583
4986
766
4798
8857
1959
9721
629
1734
8496
5633
7138
2115
1058
3102
5486
5596
1268
132
8012
5764
4377
3345
4111
9319
7508
8642
6680
4860
488
4693
6586
5798
4315
25
5053
2698
1847
6066
4218
4106
8157
6553
8889
2720
6934
9696
2037
182
1991
2819
7241
6018
5760
4794
5994
8464
2609
3547
9664
9079
713
1804
4353
2493
2205
118
2012
5654
178
8293
7935
6248
2583
8604
8070
3546
8609
117
6049
3722
2468
6070
7024
6510
2859
1391
9853
4803
7861
3616
8102
6369
7036
4904
8662
4128
5171
6520
6032
147
5835
7830
6903
3922
1282
1645
1996
7893
6025
2689
1188
1180
6848
2480
9957
9597
4256
6004
494
213
2100
1269
2848
6783
1221
6476
4701
3026
5185
8131
5628
708
2199
7367
6933
7437
1330
6223
207
6934
6912
231
6148
4144
2781
6101
6749
3889
1521
860
2543
378
8450
5807
6562
2964
3431
8893
6138
5560
795
2314
7764
3229
7770
9551
7247
3692
4779
7480
8340
1680
8634
7579
1203
8122
353
5801
8747
6800
2034
6316
6118
7957
3780
6128
1167
308
3895
5902
4209
8422
1269
2035
1917
1667
4680
336
7
8757
5554
1195
222
5976
8845
9922
4406
8653
6015
1759
8932
8158
9657
8599
2101
6508
3836
1101
8219
7428
9017
5156
6405
5440
180
1761
5962
505
4468
5759
5922
8458
1994
6635
961
6112
2443
1200
8289
9822
4859
3405
5515
9549
6408
6722
4401
1313
608
7642
2939
9430
3760
9698
3068
6073
123
5464
5840
9955
4579
1615
6660
5040
3478
8974
4738
2414
4776
9672
3496
1713
4249
358
3060
7443
5651
9312
2638
969
1715
4684
3858
560
2817
9421
2632
4454
8765
6092
1634
9750
7400
196
5217
7243
2700
2967
7109
3797
2777
718
7519
6618
382
1166
5396
3795
7920
6838
8160
6823
8377
8501
1540
1542
1824
3496
1951
9163
6976
9025
4724
5669
2856
4403
3917
1855
8367
7146
6604
650
1522
5176
1178
5004
5260
5177
510
4082
257
7528
3323
2225
7302
154
5622
1690
8304
2648
5395
5436
855
9579
7579
68
8135
6336
7660
4223
2612
5627
845
5280
3319
1127
3036
364
2953
9371
8183
2947
1722
9497
3155
5977
9262
6304
5644
7618
9830
2401
4441
5277
6919
4622
4747
3383
7192
7598
3986
2944
7069
430
1948
8795
5739
8530
5083
8286
7208
5624
3250
3498
656
2109
1100
5604
6998
3897
888
2930
5557
8998
8741
3777
5650
1886
1078
6803
225
2450
4611
8918
7312
3175
1036
9199
4067
9178
1882
8054
8349
228
7955
571
7159
8953
9977
6710
6289
7163
4145
4636
6866
7115
4971
6861
910
6911
82
635
6563
7135
2018
4117
3119
7418
1921
5105
4578
6678
5580
9416
6940
1956
5343
4122
979
5457
6080
3907
6354
5080
7176
7862
8673
245
8111
1589
541
4165
7747
5475
3765
5706
2117
1888
3584
3883
6720
532
7518
935
6022
3639
8617
2506
9977
1996
967
4600
4835
542
2351
1030
9171
1603
1478
7464
7669
1661
5
4853
2972
5551
5785
8374
7358
3453
6166
8222
4284
7212
1032
4420
6029
7976
6504
2667
4294
932
4536
4434
1496
6348
8267
8327
5141
327
6100
5575
9168
1705
857
7009
6049
1220
9923
6360
8626
4046
5173
727
5978
1629
4807
239
707
7119
1278
859
8505
5191
7737
4645
5969
4961
971
4417
2707
4615
4560
7639
582
1356
4141
7822
5639
4453
2857
212
5829
664
6898
3978
6973
7676
9117
1980
7469
9824
3278
5630
5318
8008
3456
9506
2803
3697
3713
2711
7072
2230
8109
6875
7545
9067
390
8240
7441
8199
1917
3677
6316
5934
9583
7163
9481
3228
6415
8080
3727
9950
1324
2297
1858
1483
4943
703
2610
8736
4435
8492
4257
1064
592
3304
7295
3818
4534
6156
2180
4012
8035
1047
4697
6294
1938
2670
8803
6801
5504
8894
9757
5247
7356
6366
8160
7540
6394
8432
2162
4449
3523
2598
6297
497
717
6705
5850
5741
4723
9988
7299
5450
4065
7351
6032
9810
1070
8536
5774
16
133
4651
7482
4197
7650
34
4757
6375
6166
9656
6871
4361
7319
5384
1052
5702
6952
8667
3919
4519
3344
6381
1362
7028
1113
8369
1239
4791
599
459
6622
956
3826
6107
8076
8036
802
8298
4948
4217
7159
8172
1125
28
9186
6709
3855
9418
8628
9
4290
5885
6417
1948
3238
5295
9183
6200
7745
745
9265
8732
3816
9817
891
5137
5478
8818
6881
5432
3458
333
9712
1007
4527
6014
8217
8099
245
4785
1430
0
3352
4131
2490
883
338
5469
7849
6544
482
2827
7008
8383
8784
9915
19
6274
9547
6417
4162
5553
3425
3352
4375
7574
4235
5490
8206
3493
1491
8480
33
2019
450
5293
7327
2984
8810
8308
3929
5054
13
5939
3177
7881
9273
983
9599
7233
8912
9703
6217
1786
8024
4124
7309
5973
3195
4765
6023
5951
124
3018
3370
2647
8679
943
7845
6717
6563
6312
5427
8230
8296
5011
3278
2812
6823
3360
5618
386
1562
3941
5642
3157
5688
2495
41
9343
7189
9251
374
7413
8388
5715
9621
5439
794
1836
6558
3512
8113
2731
8957
9739
3205
4944
565
7309
7934
7051
4801
6874
6891
6018
7193
4568
5639
7780
8189
312
1419
2008
6193
9003
4000
7759
7605
16
9263
281
1632
1691
8743
2755
2472
3042
7305
4973
5217
1265
4404
42
2224
1661
5624
1297
5802
9078
3241
1392
2782
8197
2258
1968
4955
3445
2339
4531
6959
5710
3209
4122
1902
7980
4953
3843
6091
382
8904
800
5654
7178
5594
1363
6050
1230
5653
3829
354
7858
2945
4118
8671
1593
9486
9198
4264
8023
7842
3202
119
3356
8670
2275
3036
7709
4219
0
6328
8084
2758
3851
1912
5502
9878
7049
1212
2226
8454
9027
4099
5170
259
2714
7413
9130
35
5383
8781
1541
9120
2528
7680
5294
5744
1879
7726
5428
6578
3436
2068
1863
2247
8435
1276
5967
8827
4496
1970
4493
607
1567
9075
9112
228
2224
5364
201
3989
5807
9468
5347
9633
2754
5567
681
6228
3227
6072
4084
9042
2877
2195
8444
5663
2252
8676
1059
7054
5261
7191
1537
6707
7517
805
5642
1415
9245
8127
6572
7624
5738
4315
245
5610
5691
8280
7249
3679
7379
9183
3792
4670
1959
6712
8006
6802
6682
6518
4525
1154
9763
7216
805
5624
880
1469
9307
7345
7396
5627
3015
1408
1835
1836
1119
4239
5983
6654
9321
4899
3315
3782
7294
2586
6156
5880
1306
484
1376
8453
1216
523
1382
2369
4891
7201
5181
6191
1711
9668
3737
7180
5293
9505
792
517
1093
8162
8898
7238
1334
8325
8591
8272
3233
9947
7922
2022
3852
1432
9443
1637
2786
9294
9755
2365
8231
5953
2168
496
1289
7975
9152
9893
707
8958
9347
3049
4219
2825
5529
5236
6667
7481
5194
5219
2477
5796
348
168
159
6452
7879
3882
8357
3662
2517
9945
6366
6157
6629
4402
8111
4972
622
2603
2332
2013
8705
8141
2293
4840
2887
9883
3869
4978
3241
9875
7669
8633
1871
7711
7079
4298
5888
9288
5647
3040
9080
3641
804
2042
6311
1467
5396
3719
4758
306
3245
4592
7749
7251
9384
7666
8576
7168
7247
7126
2704
1474
4063
2223
8429
5746
2489
8032
3041
9588
9763
2135
1784
5712
8220
7610
5380
9870
8764
4828
4989
5069
3369
6972
533
9713
7654
9259
8473
6743
3910
2600
2035
2341
6286
7945
5852
3875
3993
6008
2496
9504
8805
3208
3674
6387
4314
7922
7438
4799
5035
2880
949
6625
901
3317
7155
73
9956
3384
8292
8883
4357
5371
5765
9889
6390
9852
7936
6695
8522
9815
399
9714
3496
1013
4721
2453
7539
1766
4794
178
517
7527
5172
4722
4596
1647
1748
9361
3846
7356
6151
2937
337
7237
6300
5353
539
1675
971
8353
9120
3681
5074
5453
1858
1573
5361
7564
2891
2266
7419
4396
9662
2739
1037
8579
6043
782
4539
3036
6833
4523
9014
5820
7197
6360
906
6497
5217
314
3155
6886
9920
3402
1327
3797
3318
2810
366
5130
2869
6994
8023
8079
4282
7227
6261
6217
9149
3254
8446
4622
6695
3050
1203
2946
7150
8121
3971
9629
7484
4798
443
8522
3838
9574
872
1998
3272
1592
3805
7395
2966
481
4112
1409
3949
160
2110
3592
3263
2363
1631
4396
9390
4028
3972
2717
7032
3868
2573
4769
7456
8075
9991
1761
6573
2233
4371
8957
4508
2771
4081
7100
5393
957
763
7941
6955
9960
6398
9139
7157
4385
5283
9032
2024
5894
1597
7233
8734
7381
10
4722
7665
1699
9100
9534
6034
8726
9586
5172
8006
7328
9375
5449
2619
3000
380
5263
696
5687
7609
4479
6642
7627
1134
3608
2602
3579
5952
8323
612
1944
3600
6226
4515
8636
6333
8437
2656
4883
2777
4761
2490
9682
3977
9838
4679
8072
3974
4051
3432
9599
2929
6751
3050
2047
6084
5631
3769
6800
9379
2487
6031
7961
7729
5143
1210
4490
5438
1580
1500
3058
8238
671
7948
7886
1381
2350
8186
4607
5919
181
8303
9623
5404
1833
7106
7599
9144
5761
2503
2952
1433
2113
4643
3756
9281
3716
5611
6848
500
9317
5241
4425
115
890
480
4743
150
7326
1687
578
2921
1721
5889
5680
7821
7295
142
8561
2783
8802
5706
5623
9462
7364
931
3397
2918
3629
3896
5762
2945
6308
6236
7194
2253
9742
426
4514
6417
1329
8259
86
3641
4388
7267
9712
4905
8949
8817
9287
4013
4214
661
4882
1183
3525
1844
6759
2370
1142
230
581
731
7535
3945
9898
2336
4768
7102
7842
3881
3132
1745
9709
6306
9177
7495
1195
3874
2672
1648
8774
7862
4065
6923
2364
4727
5367
7913
2968
3354
3555
9529
5084
1270
5912
6963
8029
9328
2210
7760
5915
2066
8931
2934
3484
8730
7516
8530
3636
8846
9684
7406
6530
7070
504
4978
7194
6226
6847
7238
9722
5330
8569
1510
860
2756
2516
1358
4791
7104
9162
1397
1906
3152
3802
3030
6694
1731
3185
5400
7647
5489
5349
5200
9135
6872
9854
9837
1167
8388
4305
9313
8707
1102
2266
671
6280
5723
3126
9839
6028
9621
3243
4895
9882
8824
276
4228
8289
3202
9868
5454
8513
3981
614
2777
5409
8713
6103
6943
2191
1202
2289
1579
9717
4449
1884
393
2772
3806
9011
9114
8448
9443
7177
8611
56
5564
4102
8660
5760
2875
7361
9926
3853
4936
1436
2046
6732
9989
9255
3838
7807
927
994
4203
1557
2896
8018
8249
9397
274
1327
7266
4727
6046
9144
4293
5967
227
7939
9851
4054
9490
9765
1285
2391
101
1658
4578
1507
9072
8610
7901
6962
7567
9032
2034
967
2975
8912
6369
4718
7418
9885
9195
8260
2890
9788
8794
9075
1086
4128
6061
5193
8666
1387
3840
6340
2248
7653
7978
188
2717
780
3376
9165
4279
649
8311
1023
5218
1483
5863
9812
7930
1762
9370
8445
746
5001
8228
9753
2947
5393
861
2859
7768
1927
8361
5703
5382
6417
3177
793
1457
3578
8123
8243
6074
5431
268
4609
4349
9013
3453
2089
6566
5217
7235
8308
3315
5364
5352
1092
5845
2729
8176
274
528
2077
8902
917
7778
9889
3412
3232
2912
9230
1537
776
588
8007
5541
9504
6499
8164
9465
2020
2851
2640
6281
9967
1801
5952
4555
7353
7800
4061
89
7760
5014
6641
4697
