7644
5021
1772
7290
2712
4661
5657
6411
3634
5760
1964
1643
5395
6514
7725
6990
837
288
6095
3965
8431
3376
6281
730
5915
9440
9777
3408
5685
8178
9879
8985
8130
7925
4652
3962
4843
5487
734
7337
5477
7014
5553
5631
5086
110
363
9655
517
1420
7883
6214
3718
2905
1319
7989
914
3267
9074
5114
807
9101
9510
805
1921
9367
9603
8406
6828
8072
6468
7532
6133
6967
5114
87
6044
6506
4343
8111
5752
9317
1065
4334
9367
1652
9682
2744
3904
6628
8016
8955
4823
3947
8621
8001
8124
40
1413
9714
6369
8085
2751
9319
2934
2617
4043
5241
899
186
6358
872
9905
5871
4861
8023
7525
8788
1916
9221
8602
3271
9697
103
1626
1935
49
3072
6905
7468
3606
7154
5646
9625
2901
7390
4078
9230
9704
9592
4615
3970
9772
7350
1398
6622
5689
5319
1413
4141
2761
1184
7701
7231
2103
7986
995
3981
4470
9799
7866
2774
1563
2027
9734
8168
5336
6727
5840
1035
2181
2664
4795
8503
6925
6574
5145
4357
4898
9537
7434
323
5470
4814
3539
9025
9240
975
6775
4505
7567
1065
8997
92
4022
687
2397
3686
7004
4132
2224
1763
8695
1677
1363
3724
1148
2276
8047
1418
509
7609
985
7835
8783
4355
5769
8705
5303
4276
6025
2616
3361
5723
700
2880
5869
1763
4728
3064
8358
2505
7921
3100
6576
7867
2468
7797
3278
6987
7900
79
3725
691
9669
2952
8256
5874
8651
3267
6440
948
3677
1532
1184
9024
1204
1815
1187
4667
1034
3633
9258
6843
8041
9208
8390
6726
2465
6263
8950
6152
2708
4345
9462
8738
6562
4126
8356
1904
9677
8347
7328
3299
7352
4684
1391
2221
4481
6069
300
4876
6759
8710
9132
6621
3978
108
1836
8834
5310
5940
5673
8542
1531
8875
4476
8300
6293
6705
800
3376
9842
2380
7217
245
381
6521
5667
9254
9415
7101
8972
5096
1892
601
5231
8148
6057
9372
6390
3667
5440
7170
2571
5745
3157
5803
1139
756
3057
3334
952
6902
9712
8700
7153
2334
6753
6233
2544
4494
9721
308
7815
7797
8037
3856
808
6819
1370
2428
2968
7645
1354
5397
6256
8903
646
4907
3536
3646
506
3616
4927
3000
8890
2797
8419
2610
2503
8063
2793
8521
8765
2830
2098
6325
2988
3151
6667
9471
3921
8239
8439
8804
4801
1087
3019
8161
8418
8976
3669
7038
8981
5812
9354
1543
8707
8467
4987
4325
5379
3583
2867
7532
5942
7455
944
93
1551
7896
9931
4748
8898
5370
1397
7468
3608
5350
8096
7494
9676
6302
9992
8392
3798
1444
7244
6282
7249
6420
717
5436
8250
4222
4561
7259
5383
3499
4100
8354
5746
6897
2669
3565
7617
4001
904
3673
9300
238
1125
6823
3674
9992
6044
2592
6287
6534
9354
2930
7718
5282
8797
9817
5247
4927
9081
2409
7046
261
4452
5335
9496
4189
308
8535
3762
7864
1075
3167
1880
2041
684
4107
3310
9955
2357
7642
358
9261
9768
4566
2663
1555
528
2689
7191
6070
29
9546
5525
4627
931
7615
2581
6000
5445
2541
6649
4834
4986
5698
2104
2925
6665
6484
1629
7235
7527
9994
3823
3438
5082
3304
728
1960
3512
8984
6101
7559
9041
3731
6793
5831
4342
1920
7310
5119
7796
6275
4969
3797
1729
5527
8345
7309
3618
6790
540
6300
2550
5796
6877
2060
5235
1980
6557
2856
1083
7810
749
3895
9402
6840
3606
725
4527
5148
1750
4621
6837
2222
3784
2051
5484
4224
3518
7533
7449
1974
6541
9810
2567
5164
9940
1131
5112
3063
2154
9334
4780
4452
484
5897
5004
1404
8704
3507
7748
2121
9330
6302
3291
4898
9416
7921
3152
9218
9435
8866
9331
2279
3269
392
5388
4263
8777
5455
7788
268
9763
1381
9823
2928
8205
6209
939
7076
3163
5939
1751
5562
9461
6582
4123
4706
8414
514
6832
9345
8389
5551
1203
1390
104
9492
3915
9591
2367
6460
4084
1056
9724
4330
8232
6091
1613
5940
7674
8019
7003
6506
3758
7442
3715
5354
5688
1827
7119
5372
2975
4258
4992
5256
6718
9231
2185
3096
3447
9953
7371
4823
4580
4535
1737
5417
3996
4522
3607
8724
4974
222
2244
3836
9788
679
1137
8653
8375
4536
8125
9153
7331
711
1598
7393
1895
1133
4606
1016
1124
3465
9808
4995
2528
8484
2861
6389
4125
5663
3792
7815
346
680
1050
8925
1494
6780
2754
627
6700
3910
4525
9398
7376
262
214
7951
1220
9661
9898
3050
8375
2116
6034
9125
1931
2604
9870
2356
9873
7167
5355
6001
9939
5558
656
9872
1502
3029
3467
2033
5610
5793
6579
9551
664
6289
9993
4549
743
98
6048
448
9138
8788
4582
1120
8409
66
8334
2904
1131
4255
6700
3012
6669
2924
4460
7306
6394
7254
8543
3562
5638
6316
1571
7295
3376
6206
8397
2599
2980
7648
2278
623
7579
6302
1887
4568
6048
7994
8770
2294
2879
1969
4935
9542
923
1756
9888
303
5356
1315
3842
6514
740
4683
1504
9100
4653
287
645
1690
3409
1948
9118
9051
9556
679
642
9041
3378
4362
4111
8273
1041
8875
8578
1451
4723
3773
5954
1363
3770
5007
7945
6541
7815
5987
7760
4424
9490
5562
1062
8481
512
6122
3421
760
3715
1137
2034
5663
6420
9347
7751
7135
9573
240
222
3157
4806
5985
420
8234
8007
3024
3415
7440
5957
3863
3462
6952
7298
7393
9075
2528
133
3837
4023
7129
4571
2306
2499
2007
8841
5820
1295
8466
5200
8883
9505
3242
6603
2428
8411
7367
2327
3401
6449
4366
9391
2364
101
9263
2676
5994
9809
9691
5269
2922
7873
7812
6849
3292
8826
6252
5654
7926
43
2367
8660
1050
494
45
6996
5811
8875
1647
638
3486
5530
5339
4620
8614
3762
5347
7369
1575
6627
6455
7460
1444
3164
3371
9239
725
2362
8787
3087
3272
5343
5546
8327
1703
9242
8530
1621
6442
1544
5158
5889
8339
3062
2988
3950
904
7362
198
5270
9966
4622
7367
7142
9408
4703
5747
4819
3247
4280
3199
8343
627
3054
1639
1148
4032
6968
3630
6500
7428
7158
4928
2435
7596
4250
7412
2409
3111
5191
5501
9552
3090
8756
1631
190
3986
5325
5919
7239
9984
887
2820
131
1102
7934
4057
8663
1080
3149
132
7715
9046
3720
656
6039
990
5177
6455
4579
6438
774
4156
6473
8151
7548
6340
2609
109
618
5620
873
3978
1756
7478
8135
4843
4001
357
477
7811
6124
1064
967
4787
8724
476
1443
7051
1912
8985
3982
5593
5267
6294
2279
864
1399
8041
8578
6613
6873
839
9436
7027
2489
4169
5014
1326
3661
2783
4432
7316
5497
5199
1875
4688
6461
5638
9322
4936
1514
2879
3214
9462
4578
1569
285
3619
8235
2
2999
447
6800
4906
2212
1246
7605
8754
1125
1404
2804
8443
6261
4625
6521
4939
3452
2352
4950
291
5409
1193
2180
9532
408
9166
8791
6447
9295
8627
5676
5107
225
3598
9537
2305
6054
4734
5217
2388
9880
1177
1020
253
2161
8301
8159
6034
3382
3591
8900
7478
4410
9778
5289
6852
9952
8616
9493
7781
2338
5188
1325
1617
4471
4567
2898
6786
3092
2217
4675
7348
6642
7624
487
2104
4487
9644
3951
7672
7524
651
9580
7525
4331
7832
9421
3244
2250
4325
8466
2327
4712
2762
9730
5631
4635
7022
2613
3711
9764
3298
5999
1108
5688
3357
6330
1969
9563
9682
8446
6287
3355
4526
3296
754
9238
8349
8037
5478
7865
9612
3329
6184
4247
3561
1920
1825
3506
4886
2047
1309
4249
9469
9432
6170
7869
3949
3897
1116
5777
2003
80
5981
9502
852
1509
4482
8657
3206
3588
2280
5170
6991
85
2893
2754
8373
666
9820
5039
6372
676
5216
3334
7790
9634
25
9175
4508
200
2205
2030
9603
8680
5477
9811
6722
4015
6104
9183
1191
9070
7078
5081
8722
7091
6858
3212
18
1156
5427
9655
8091
3976
6508
7826
7784
6338
8982
3511
3293
4986
663
2820
1350
5770
7100
7148
2955
114
8698
6372
8277
4120
3762
3889
4618
5920
6499
4636
852
8211
106
5726
9055
6671
9380
894
5953
459
7668
36
933
9621
2239
6393
1520
3146
1477
4445
3524
2034
5418
5077
4658
3957
5394
6831
1642
126
6124
8067
5327
4442
8949
1912
6518
909
429
5919
5388
450
6855
1184
5863
1948
1257
4112
8005
8845
3188
3724
1377
8914
1821
1124
5924
9354
7546
4214
7943
786
6840
1078
6471
5774
6057
1096
881
9685
5003
6458
3005
7625
1555
2416
8888
7202
9385
9245
6297
9495
9565
3162
597
9528
6167
8615
4509
266
1068
8412
6101
3584
6060
826
7552
2498
7369
4226
2327
6141
4082
3682
3512
3623
3789
9960
2203
5725
6995
7796
4032
7355
1252
3102
6724
966
5756
7617
9059
490
3150
6931
5271
4556
6988
65
1182
8635
1961
5756
5690
6215
3765
4314
305
5886
4680
6619
4837
2255
5162
6169
8606
5629
9566
8330
7875
658
6655
5846
5832
1517
1315
3647
8897
6441
4940
9025
901
9532
9853
5464
702
4473
2586
1448
8508
1634
6760
6526
1609
2029
8243
5345
5223
4689
4798
1059
6854
2462
7829
2378
7890
8231
2191
8949
6856
45
3520
6589
6681
5881
858
8107
7656
4229
2243
9376
1165
9047
7361
4308
1212
8331
2626
8238
848
5756
3897
6541
4064
7039
6642
5345
3875
8397
8631
9673
6688
2555
4107
6394
7247
6103
5603
392
8555
9904
8997
6964
5944
9506
8568
2258
6049
1565
5243
870
3995
2786
5570
1259
6822
890
3354
31
4321
7634
1598
2670
7500
2758
9666
4122
4681
2313
8412
1316
4508
9086
3891
9386
8514
3527
144
2860
1197
599
833
3068
5021
3574
172
4578
3115
5889
7121
2585
383
891
1352
2634
7553
388
1049
6066
3964
4659
1418
6051
3198
6947
3635
7572
6429
3160
8893
2966
2292
9277
4505
3924
8602
9068
7022
7557
4468
9513
2618
5074
7392
8459
1513
2606
3570
7895
5732
4295
4796
3018
2416
6968
2598
3891
9367
5208
6174
5388
8420
9683
6313
1555
3048
8546
7527
2841
7433
9817
2436
1781
4650
8990
8954
4022
9718
4289
4548
2708
5398
3084
6462
1394
2066
9032
6520
3794
4324
5081
9641
1972
7080
9671
3056
2749
4239
5099
2454
8768
4243
5330
432
8299
3381
5377
1392
6305
338
3733
4714
8271
6900
1141
9700
4397
373
9623
1943
884
9390
3099
9299
2070
6205
5688
7614
8462
8565
305
7452
629
8815
5316
5659
9326
5663
5423
9558
1807
17
9535
5449
972
8418
1318
6900
898
3323
3672
888
1804
5656
7074
8334
486
423
2888
23
9628
1628
3482
5150
9101
9250
2898
9082
9282
1579
7548
8527
2085
3512
9122
4
447
3588
8947
4832
2450
7994
2288
5822
9968
1352
6819
1119
9494
1643
7788
8622
8057
7209
9977
1310
5131
1358
2977
3616
9578
8030
365
2065
8470
7882
5779
3536
4012
7997
7665
6654
787
5926
9394
5149
6850
2000
3600
5131
5501
4316
631
1400
8794
6432
4898
1730
1652
9081
6564
9538
2011
8348
6852
7919
2278
2267
6470
5937
2583
2835
1026
6320
5497
9553
100
1291
9224
485
783
8724
1020
6254
8654
6584
4996
7573
3545
6796
8027
9558
2224
6227
9002
841
631
5293
570
3439
398
2810
5187
4552
5388
2396
8998
2321
6136
6953
7924
4938
6659
4703
9609
8710
1813
5811
8665
1036
8482
130
6485
218
4681
4776
1689
7017
4393
3743
5637
2347
2016
9935
9686
4257
9394
6980
2529
5497
322
2365
7963
2757
3056
817
1784
5911
3871
5468
1086
2392
3314
7591
2229
1592
5938
2469
9469
7791
4078
6953
2748
8194
2880
7893
194
1489
4728
9438
3067
558
9863
8683
8417
9864
2362
1452
1867
8197
6081
1688
2887
4926
395
8606
6351
2964
1808
8941
5498
4784
1563
6991
5266
9992
785
1936
1533
9486
9010
7948
1402
6386
6907
4247
8122
3272
8566
5318
7721
1908
5279
8922
3671
7666
5251
9757
4312
3746
6359
3269
1876
2432
6738
9925
1675
114
6808
7427
4153
9290
9829
8692
7362
1099
2530
5251
4794
7129
4950
9857
7747
6649
9036
279
4116
5623
333
1367
7219
5927
7306
6512
3503
595
1753
4495
4444
5315
1385
2418
3259
4538
4691
1913
773
3277
559
7382
85
3823
272
9763
1727
2823
1709
3330
337
9043
7373
2015
7732
3062
142
2354
7023
6092
6403
7681
7272
2463
183
7555
8535
498
226
2782
3242
650
7655
9154
6047
6813
9831
8575
5281
1954
2950
4976
5185
3224
6247
523
6064
9523
5911
4144
1271
2161
7571
1567
5940
8218
8071
7703
3345
1078
1765
9273
4706
6184
6878
8923
8603
4872
1375
9912
6268
3759
4282
2596
1002
9931
6208
2206
7899
1698
8793
2734
1869
4004
8880
2382
7539
1529
3821
5380
7373
1033
544
7533
6355
4442
3863
9142
9599
9812
1308
8964
7652
6001
3806
3443
8350
4912
794
7196
6871
3096
3559
8015
835
377
3435
6496
6953
3599
7372
622
6031
3312
7511
1438
5489
2645
1895
6854
4093
3045
5730
6438
5006
972
5190
2081
2562
9706
5115
3848
1802
7752
2837
4904
1423
5990
4217
1178
6187
6336
4313
3336
5067
6191
1102
5312
1327
6475
2289
9809
9882
2670
5558
1825
3997
4884
1141
9713
1803
5919
6934
5288
3896
1190
8840
8428
8787
8045
4607
9600
6605
5441
7384
2231
2884
1082
5402
4215
6417
4354
4746
8680
3083
7764
5402
9947
7237
5646
9408
2504
9163
2833
815
9023
9508
9687
9492
6912
9524
4420
7615
9782
1057
1028
8844
815
7120
8244
4845
7527
6284
8093
5590
3969
8770
5900
3828
6935
1931
6253
9611
3545
871
3973
1738
769
1250
9790
6189
9799
2582
6109
1615
4017
5405
3839
810
1602
2577
8578
3901
1987
2787
4849
5976
3728
4036
8679
6551
8553
2290
9397
2601
2056
2307
5118
5292
2162
5479
4383
9606
4390
1613
9420
2882
3299
9925
9926
918
6711
4365
1561
8829
609
314
7345
9878
4888
6917
6988
4535
7013
9231
4858
3359
4346
1762
3026
8279
9974
6230
3471
9972
2625
589
6087
173
7522
5516
923
8787
6528
5094
2906
7937
228
8390
7969
4737
958
3273
7773
8809
7423
6597
817
6416
1187
2954
3843
497
4753
1076
9744
6203
5147
3690
7712
578
9856
5334
9972
518
3825
3633
8380
4861
7633
762
3029
9200
1429
7779
6080
2751
9082
3721
5373
3058
5062
9054
9526
5853
1655
7076
2520
6798
4344
8327
8956
2006
5138
7448
6053
2098
3375
4274
9089
4934
9738
1851
5474
4325
3090
857
4967
6639
60
8158
1859
2806
184
7105
1247
6671
8252
4058
8219
9602
5613
7850
6943
7886
5021
3989
3968
845
5934
8397
1167
926
6116
8732
9531
4709
5752
4430
678
9659
264
7592
1653
5747
1564
441
7025
9099
6164
8939
6507
2379
8542
5750
349
9309
899
2146
859
3176
6913
3846
3287
6347
4499
9538
9220
5795
1644
4565
1107
4185
6850
1788
3497
9259
375
4184
2834
5221
6964
74
1230
8732
2670
9422
937
1287
9018
8001
6601
9354
3068
7617
6688
3648
6875
8336
9858
2852
2049
9987
7744
2924
6366
7357
3138
9107
9308
1459
1572
6402
8382
2652
6871
7418
5873
4487
4904
6448
5108
3161
734
9141
7396
4497
4093
4577
1392
1018
2359
8028
3836
3133
7282
2920
49
8112
6645
9534
7056
9982
7276
6980
9127
7764
9931
9832
8269
2438
3022
4604
9447
7868
5039
5374
413
9964
6417
7074
2838
9429
1481
8126
656
3429
8461
9730
5037
6344
4997
418
2663
2061
3549
6369
3315
8870
9484
6299
7795
5069
8703
6240
8742
6910
7231
6568
4922
1733
273
6327
9058
5556
3340
6815
4850
9344
4101
6556
6855
633
8694
7072
1700
5924
61
8796
7030
9239
3344
4183
4025
4129
6751
3502
7492
2835
1250
3912
2704
6383
2433
485
6886
443
4850
5795
4022
82
8381
860
3347
7288
940
9007
9739
9511
9486
7929
7205
3131
7307
5744
1075
5046
9089
7132
2535
9376
6780
7170
1986
1119
3077
4991
3895
335
3521
8509
3855
9567
3770
6869
7989
9256
8139
3905
2113
2890
8053
2668
4514
660
1759
7689
3076
3984
3882
1709
7058
5705
1714
506
1301
7897
9776
5352
2490
4836
4572
3762
881
9259
496
1915
7361
429
5192
3387
9082
9489
1126
522
7651
3704
3010
9783
7937
9922
9870
8597
1449
5488
3975
2627
6956
8914
263
294
2513
540
1112
1878
4449
2313
7555
3138
828
7420
3767
1296
9177
9599
1317
2277
8906
5483
7639
6781
2845
7362
6801
7336
5503
428
5215
1442
6764
9996
4046
1452
1618
1150
1640
764
4867
5631
8967
2734
5192
7801
1594
5525
7138
1754
6357
8723
9244
7536
3330
9424
6989
5811
3782
1898
3690
3998
3055
8442
7512
9948
1993
5343
2383
1291
4256
3577
2506
544
2383
6148
6154
5559
5687
8718
714
8260
315
4071
8462
1323
1784
6180
613
1784
4674
928
7309
6972
6138
2192
453
9557
5580
6465
6253
4937
2788
1825
7802
2335
9424
1510
3799
4090
5633
9806
6773
5778
9163
4261
114
8977
8108
7565
4120
6647
7753
7309
7004
4090
3956
6952
5943
5613
458
6200
1521
7660
4089
4535
8441
1105
7422
3098
2177
6406
6348
5371
3574
3832
4153
6433
8014
3269
3234
3918
1626
9666
4175
6308
7579
8859
5969
4053
2577
6471
3464
5671
7182
9702
4545
6512
8376
523
1005
9555
7518
3696
2669
1830
5746
4587
2376
1519
1140
5787
111
5883
9024
7854
3544
347
3166
323
9142
9356
8055
2630
1114
9809
2727
8430
8707
895
8638
5215
1568
9781
6752
7580
6102
982
3916
8797
542
8004
3642
2568
6437
4570
8381
79
7335
4102
9289
790
6534
2513
8318
6976
4244
7148
4626
4293
3472
5274
1724
642
1052
3588
9388
1533
8957
9197
9625
4915
7693
5970
4323
8751
4955
1709
9687
7145
1185
7175
3392
6473
3365
3255
4762
1911
1433
940
6977
2529
750
7634
7785
3368
1845
7317
9575
9655
8742
8207
5708
592
3977
5151
146
6229
8386
6921
4207
8720
2330
7107
3207
8016
3320
307
2302
5216
462
467
8858
2966
2032
1278
3574
3813
8159
4218
2452
9199
7236
9426
3978
170
3768
6910
8413
1261
992
6609
9787
6360
7798
9951
2770
1358
2322
3801
5646
96
3959
39
8544
22
1434
2272
2122
348
6366
2505
2582
7736
6187
6200
4598
7268
7532
9283
247
3068
3959
906
7887
8789
5864
6590
3317
1191
8775
6668
4655
3001
1192
2762
1718
8
5249
461
5303
4931
4101
1813
5603
7606
4975
677
53
6065
9003
4066
867
2645
1870
8728
542
8682
5557
2164
4788
7328
5995
6705
7781
6592
3237
8354
9266
3069
1719
6665
769
1965
4553
6386
3965
3246
8548
4831
9995
7687
7447
9792
4823
4188
7590
750
5549
1837
8482
7589
323
7564
1923
9500
947
9529
9697
4786
2695
7979
5570
1543
2605
5869
8702
9508
2122
1331
1791
3384
3259
3512
6996
3103
8950
5926
8245
5089
6159
416
3280
4053
8534
7791
3730
6624
1934
2343
7041
8558
2793
6038
870
8892
7279
9177
3688
5471
397
7322
643
8196
3593
1705
8504
7781
2996
6262
1374
8197
2521
1417
6070
4328
2546
5902
9836
9154
7369
1088
3897
7867
2268
5105
6886
3307
9674
5811
891
5496
1946
9414
6821
904
1610
671
1029
9461
6213
4737
4053
6573
7630
970
8918
5171
9513
8476
2102
1046
633
3287
8781
8043
4324
4640
1334
3225
4546
8416
2842
3073
164
5244
3879
8904
7746
1260
448
8947
4189
4777
4911
1118
8803
4808
3350
4649
6784
3966
8258
7839
1553
8143
4096
7188
9812
1688
266
90
8748
7220
794
6912
4721
7886
2415
7576
5092
4021
2285
6627
9072
3845
5455
6636
8123
5511
5671
7982
9612
7719
4518
3330
9718
9998
4200
3128
9378
7868
3590
194
6300
1187
9359
5064
4388
835
4592
8811
3109
605
6128
2778
34
5495
7945
6810
8283
8491
7200
9942
4559
6204
2070
4403
9580
9558
7975
7869
7825
1088
9807
7236
5173
8001
2620
6653
257
2396
2527
6598
3224
1290
7100
9914
6055
595
5281
7165
4006
424
6308
6837
686
4960
4564
9237
8229
2972
6417
6071
773
2601
3800
5668
1260
4450
967
5731
4812
1776
463
3373
5185
8287
5143
8201
7315
3165
8380
7833
1441
8994
6438
463
8446
5751
5030
6381
4968
9621
9196
1016
5298
2554
2902
2056
660
8346
4930
3679
3401
800
2692
9907
2598
5296
8771
8442
3370
7258
2861
5377
4896
5085
5691
2457
3521
9206
7424
8142
6375
4099
9994
2853
7453
8184
475
1810
9026
1917
3266
9955
5900
7586
3378
8669
6504
4608
3812
2721
9936
222
392
2538
4502
1004
7095
7093
8381
6656
5716
253
2102
2331
5169
2435
3768
374
605
4759
5577
8366
7227
6117
2665
3833
1182
8830
6270
7748
272
6146
1513
4300
4882
3383
7319
901
7742
4489
5124
3001
456
8686
2650
6464
499
8372
2344
2041
9359
7978
3358
5443
4480
2648
8916
5002
2267
7580
2281
17
7001
7185
8153
4616
622
973
440
5578
8483
6712
7932
9590
5439
2613
4215
6600
3828
2398
5217
4884
1622
5696
4036
5822
9222
6224
4225
5064
7165
3896
5824
1273
8836
4643
8068
4551
7040
432
6589
8561
731
3350
2215
2715
8333
5461
7280
8598
6746
4292
3015
6075
5573
797
8128
