1085
7077
9432
2313
1420
626
3416
6586
459
3751
1285
8007
1253
4577
8040
6961
3463
4804
1813
9232
9421
8323
3125
8631
813
7602
9572
643
5802
3587
3160
9027
1974
4988
8540
1361
5944
2410
1641
5647
5
3071
1024
7773
4958
1990
6854
7495
9110
1111
9020
4138
4063
5974
394
1415
4608
5142
6120
8112
7220
9579
137
8224
8113
4301
3748
4311
52
8249
9600
419
4870
2465
811
5418
157
2451
1575
708
4706
2839
7426
5637
6506
7793
784
728
8307
6503
6183
1943
3437
1181
6055
4950
7762
6700
244
5200
2531
3329
2977
8106
7921
7249
8923
3411
4149
6410
1071
9373
6060
5525
3129
5
3955
4808
2058
557
2874
6760
4036
6284
456
8555
9238
875
924
683
2175
2768
3067
1239
9360
4359
842
3683
9491
6156
2681
4816
5650
7222
186
3399
9077
5805
2670
7662
1804
2860
3435
3757
2405
6930
8731
3914
874
4706
3107
6032
6362
682
3758
3390
5122
7152
5750
8556
8152
6952
4111
6249
9764
9427
1856
3008
8763
5538
1102
7624
5914
6184
8679
5530
1259
3725
2168
7150
8839
622
2780
9358
5016
5938
9265
4364
1706
9256
5080
847
4798
7644
1481
5561
9641
8904
4769
9796
2415
839
809
6442
5368
9221
1220
6132
4509
210
436
7530
882
1557
826
9865
8223
3613
3880
9843
2204
211
8869
3521
5256
4539
2332
5971
1190
2154
9153
4855
2229
3057
4258
4168
5291
2999
9893
1678
2189
5045
6388
6115
877
3050
3569
9846
2721
6143
6535
3432
6396
549
3824
4692
1963
5386
8189
1724
6350
4571
1269
1918
1040
9395
8652
9349
3381
3538
1247
8316
5952
6089
6650
9645
5390
7361
2390
5384
3282
6123
6130
1215
2558
2802
3565
7982
4506
5197
7310
6904
4437
1776
288
9932
4501
5250
9357
2727
4956
314
6501
6899
8169
9090
6523
6092
6008
2750
1500
8147
2024
118
333
6268
5846
8414
2417
2242
1739
5830
1588
9531
2751
6638
3430
3174
2232
3874
279
9648
3843
2483
6875
8629
7293
8085
9803
6276
7391
2069
7720
1980
6788
5987
6588
5506
2505
4141
8479
6005
1184
4556
355
4264
288
8663
1180
5182
588
1413
2911
8693
9886
4561
9798
120
5632
2166
8446
2424
1223
5577
2061
8694
2061
1094
1059
8119
6185
9763
7676
4825
8125
4481
1166
6053
8140
160
1702
3754
6294
1986
4089
7257
5009
7160
3482
3072
5398
9496
5271
2110
2101
9552
5072
5957
8821
5109
4373
8349
6444
2708
6955
5236
1992
7609
75
1444
3816
7342
4390
2589
6153
8123
777
4162
8593
2588
617
6064
5282
9456
8268
5351
267
8989
5060
8973
5169
8145
9768
4328
6517
6564
8464
1594
658
7881
7117
1658
1302
9139
6274
5756
9515
6660
8851
7458
3296
2801
7609
6507
712
9329
3600
3450
5471
5284
2653
9667
6837
5265
5454
6670
3400
151
9360
2237
5570
6965
7767
7098
5180
9205
8494
8810
6813
4594
5259
5614
1012
6811
9406
5528
4766
2768
9958
4762
8484
6121
944
6009
228
86
1965
1345
6266
3313
702
4899
4906
4496
303
8906
1293
3734
3741
8267
5334
377
2549
5785
7504
3966
7979
296
7222
2800
3635
1130
6446
1280
336
7094
7235
2871
1959
8678
8941
438
2799
2367
5679
7422
6551
316
6877
8828
2019
307
3880
1532
8405
4393
1768
3166
1812
1185
3333
8374
3052
447
7761
4301
6961
107
7045
2182
9601
6625
6263
6235
3414
7398
229
5685
8548
9525
4672
3801
4661
1607
2776
7712
2142
8560
6656
2416
2814
7190
8030
3686
8467
6221
5409
3717
7688
6702
671
4791
511
166
2602
7346
6071
3290
6239
5110
346
9529
5419
6611
182
7513
6425
6424
1750
9859
6236
6198
1404
2523
9030
1987
4925
2328
5091
8250
1529
5858
3413
3631
8581
2281
2508
3520
6503
1953
210
1239
3021
5131
4464
2525
3931
6000
2145
5145
2351
1494
3345
5893
2675
8901
2545
9345
4846
2067
1914
1585
5623
4251
8155
7633
3367
1853
8928
8265
7561
6687
9041
8476
7537
3152
4869
2330
7815
845
6961
2454
5215
3453
4818
8833
8021
4279
7890
4773
4794
3347
2857
5822
8694
5006
9428
7858
5289
3287
843
5410
6738
5158
9537
296
9050
1564
4621
4480
7342
2230
1632
3668
8184
4619
9746
8767
6905
9173
6590
3955
7301
9932
8598
5189
9898
1118
884
8086
5870
7515
9423
7037
4853
6284
7910
4656
5420
4787
2236
7842
7925
2222
2624
8326
5839
5557
7991
241
5969
8611
4841
1102
7810
2466
4757
6683
7032
1039
7313
3712
1324
8364
7122
2608
1942
4468
3556
8695
4331
4953
9046
148
2015
4841
5782
4881
4600
6495
5492
6285
2753
8710
6006
2650
3975
153
3448
4738
8244
693
5469
1333
3877
7616
5414
4173
666
5042
8238
2290
8394
1217
5536
2458
1985
1020
5381
9000
4855
7741
6062
1893
8653
1841
5530
1788
1831
3972
4260
815
4049
4821
1213
3928
9151
1769
8177
5481
4213
9899
5081
2661
4271
4225
5996
9447
1134
6378
2034
16
3568
9075
6455
6095
8234
4537
344
7528
5269
552
1886
9847
1091
3122
4644
2269
8572
3852
8182
9753
6185
2306
4728
3363
8828
2139
3712
9233
8426
7415
2337
7340
134
9556
629
8189
7788
208
5414
4609
2390
3113
3177
6188
8782
4656
6951
857
9601
588
8409
3360
6876
283
4016
2448
9318
5476
6223
9019
4314
4295
1957
6913
143
9141
795
3381
9430
8508
8294
780
1503
3883
7209
9011
5111
3524
5258
5744
1122
8255
7295
5345
5170
7275
7349
6897
8834
5391
7469
9465
7457
159
4115
2083
3198
6250
6972
5289
7964
192
6236
1132
7650
8177
4770
977
3442
8209
1888
5813
3811
2007
2570
2850
2238
6789
2346
9738
4834
9825
9198
2991
4292
9730
6911
869
7702
1479
4974
6095
1522
2273
4141
758
5140
6304
9096
2696
4834
3963
6222
3245
2024
1321
8912
9669
8164
2573
900
3566
9307
9455
2774
7153
2326
5396
9692
5899
3485
1983
6533
8969
7677
7041
7757
6349
1545
2540
9551
350
6891
8982
8264
268
6197
4185
532
720
3065
6407
3687
8513
2945
555
2138
7491
5339
8938
9215
7082
1253
8360
7987
29
1569
2070
432
582
2165
5705
332
2869
8002
4439
1969
4964
4878
235
1354
3286
5728
6840
4550
264
1768
9561
7164
8969
8664
5318
6604
598
835
2068
9230
686
6673
4212
5113
7332
1500
5739
2929
4979
3642
1009
8526
1612
9159
8994
7302
5930
9453
8243
1990
4279
5187
5487
9938
2423
2720
6591
3286
5090
843
9127
4728
3168
6769
7277
6253
7788
1537
4709
9028
619
9015
2088
8579
3718
7555
2467
6172
2434
821
940
523
2897
7336
9311
6015
9601
3928
8806
3954
7011
5233
9767
471
2790
6902
2775
1551
8338
2458
5580
9176
6000
7278
1617
8739
7942
7880
4722
6912
9745
1196
7879
4680
411
5241
5950
6839
5916
7523
9985
2276
8572
8585
6102
6510
2582
3651
8917
9013
9353
4745
5412
8930
216
7874
1294
9059
9777
504
1235
6487
955
6564
617
2754
6424
6748
4960
6078
842
9510
2851
1743
258
2871
4953
4481
4531
2636
5387
8432
3045
2772
97
8196
4534
3976
4294
5607
4699
1320
7930
2500
4996
3764
5493
477
957
7043
9224
8185
4272
6052
3216
8328
2424
8350
6804
2613
2369
9926
2734
9959
1275
4381
3271
9811
4909
979
1066
1298
8375
5148
8218
4347
5951
4093
1823
1868
3117
6692
4268
8986
7810
3761
9484
1107
2275
2308
1787
3004
2740
548
4817
4380
8783
3705
1481
7668
2931
5991
6112
7241
3161
9784
9736
8240
3554
5205
2988
8004
7997
4753
1902
8503
9189
130
508
9155
2630
5564
6274
860
7904
2795
5880
5076
3668
924
9068
6906
6459
4601
3323
7872
8246
3200
7192
3591
2480
2144
5071
1193
6192
5167
3555
5795
3515
8634
4563
2765
8902
1417
140
8695
3305
8814
2440
3458
590
6202
8100
1641
1529
8765
2287
2010
7970
2328
3150
436
5533
304
1100
9902
9787
930
639
8738
8585
5613
4918
117
6918
7776
3822
8163
7363
6273
7220
5131
7570
4087
9220
9477
7345
8325
5744
9468
3664
1348
1277
1868
93
8492
2711
8968
833
1534
4725
7720
548
3712
4631
5438
9771
1718
6860
2948
5442
5497
5888
611
3620
9511
3778
9906
4551
7176
2723
1945
2853
6968
4826
3985
4932
2949
1189
8795
4535
3735
986
9673
4702
9926
8892
7213
7401
9933
3529
5756
6858
378
5024
5694
1863
7774
3216
9364
5647
5879
7291
2871
5620
8743
5689
3433
5702
6897
6873
8890
2353
6400
1443
6970
9228
9140
3880
2469
4387
4442
6315
5568
527
294
4777
1791
5376
3424
2579
3008
6796
9880
6636
6247
8210
4503
574
4343
2551
4820
6871
4986
4962
9631
6193
173
8643
8749
336
7339
3053
4065
7412
6965
8373
2979
3566
3467
6498
8656
7503
9497
7316
398
1115
2560
1218
1754
3165
1103
1948
5776
3972
4143
5390
8902
6091
5784
5717
4182
7431
8419
8428
5750
777
1725
6304
2037
179
5685
9938
484
8151
2499
7722
7390
2683
4628
6777
6902
1641
406
4279
524
1155
4252
3770
4299
4339
5134
3000
7266
3105
1217
8644
844
2206
6030
3076
9055
8044
4610
2051
254
8400
7906
2883
1547
6368
6872
6682
5037
1239
3710
9181
8729
2712
710
2138
304
1423
851
4687
213
2818
4808
8008
5561
7254
1691
3893
2261
6766
3782
5674
7347
1151
474
7249
2826
8111
6287
4922
2948
9339
2765
6770
6221
23
1952
5569
4330
4369
956
5389
6788
1247
2765
8221
5696
1654
8649
136
8828
9484
3716
5723
7928
1461
5359
4249
7198
7530
8719
332
1759
2201
8933
1066
6924
9477
2287
532
7565
6637
9579
8312
9218
506
3939
6854
2708
642
6778
1119
7239
8571
7697
9401
2463
1353
3542
9775
6283
8007
4137
4597
210
2212
6652
7562
3881
453
3463
518
910
4105
9910
9378
3236
5914
2095
1271
9467
2414
6259
9151
3435
9597
3009
6360
8301
1613
4849
519
9670
4394
8980
8361
2849
6785
693
4740
504
8155
4476
8892
9711
3559
927
5361
4141
5440
117
4278
6535
6030
1849
4044
4315
3896
8231
8749
1014
551
7702
8293
2002
2629
2898
7403
7104
5188
2021
7981
2669
2988
4705
4425
8868
9996
5548
8904
8417
482
7529
7092
4477
6277
8415
3499
8539
2911
5976
8636
7965
5289
5512
4734
7348
9566
6344
2335
8098
5953
2046
2826
2797
59
9755
9586
6867
5484
6208
8363
6373
8435
8942
7704
1169
7321
4025
9422
224
6551
7224
1672
5368
4599
3323
100
911
2120
9737
8362
7629
4108
2774
6973
5852
1708
7101
3274
1119
5067
8080
9133
4796
1991
7705
3716
7015
3436
7003
4587
8989
4402
5562
8949
4730
6039
4884
8812
9095
6632
9818
2208
2771
3576
751
827
9901
2867
1612
7254
3867
5996
1742
5332
5227
4019
6701
700
9763
5826
1481
7108
1142
5286
7619
4280
5494
3675
3605
26
5025
8369
6767
7220
5130
7514
559
3945
3188
6741
4524
8793
1421
3189
2415
8243
8597
1738
2719
6805
3449
4641
2328
3375
736
7095
1511
5077
6258
2953
2884
4003
528
2183
7563
1179
4996
2870
3049
969
9414
5077
9585
5240
1111
7880
7832
5246
1838
1072
4195
8274
9773
8011
5866
686
8239
8615
7961
5007
6640
4258
7731
7161
6409
606
7284
2280
4390
6656
4881
769
470
2407
4542
8455
1583
7097
1724
1865
43
2185
3468
408
6307
2645
917
103
1782
7868
1198
4843
5029
9981
2120
1170
6479
394
6763
9584
6900
6316
4700
5060
9144
3120
3319
5641
9991
2814
9599
3352
2223
9658
7007
1195
782
4147
1036
2652
6841
1609
4281
4140
4277
1213
2102
8832
9750
7328
8199
1638
866
6397
5068
1045
8337
1554
7186
5570
5108
7193
2837
3039
991
4790
8256
382
4916
7129
3427
339
5916
5939
3392
4759
565
7941
2882
4009
7331
4995
4282
6047
9364
6616
6583
1914
4021
1283
3089
2967
6522
9407
5074
3874
302
2545
3042
9461
663
5050
7294
8622
9220
5245
8308
6159
9143
5242
8014
8335
1257
5480
808
9790
9070
3393
9504
2981
7286
2823
3561
7468
7981
6788
2443
9429
5232
9680
3962
7909
4252
668
5218
9235
9141
6843
5500
9705
9855
9312
5264
4808
6957
7553
2823
8728
6740
8443
1211
3932
9322
7008
269
6964
6705
8364
9618
5388
4538
2101
3676
7634
759
8097
7489
1637
6530
2193
8346
7576
8467
6794
3770
742
8594
7844
9641
9744
8217
4236
4828
9538
5477
2212
7250
4707
5081
971
1613
507
1471
711
827
6511
7404
5485
7841
3992
2527
7331
9027
6097
5062
3006
450
2191
8988
9381
1650
8299
5187
1222
4615
5403
6714
5334
1436
799
5627
6804
431
758
7380
9991
2172
7297
4687
3894
6597
1839
5169
8118
7547
968
9195
5342
7835
6917
3360
7702
4104
8748
2436
6398
640
1370
2045
8523
4750
137
7386
8140
8412
3889
44
7915
5443
8331
5300
302
6033
8992
2219
6589
1477
560
1176
9103
2905
2350
2114
7997
7277
5480
5698
7288
6572
9957
8355
3318
3373
4759
5593
2551
9144
5281
1019
8598
307
1506
9935
1419
6937
8014
2433
4701
9318
5581
5631
9572
3713
3037
6500
3453
1861
8579
3647
8199
526
7855
1199
2283
5997
2637
7373
5288
1416
7048
5958
7084
65
9321
3700
3502
2785
6445
472
2952
1745
8692
6486
2739
2533
4022
5340
9098
6005
6784
1424
7313
4314
700
4758
9006
881
8159
2459
8517
2622
203
5825
7953
5905
6373
7543
158
4174
2737
115
4516
6475
4137
9887
4974
6683
2780
2606
2393
5953
2147
889
6984
8580
7264
4651
9236
270
3535
9941
5008
8736
5470
4606
4042
7430
9113
9339
6270
1810
9694
2071
4245
200
31
8415
3370
8693
3429
7005
253
9149
7522
2526
3937
2688
4079
1666
4032
8072
9316
1936
9630
6561
6342
6163
1818
9397
9098
9173
5185
2467
5736
87
6829
4011
3370
5946
6667
505
436
8909
4458
3644
6558
7731
8207
8610
557
3888
7574
306
2048
5040
7059
4309
6197
7572
5110
5537
3563
5098
9468
1732
2035
2599
4434
1434
4992
7572
1429
1482
8253
8211
3749
99
2077
860
904
3343
9950
4200
8058
1649
2935
5049
3634
816
4016
7956
9952
7776
2321
4972
6659
537
8163
3500
4295
3590
3602
6401
2459
9629
2212
3298
2289
1718
595
4365
1790
1545
4326
3487
7713
4616
9054
415
2736
9559
7804
3815
6846
644
1856
6080
4953
3078
92
7626
384
9686
1654
3653
2114
2980
2637
9070
354
3256
8739
6521
2038
1302
8217
152
5902
8621
6504
8965
9841
6588
6603
7138
3315
9329
7626
6106
1188
3104
8594
8067
3282
6380
160
5635
1150
1365
4812
7836
1388
2558
9602
2246
6676
1049
7227
7095
4997
8834
714
3361
3673
9749
1171
9064
2932
6572
9926
4846
8742
9705
6217
909
336
8013
4531
4017
9283
3058
6629
7616
3044
4683
1795
7190
7739
8678
3424
5953
1099
5867
1256
7926
6220
4517
8646
7278
52
5769
6182
7152
7748
9719
4661
2732
2398
9372
5716
2977
6469
1681
7628
7660
4716
2212
2091
7071
1713
8162
5692
9737
4947
2557
2181
4343
6141
3823
2234
711
2903
5884
6687
5668
9682
9501
5450
3
5185
2830
7767
1417
9303
4341
7477
4215
5291
4621
6301
4611
2136
3887
9571
852
3905
620
3094
2249
9154
6394
5825
3511
2385
5144
2308
2222
2627
1679
9932
5014
4635
1799
8942
2171
8142
6499
6788
1730
1970
8298
4558
8071
7445
2387
5834
7509
489
4412
1278
6929
8157
1639
929
4435
6391
5602
2921
641
6205
5745
2576
9930
4194
9370
5600
9804
4878
5245
6429
3251
3911
6446
1186
4815
4923
3664
7475
4704
5744
5504
3617
2849
466
1435
3949
94
2667
1197
5940
2003
5410
8087
2776
9266
7722
7868
8671
0
362
2952
2820
29
8701
1646
8156
2687
704
4508
35
4410
2681
9773
7685
526
1015
9275
2120
9980
1796
5614
7446
3062
4118
9638
2665
1427
2693
6289
223
4827
2616
8521
6317
2069
4584
1821
4896
1963
7766
5866
5870
7622
4568
6246
987
3948
3598
4410
744
3458
3043
937
2485
7119
1151
2833
4247
2192
793
1356
5317
9473
7386
8867
4636
4254
9181
1568
8035
5927
7282
9503
1625
2921
8818
5761
9258
8495
2684
796
6368
3252
9646
8930
7013
8067
4240
5371
5367
4685
554
5650
9477
4166
3141
5306
4774
8941
1119
7835
8441
2150
6072
2365
2486
5942
6537
2191
7363
2122
6917
1845
6675
8885
7784
6636
9946
7812
4540
3290
2299
3871
2922
2871
2274
3790
173
7602
909
1301
9234
6498
901
6862
1052
7530
1402
6305
2276
2679
3981
819
6701
9977
5383
8505
4037
2843
8758
3239
2008
8001
6457
3065
1583
2062
6528
7148
7781
3599
9990
9370
1850
5864
4747
2721
5329
8264
2378
2751
7668
9483
4297
9901
6311
5628
319
3492
2074
7925
1408
1952
4840
69
6083
6863
8908
8972
5508
2294
8403
3942
4934
9553
3628
9313
3472
5221
8460
8669
5080
8308
5151
3536
9998
523
88
5651
4623
7675
2282
6428
4634
3907
5183
5880
7470
1366
3013
5429
2098
5966
5097
4137
3871
3181
7083
7699
2584
604
6593
8380
826
6626
3816
1513
1054
3922
7620
1984
6539
6626
6169
1157
7640
5603
6338
8480
9279
2
8687
2204
7725
858
7052
8062
3238
7715
7083
9808
1862
7003
3124
8441
5282
9983
3571
2715
9261
8983
9487
5257
4215
3452
5467
1763
4863
38
8806
2111
7321
9478
5773
6374
5962
6172
2911
4344
8800
2518
4609
1773
4095
6150
4648
169
7142
335
5908
3114
9120
2124
1869
1361
5447
6429
2357
491
8706
1918
7004
8219
687
