6337
4400
27
4255
3171
3902
6174
312
7249
4497
5644
7655
178
8921
3722
9917
8215
8531
2321
1185
9728
5552
913
2767
2523
7649
4545
2765
3466
3245
3479
5080
9487
4853
3744
6141
7415
2367
5581
7251
1649
5518
8539
2422
250
2131
781
9839
6918
8909
9256
9550
9132
5179
3003
9882
7038
6258
1288
4191
5668
4971
2676
1366
8324
8948
3207
7954
3424
7142
8351
1446
2717
1942
6248
4245
8139
3605
6416
2577
6341
3378
3962
9957
7527
5392
7890
1438
9335
5250
1607
36
8226
4978
6122
2566
612
4161
6802
8643
8451
2952
4137
4341
9176
3293
3158
7928
2443
386
9864
9513
5530
2680
2075
8137
3285
3137
2474
817
9081
7746
6514
383
9384
7271
8271
9966
2385
6112
6405
4356
5649
681
6109
7156
4854
8392
6458
3092
6844
415
183
3754
5110
5234
9263
6751
4666
8034
2568
1813
3353
1096
7740
3765
8313
1837
3526
6465
978
4582
8166
904
1569
9085
9777
5959
9420
2778
8552
8685
2867
1008
2546
4359
7295
4772
1385
9770
394
9065
7295
2608
3802
8919
3770
8425
2299
2874
5875
66
1032
1734
3911
8099
2374
4487
5656
5395
5613
9895
1155
9158
5940
8761
2014
9142
3176
6243
94
1279
1512
968
8258
7412
7456
6067
4688
7104
3425
6896
8682
6039
4953
9396
797
4955
7924
5693
8694
2762
1022
5283
8304
6148
3763
6606
7694
9626
8326
8289
9089
3346
378
4884
967
1271
9584
1024
625
9181
5902
6772
1312
6611
6344
4900
4283
6625
9054
4993
8847
9937
9058
8179
5635
4650
7044
2290
742
3895
9340
8725
5688
6678
1747
1537
4674
6188
62
403
5506
933
2087
233
7799
5818
5178
699
166
459
9066
9799
7463
9164
8254
586
8575
8221
7131
4010
8282
1472
3278
2800
9652
7519
998
4067
693
4054
6396
3583
6967
9372
6305
8901
3989
9183
9602
6876
8178
4733
8538
4965
354
7631
5220
4828
9513
1504
5195
7466
7518
4203
3457
952
1676
6386
936
5294
2917
7259
3088
265
4403
8789
4654
1658
7789
5720
8533
6619
9234
2842
9635
3021
6549
5102
4987
3854
229
4488
2650
4662
2935
8475
5432
6512
8306
4931
1006
9093
9511
4334
1982
51
4011
6420
6275
2317
595
8536
1830
1885
9659
8295
9273
3221
4803
1966
3236
1906
598
1256
6891
2241
6520
2372
2040
1132
6523
997
1562
3501
4910
9507
3673
483
2899
1630
2484
9746
9947
7635
313
8373
817
7048
7313
4031
5663
2353
4982
9838
4449
1541
9217
6977
132
9578
8628
4768
6522
7212
3265
7114
4894
8365
2613
6028
3966
4215
3589
2285
2537
4973
4307
9751
8551
4288
5245
6191
1295
3900
6082
7014
617
290
4305
104
8193
2929
8289
2305
3332
9662
5175
5199
1019
9186
5847
8355
9601
8114
9114
4625
1970
2778
8375
247
9794
3027
4625
171
3687
7172
2142
1628
7636
980
1984
1259
626
9181
7281
6754
8397
5500
9727
7474
5417
7541
8402
1211
7216
3300
3942
2628
7001
4814
7290
3914
3573
2678
467
9589
1433
3611
5533
7494
3619
6942
8672
9629
1660
3298
8571
2616
1753
3356
5599
997
4957
7642
4890
3752
7246
9424
447
7896
5346
3741
6431
8483
3654
2140
4374
2690
5850
8439
1812
9368
8845
3733
8422
1060
2529
9620
7440
3109
4299
8210
970
2845
7529
1429
6820
4958
4752
3995
9367
9345
7968
9659
586
9542
3814
1930
2638
8966
8367
4090
6022
1908
3524
5869
918
8594
6263
4311
7927
271
3367
7169
7507
8846
531
746
7188
1906
3481
2312
7620
885
2714
8268
16
1192
8412
5412
1374
7349
8187
2122
2856
8128
4621
1769
836
3692
7440
7263
4977
3513
19
9726
1104
6683
8638
1853
4300
5479
2590
1116
2024
9734
2753
4805
1268
9724
3690
8125
1212
498
290
8361
3181
6063
7052
6030
1459
757
8498
1
7428
8344
4481
797
499
1418
4718
8434
1939
9937
547
3866
4552
2745
3562
1240
3371
1894
853
810
4298
3362
5592
6653
5241
8453
148
591
4249
4227
3712
3039
1171
7071
4006
6352
2786
3485
2871
3293
8874
7220
9676
679
3496
6882
250
202
7016
1754
7057
2286
2877
665
4961
9368
4113
8071
4042
5120
7129
9912
2558
5470
5155
1554
9813
4542
2207
3705
2589
8674
1895
5109
2476
9079
4397
5941
7876
271
5471
2077
8161
6973
4649
5835
9986
3808
4888
4168
1313
4534
5206
1481
1569
9538
7319
9829
1987
6825
4895
8065
1525
9606
8189
5527
6824
1981
4056
9670
3884
1644
7541
8802
5882
2269
2402
4268
429
6312
3170
8092
4910
7493
2790
1322
1915
8384
9028
5597
4276
1637
1494
5867
1265
7883
1361
1294
9299
9325
8912
5352
6
467
7789
2909
2927
9615
1372
3695
4664
8611
5780
9335
4037
5680
4315
3839
7378
2426
253
4285
6027
87
4776
345
6999
6246
8438
7615
6450
6940
7432
8272
8038
841
3276
7075
7125
7321
2635
6873
5030
4599
1346
6974
4553
6764
8330
6651
745
4197
5958
8457
4845
3235
6089
9008
3962
2251
4289
941
1481
7166
8628
6402
8736
899
4853
8807
1776
8831
707
1374
5227
2039
7583
1540
9103
28
8631
9763
3300
4774
6068
6965
7326
1276
444
1044
3182
6110
1493
3644
4283
4950
1895
9505
4585
6547
5917
6605
6756
9093
8936
2770
875
4823
223
525
4459
3797
6566
5339
2743
8527
9210
742
2401
4438
1255
3496
3064
804
9510
1473
5134
5704
263
5987
4740
238
4774
841
3140
4621
6269
8440
2106
5450
8630
2430
5073
9179
5083
2743
8790
5829
3821
6927
5339
5782
9245
9105
9450
6287
2009
5870
9027
7689
8614
5098
5732
7401
3527
6592
6693
4366
9240
7477
3789
8182
2249
922
1956
2897
6650
9595
2613
6909
2080
5044
4479
7472
8305
4676
1402
9492
7953
6377
1793
3453
1546
9723
3407
6950
3393
4021
5002
6026
731
3101
6023
1470
5372
3765
5880
91
9271
2682
313
5289
2023
2458
8627
5303
936
1107
1930
6664
3683
4246
6842
8503
5509
7097
2377
2171
1019
4364
4296
9653
6667
228
5916
5526
3810
2803
5091
1614
9206
3945
8469
2639
8023
3636
7993
2240
2391
8546
9856
2429
8754
7079
994
7276
9516
1994
9540
8506
1222
8874
3555
7524
9485
9198
5984
3890
6239
8841
8279
8589
3418
9964
9133
242
8627
5990
7685
1022
4528
3207
9327
6617
7235
3746
2831
1743
1075
1488
4181
6185
4376
7953
2894
1291
6819
1006
183
9062
4616
2858
1945
8765
2505
1111
1493
8357
9808
8708
1100
4966
2840
7412
7756
510
1000
1258
7283
6373
8926
9488
6593
6107
8468
8663
6414
3645
9682
2345
6565
4022
3856
362
1260
5538
9701
1373
7441
8558
289
4387
5858
2299
6835
494
2361
2738
4840
2739
9106
7617
5473
14
9755
6099
255
2416
4039
9966
9502
2147
6622
4166
3419
2206
7205
9711
5779
7027
4757
9360
5930
8246
5051
3282
885
1033
3244
2711
3556
3842
6370
3400
7903
6718
4951
3959
7452
9278
5804
835
2890
3344
4087
5130
734
8281
1672
7577
23
2334
678
4014
8768
8385
7514
9918
3841
3592
8711
4643
882
250
9989
7005
3470
2915
3145
3690
6496
3287
5266
9936
1500
8963
8531
1974
4764
639
5192
2547
5333
2191
1063
8766
2534
5385
5988
6692
7357
1393
6320
57
3094
7151
4095
2037
6288
562
293
7583
8510
4494
2653
2952
5143
7905
1126
6014
5066
308
8170
7825
4817
7357
9131
7859
1889
2945
8077
9304
8380
4294
6042
2636
9971
742
2710
9892
6411
1631
304
6908
1786
9192
6065
5376
5534
1406
8852
310
1931
6237
5554
7913
8863
266
8040
9953
8948
5165
5912
7133
7649
3788
8329
7922
3037
9122
7932
2765
6769
190
3692
1268
1529
9576
3489
4955
3175
6478
6401
9155
2835
2525
6899
5740
995
5995
4786
5755
7299
1217
8618
1943
8722
7639
9714
3582
9513
6855
6325
244
632
8771
5647
2795
702
5362
1921
9534
8500
5573
6401
4455
8215
488
2578
6065
1505
5844
3355
9895
4131
9362
6310
6667
289
1658
2359
883
3418
6217
1415
366
8690
5313
7212
9141
6381
8362
5415
1164
1706
2150
9225
1527
4490
9011
8082
6937
5277
3225
7448
7528
2551
1187
6769
429
1731
2074
3982
5799
1444
9533
7892
8031
4900
4525
9399
6710
8843
2661
2116
5738
2254
2598
6652
6247
9937
7024
6361
395
1978
1230
7038
722
5796
7768
4591
4464
4668
5851
778
2253
4348
9830
2064
3290
66
1579
6772
4450
6284
7750
239
8891
7042
4057
9454
3628
5231
3333
1769
9337
1261
6278
8016
5929
7853
4294
1251
8056
3280
7953
7886
4057
7445
9064
3072
6867
6064
7519
1383
7069
7811
97
3834
2836
27
4819
9907
3032
4009
8566
8534
5383
4107
5078
4866
289
6919
8495
1299
8075
5091
9392
5697
2639
4052
3719
2104
4864
6865
6060
3221
571
7348
6602
4922
5816
7933
5352
4575
6705
8098
2709
2597
5754
3638
2386
8184
910
6212
5657
1088
9338
521
1275
980
1698
6140
9736
9676
6914
9259
2103
5729
5456
6755
9318
2595
7084
6331
2715
8374
4937
7358
6536
4314
4645
7491
8301
9814
2852
6683
136
9313
9531
8438
455
5628
5768
2402
2238
2799
831
9553
820
5134
3056
4581
8408
8472
1796
7355
3841
9725
3605
7842
8611
2777
9165
3430
9197
2832
1159
4365
6287
9128
4130
2238
4008
1982
8404
3785
7166
4678
4347
8086
1975
9186
7775
3774
836
78
4947
6016
8430
6166
6586
9025
9832
9109
7062
5443
3588
3611
7819
9633
2129
2890
9394
4628
8018
2237
9818
8885
5946
644
8746
8784
4820
5361
9761
2449
2015
6921
8061
3437
5430
2951
5946
4895
5453
2323
2531
2270
4343
7914
8308
3800
1605
378
6320
238
4249
1740
6846
3291
9368
9455
9726
9345
8350
4829
5242
1858
1164
1788
8567
8824
4540
83
7963
4113
853
8742
3000
4651
426
5425
358
1272
6860
1389
4544
5166
2064
8001
5060
670
6251
1641
6382
1886
2010
7531
9182
5397
9759
3804
9093
227
3877
6110
1375
3899
324
4804
8587
7582
4032
7364
8534
1748
2652
4647
7076
5177
5532
7360
2272
386
9560
6870
8348
2331
9052
1376
3713
2239
5452
6700
7690
2035
6565
1308
1596
5007
559
7070
7805
6826
5502
6183
8454
7153
8200
2843
4179
9075
6593
1963
9719
6988
3666
2955
9308
380
3176
7951
1592
8356
6376
8849
6219
5036
4176
194
8917
6660
2553
4811
3380
5029
792
3758
4939
5794
3732
2110
4415
2481
5299
4280
7339
5280
4461
1980
7731
5397
2161
5068
2853
3927
1862
399
5067
9554
41
9906
6189
3499
7270
1549
3364
193
3202
5438
9801
3948
3669
3156
7548
9621
9765
3801
5793
5377
8861
3612
5716
170
4092
5819
6365
6380
4362
5690
495
1977
486
1570
3466
6154
7962
8233
2352
6467
8480
2457
5445
5746
1790
1424
8271
3635
3196
340
2573
6179
9863
1
5204
5183
5037
3520
7285
1576
6969
8309
4794
6373
265
8341
7391
6533
9898
6322
717
7424
8773
213
7041
3064
3859
8791
8124
5713
5084
1404
6739
586
45
9740
8519
760
2840
9647
5887
5214
6597
1429
5425
9242
4167
8319
1200
2254
8505
6141
2990
4218
3607
437
8883
8307
3176
3469
5542
2050
8665
4277
8568
5483
2518
2484
5456
536
737
8477
5824
1442
8309
2541
4135
428
9299
500
5952
1100
8571
1502
744
4486
5112
4637
125
7190
5474
3205
6801
5866
7959
2179
2414
5354
3011
8027
4707
101
1547
4717
9293
3577
7994
8066
8833
4462
707
4649
4949
9312
6453
5945
6382
8952
4876
4146
4708
774
3908
4932
2386
9004
8361
667
5434
7834
8474
2518
8998
1681
3451
1490
7976
6486
666
2360
9906
7942
3081
9744
5858
6272
6042
8897
8597
9460
1401
2374
7021
5734
8931
1358
4253
5070
468
687
7633
2079
9518
7256
1978
4689
5525
9554
2663
6494
3592
2947
5647
7462
5930
7167
7787
1952
6798
3450
7105
4029
929
7327
2682
1994
961
6582
2981
2146
8268
3893
5061
8125
3139
7318
9653
3258
3917
385
9580
3204
4088
9206
7660
3460
9306
3401
2420
8162
2837
7706
5269
5913
9017
1727
3313
5895
8756
7969
9599
1517
693
9888
1643
1769
1870
5476
859
7054
7783
625
941
6701
6622
117
8892
4738
6636
8418
9281
2589
2324
9491
7541
7915
8053
1644
1701
3424
2591
2322
1758
3267
5650
1268
7800
7735
7793
4309
4031
8962
4918
1223
8428
443
8351
2630
3539
661
1766
2638
4934
7426
1438
7481
6550
6246
1993
841
8377
3578
1127
7503
3639
9768
1064
7893
9454
2954
7587
3358
9510
1450
5391
7928
1839
3317
3838
1787
5110
9441
3098
2273
5495
2695
7831
162
8652
335
8808
922
1299
2728
5918
4697
6685
512
5691
6120
3843
1654
1477
1891
9891
873
7574
2951
3497
4413
6447
6201
697
9626
8301
1488
4840
6864
5012
6592
1018
7835
3800
9092
5045
8990
554
6951
2997
1183
7759
7391
2186
9744
8637
4007
379
341
5822
568
1341
5207
807
3267
1775
4036
6115
1997
3421
9440
7976
679
3412
8284
1563
7113
5013
8545
7311
3067
7923
7849
7160
3552
1734
4651
8382
5583
5554
5105
5965
2127
9681
2839
873
2558
9325
1362
2367
2190
8314
2635
8007
3357
2576
1847
9637
2351
7478
9380
6671
3994
1529
4322
3577
4222
221
6219
8748
7327
475
5568
6085
6880
9432
530
4601
5310
1830
2106
390
6518
5507
4182
5077
9332
4815
2240
940
5545
3708
8620
7200
8232
9278
5581
2631
4541
3329
5765
6155
4138
1978
1064
7947
9392
2502
8283
700
4790
4894
7711
108
6041
844
6388
5767
8096
4855
2971
5042
2555
890
2812
853
1608
2644
9904
3622
2273
2680
5372
1760
9765
5252
299
6291
65
4718
1799
6324
2763
7387
1076
3413
1259
2265
1881
8784
2215
8428
7644
6477
5417
7110
8152
5938
7839
8687
2461
5978
8926
6021
8053
4174
3044
3996
8926
656
7785
3718
6825
631
1425
958
2286
5509
3265
4351
4650
3300
1627
8289
54
9998
2903
2195
21
5644
8048
2532
330
6486
5641
1451
8963
1706
4154
1655
4726
9672
9195
9153
4678
4681
491
4334
9362
655
6237
8624
474
296
768
2219
6463
3004
7690
9909
7990
438
9184
9607
8969
3472
6740
3984
3962
6374
1516
5977
8021
5037
1979
3267
4961
3548
7870
4620
3154
7528
4741
5345
5486
7662
3596
5390
1305
5722
4788
9664
9072
9684
9635
5259
3759
2570
6293
1543
991
7448
2222
3829
3488
9860
8429
8256
270
3974
206
559
2803
2628
6828
4710
5753
8316
7520
7292
3322
9371
3883
3224
3862
3611
3741
1557
1248
7689
5855
468
8790
4995
531
7584
2475
336
8421
5884
6466
6794
5934
217
5465
2487
1942
9412
3360
9366
2803
5996
7700
6004
6578
2689
9037
4366
2561
5928
3568
8032
1702
1531
9377
2828
4368
4333
5897
4487
5384
2123
208
445
9155
1438
7288
5557
1927
7677
1622
6046
2615
8592
652
9705
7549
3471
39
8369
835
9688
7971
6789
8655
3568
9638
5238
6232
6801
3184
9643
1801
273
3005
3842
8849
5795
5140
9377
3187
3895
4911
9418
6545
2620
823
1357
9665
2326
2827
9640
201
299
4253
7642
2444
9383
4905
8533
7648
7087
2483
1585
1227
9234
9004
1149
1483
827
4176
2016
5599
1604
4096
2606
8677
1109
7591
6662
3952
5658
9450
4296
8597
6210
5281
5652
1507
8452
4349
4477
1548
9276
6229
4317
1604
5666
1873
7810
8150
9435
6034
2310
3517
8666
1052
4316
8982
223
2689
1238
7183
3823
6347
6148
1340
2612
4597
3254
9894
1899
7430
4067
7376
7707
2444
1362
1688
5765
7313
7526
7797
4727
284
8966
707
1963
9735
7258
1049
9709
5065
5458
659
5833
6463
5232
7569
5426
5355
7926
8795
7792
1337
6858
7775
9521
4906
1350
9465
8351
6543
3195
2285
7554
1796
8470
5604
8877
7270
3019
6897
4195
5410
830
1071
2636
3148
144
121
7843
9865
6726
1061
1543
3001
2390
1518
5569
2020
6187
6396
2037
3408
4343
9298
5857
1484
1032
8740
1938
1469
9955
1651
9862
1106
701
2695
1741
7877
3305
7128
6985
8705
4395
9624
276
1291
6219
9904
8432
9838
4214
2950
9113
8119
6622
8024
3991
7561
6977
2264
7552
5790
7543
835
4794
8252
4277
719
2302
3519
2862
4337
7704
440
1033
5401
6763
9186
1822
1291
7729
4716
2426
5242
2704
2728
4147
4578
8328
864
1301
4322
2361
5199
7386
8341
8354
4115
488
4012
4260
8477
3748
5513
2741
914
7796
5434
9216
2482
1570
848
3609
7426
5565
268
638
4056
9450
9125
138
6339
5015
9192
9219
3108
1632
7148
2355
1005
3290
4560
8755
6500
7261
852
5667
5843
3247
529
6055
3072
747
5622
7404
548
5905
9536
5160
8474
8023
6516
1214
8615
77
7804
6209
2864
749
7885
3136
1756
465
4465
1776
9255
9807
6181
887
4879
6656
9473
1124
8751
3598
9535
8701
2726
43
1290
4080
3203
2238
1333
315
1711
3929
1188
5270
3031
470
2843
6254
7333
3024
5138
5437
3498
6509
177
7493
8842
3833
862
1996
8420
6750
7216
7824
796
31
8430
4123
7574
4580
905
2338
1201
2912
7955
2120
9102
7278
2555
2208
1580
9754
3111
6143
4786
7628
6012
8288
4904
5454
9884
7905
3938
3855
6956
954
1481
3265
3137
5582
3640
8236
9223
1962
3216
2709
238
234
1576
8473
8513
9243
6325
740
8868
8491
6594
5262
4665
8076
348
501
3391
5240
5485
2198
3304
3487
7315
372
9078
7403
8508
9835
6929
1909
3071
5774
9079
8016
5194
7132
8576
8946
3508
6833
3357
643
575
8393
1725
9135
5228
416
3708
7253
6282
9445
5144
9682
2124
5501
320
2776
4134
4131
1260
135
868
381
2739
1790
6295
9882
3117
9994
3197
7159
8342
989
9516
6321
5852
7450
5354
6628
4373
4029
9996
738
8127
424
6281
1904
4997
8663
4507
714
8555
5301
1169
5719
8231
8328
4851
3095
9132
8215
4980
6344
8084
603
4957
5032
5321
51
6892
3253
1792
3026
88
3089
9634
8340
5039
1681
2153
3134
4622
4548
6579
3042
3308
1312
7526
6977
9347
2023
8865
1148
3484
5065
1210
6307
9527
84
2585
1214
9652
8695
7056
6362
7505
6468
5509
9146
7568
1763
4286
5823
1443
3123
2248
4051
4007
7067
8756
2959
8090
1055
5455
7165
9851
7742
268
6695
8269
5240
8671
6926
1735
541
3673
2055
4651
1393
8379
8464
7329
7708
1065
7824
3135
4621
4574
4844
4151
366
8565
3093
4189
7730
7690
9087
6515
7067
654
4173
1172
3033
193
2008
7593
2061
4655
2271
4187
1307
6810
4983
7606
3726
4399
5780
2853
917
8424
4928
4352
2011
5677
9991
6143
6116
5304
4118
7130
276
1684
7384
1983
5546
785
9951
9198
4825
8902
8100
1396
6870
6979
9926
3906
5933
8195
5406
6346
9839
2682
7475
7366
9095
2097
8553
3989
9482
5259
165
5074
1436
6098
2219
9042
6303
2323
2712
634
8342
3555
3228
3963
583
2493
7439
2347
6431
6777
9092
4113
5792
3690
42
125
5909
5523
8351
9041
4903
6823
2944
8992
9816
6301
524
7938
3324
1516
519
385
1223
9161
3193
4627
1553
2122
6694
3140
598
6229
8457
79
6923
8618
1625
5449
9067
2921
2782
2026
3647
7506
8652
5160
8988
1864
6558
6994
1397
5456
6094
9622
9361
1756
2593
5584
8584
4734
3168
4656
4280
7915
9232
1175
9844
5886
2339
7021
6075
1782
456
4929
5254
1550
6477
4990
4715
8102
3861
4711
3631
9715
8084
8447
9417
7760
8007
3191
8129
2286
7968
3413
1479
7760
7327
8029
6303
7276
2269
1215
3530
7950
5250
1932
7393
8223
2086
3014
8043
6045
6100
1796
6941
8104
1595
5167
4593
6601
4142
6171
5023
9870
8107
7333
1943
6758
41
5622
5521
1798
5642
6769
1596
7494
3056
2303
1299
91
8252
4
9054
7121
5745
2317
7636
7812
6999
9065
6669
875
4076
1297
6326
5714
3061
6005
6558
2659
2114
1397
9421
7488
9583
5913
6213
3376
5430
3437
160
132
1042
8460
1241
4644
367
7815
1750
8906
6797
802
7747
1403
4340
9180
2410
941
2273
7738
4382
9354
6798
7934
2712
8608
4671
9689
1240
3345
9001
7498
7677
6014
5853
9457
2079
7323
9346
405
1145
31
9793
1711
1637
5227
6937
5521
6688
2932
8003
5366
2092
7311
2833
8486
9380
8056
2655
2838
9274
9102
6363
1851
5100
638
4416
4697
2326
4971
5630
9788
3281
7655
7926
7074
632
1345
4449
7059
1643
7499
6416
8990
476
9958
3614
1665
2279
6140
5154
1124
4159
2090
7201
3219
7379
4296
3536
9910
576
4471
2359
6543
7696
7862
9473
4656
32
4784
8287
2982
1615
6549
4012
9222
6162
8403
6859
3458
1828
6322
9517
1863
3115
5977
9136
2806
614
1216
2913
5230
9378
1603
5489
1091
7116
3455
1253
989
8865
172
5575
4687
6609
9031
8650
1009
6625
3867
1867
4877
4160
8252
8372
5011
6913
351
7034
9737
9559
8793
6582
8803
7424
1235
1280
4475
7960
2791
9094
6300
5790
1081
8237
9233
1779
5605
9567
9733
3263
3041
930
4102
6621
7790
6330
6636
7911
8401
4628
7216
2668
6616
1555
9130
8830
7963
4248
9275
8184
8385
5418
9219
5660
5084
2597
8320
2539
9298
9278
709
6798
7512
1173
2498
7185
2429
5795
2005
8703
3921
4723
7949
5545
753
9261
3351
255
7823
8349
6936
65
4546
7778
9173
1263
4583
9299
961
2637
2595
5292
6372
5218
3414
5814
1477
400
7469
7348
1876
654
7845
9817
7830
3568
8903
4999
734
4168
1396
2963
8869
7478
8430
4661
6677
9371
3488
6443
5448
1499
635
2892
7688
6065
5951
8698
5938
5356
1122
1809
9468
2919
5856
6860
5103
3063
3519
6550
2931
77
4333
4942
2086
5419
1064
1156
8617
9267
9530
3169
3943
3611
7887
8675
7955
3821
6981
2837
3149
2907
7663
525
7808
7696
5525
2286
2379
7041
8492
8222
5786
1778
8334
50
1440
501
8965
9318
9651
989
9721
9033
5556
6208
9299
1380
8010
715
3837
1147
3610
4080
6809
6524
1413
5147
9131
4021
6030
3138
9219
2978
2502
810
4139
3988
854
9910
4905
1917
7673
9691
641
4775
8387
8191
3979
2660
9233
2751
5660
2272
1950
3152
1140
9299
2928
5373
7747
115
2893
2479
8120
951
8365
9579
9432
1046
1165
4996
2919
4525
797
674
5382
6303
8167
59
6058
4199
780
3613
2853
361
6973
973
2451
2214
3971
9242
2914
2462
7995
9787
6239
1568
4114
9735
3481
9645
8840
1555
3284
2075
292
4181
9917
8053
9652
9528
789
7599
4623
4744
2300
4392
2810
253
9803
5432
259
9781
3101
921
1485
906
6651
9234
7096
3875
4675
9149
9420
9333
9972
6186
450
1674
2473
1453
4479
2762
2415
9555
1982
9654
7333
6178
7337
9332
3791
5118
8916
2564
8807
6855
102
4144
2192
5456
5796
2498
3976
7083
9132
3520
8074
6287
5339
115
573
6412
9067
470
3629
8021
