2966
2243
4742
7900
7769
1176
4059
511
6570
2544
3597
918
9249
1203
1662
9865
9333
7568
9209
7627
3222
8193
5660
9727
7721
9930
1361
1366
2417
251
2455
3751
1654
4853
6354
5592
1605
2201
5083
4377
2644
732
6517
4192
1536
727
2846
8446
453
3514
942
2353
5609
7760
3823
2403
8405
8238
8264
1087
4465
758
1256
1267
6363
9896
2956
2801
5940
1607
3981
2736
1527
4009
1001
2720
7479
8760
6140
8443
2788
6455
8874
3974
2233
5054
4876
7623
117
582
7573
336
5956
5072
8608
2185
7401
9647
312
6652
8474
3654
1027
2362
6360
2204
1116
2619
1834
8844
9436
2595
7893
4729
5844
3311
362
2383
8057
2447
2060
3620
2364
7470
9708
6062
1445
1964
2723
9038
3819
108
4267
8730
4531
5705
7018
8520
9539
3156
4988
1669
3762
3481
7485
2278
4894
6592
1504
1446
1064
1503
990
1375
7376
8428
1342
2932
4281
3599
4333
1546
1321
8998
2107
3382
4640
5235
2850
5425
1634
1520
643
4937
5954
6483
7582
8737
6012
9692
9054
9993
9407
235
2096
216
2070
5694
3102
6373
2482
2568
2044
7189
6710
7166
5309
1887
8334
1867
867
1628
2876
3187
3057
202
4256
8644
9167
671
1044
3304
6570
4698
9729
5735
8133
5989
4418
6218
8288
9863
307
3306
67
2454
6005
759
2855
6713
8369
2964
6753
5611
2646
272
8524
6780
9745
9856
7986
4818
2936
8967
6470
9134
5299
5479
5121
6713
1847
6721
9752
6092
2048
1369
3670
8670
1643
1461
1179
8632
7053
7012
5104
1205
6900
891
6534
8997
9864
3466
8987
6129
3036
1438
3016
9720
3591
7167
5225
9176
9274
7978
6297
5081
5246
5241
5018
563
59
3453
4670
9375
3159
3390
7894
2411
2489
6633
5860
8599
3193
4616
9902
1325
4614
3808
1250
6894
2387
6468
1728
5702
8879
9046
8681
8241
6991
4894
6370
424
7482
6611
5749
6772
3537
6118
4868
6627
4138
6318
4106
5239
920
829
8640
7387
8072
8834
6441
7778
5257
5048
2139
1976
3321
8844
682
5066
9609
8924
2467
7985
1852
1546
9186
7705
9761
3519
1232
2656
5770
701
8524
3753
9417
3981
3349
976
5094
5847
1377
5961
5567
6384
2317
8817
2461
4846
5314
358
1182
7622
2976
3218
6469
3718
2362
7330
6762
4687
2797
1574
8959
1706
5710
5041
6944
748
8175
5471
9894
3876
2398
7238
2568
1041
7099
9478
1758
6416
3267
8554
3700
978
7773
8352
7064
205
6113
6117
6368
2681
5712
5097
9498
5179
7156
1986
3218
910
1701
8957
5865
1165
4100
5295
6952
541
6408
889
4178
5271
274
3178
3342
5315
8639
9294
1545
128
1515
2068
2151
9121
8940
3278
8274
6401
6386
8850
2161
7783
120
5357
6518
84
9127
8758
8500
1785
7864
8672
1066
566
7524
9738
1905
8510
2026
1681
3166
9510
8203
6437
9860
107
2390
5928
2953
1971
4651
2179
6707
7323
7694
3683
5455
8448
4059
9008
7646
2634
3936
6910
6413
5714
7339
3757
2255
6549
2704
9035
6361
2608
391
5434
1993
7995
4145
3499
452
4306
6453
9657
5707
1246
59
7731
6169
1619
2019
8673
5628
4386
4771
7224
205
9695
7452
9544
6814
7853
3079
7442
3183
5797
8066
4487
5260
8149
5105
6156
1047
6165
6322
5066
1261
5172
6689
9426
8056
81
565
7917
3953
6503
7333
8017
3407
2928
4059
4095
4528
1514
6083
3145
7123
3334
1423
9442
288
6141
2731
2302
549
9677
3543
3880
2622
786
8935
5186
4127
640
7235
7895
4209
4443
8331
7613
1783
5881
4539
2550
6283
9776
1975
8549
8346
3098
355
301
6105
1687
3138
3541
1427
801
8265
2280
7680
5722
7198
1610
7651
7537
3906
9300
3680
3396
1817
2976
1592
8464
4242
8912
7986
8083
5895
1145
1720
5842
3651
157
1339
5863
8650
7206
3748
1939
3658
6798
345
1121
2748
4859
3191
9098
6231
6184
4818
6069
5857
8671
2247
8502
2115
3731
9385
8295
1208
5305
5440
8197
417
2886
5723
4929
7352
4499
6957
1735
4879
2782
8075
7851
5973
5851
4817
5103
7156
2167
6060
6369
8474
3293
4359
3025
401
5153
6789
2433
1837
7129
1511
4597
402
6156
7371
1081
800
6082
1474
6818
5964
7147
8012
9452
8444
6445
5058
5219
6606
5573
1904
8094
885
4254
5821
3909
9537
719
4344
8515
6619
6622
6817
9302
5594
2258
9425
9939
3732
8807
1943
7879
7173
9131
8799
9161
6709
485
913
7227
7001
4245
1636
6671
5432
1926
7741
9973
760
9696
168
4226
8181
5627
513
4653
5181
2365
704
2132
6539
836
2191
2171
2029
2496
8297
1076
2724
3959
9904
5354
2105
7404
955
6855
9863
6602
1114
8982
5672
8858
4552
7267
3839
4980
380
3870
3807
2385
5724
1614
3238
8735
9134
6946
8458
2095
7804
7043
3311
136
5764
4885
3729
5422
361
6316
4532
8461
1593
4203
8118
1631
1260
7176
4670
5533
1718
1164
3875
8466
489
8086
3291
4827
7450
6351
4207
4715
5822
504
7063
1931
3232
3103
4343
2991
6578
5985
4213
3187
1342
1817
1254
6100
5496
4663
2005
7579
6962
9915
4927
5988
4939
1680
7038
1933
9541
2103
5423
6042
4801
3368
3122
8309
8138
8397
8478
6562
6954
9002
3502
7761
749
9236
444
5437
3072
642
5752
8609
3509
865
2470
8202
9414
8913
2129
9320
3572
7613
8576
3662
2715
4312
9155
4392
6339
2994
4633
2476
2438
4667
3442
1898
6409
7918
3244
7181
7193
1022
8380
5827
3891
3903
7531
4713
5887
5499
7371
6032
6794
8597
4708
1724
5039
1034
255
4538
8082
9267
7742
4769
7177
6391
8918
4258
3430
9806
5210
7786
2789
2016
1541
6182
6047
1643
8371
9605
3209
6788
3901
8137
2348
3492
560
1639
6017
2196
8937
191
393
9668
9423
4613
7510
196
2668
653
8602
4598
4553
8582
1178
4842
6598
2909
3246
1177
3859
5762
8072
9646
957
9703
542
4942
5800
6197
6694
4120
9701
5161
8285
7528
1505
380
1363
8021
6555
6080
1527
2538
1807
2550
6859
1906
9683
5004
8564
316
2653
2483
928
3726
2751
9583
8067
3798
9696
1608
8704
4476
920
4750
6961
8787
168
3801
6900
2526
5668
7934
146
3455
3742
4397
8284
3307
1344
7799
5492
3785
278
6590
1141
4185
9798
36
5344
5953
9436
3781
6469
8963
6950
6881
9994
9050
9576
4049
6171
355
7117
9275
3534
361
4060
9425
1585
9288
3683
2003
6627
7667
2258
6821
6283
5665
3254
219
7337
8162
6128
5360
6216
3088
145
1670
7564
753
9781
7096
9917
6888
1530
9756
9776
7547
7515
1364
1103
3023
2893
3715
4964
31
2181
7948
7959
7612
995
6230
7777
3870
2320
8749
8813
8841
6752
1122
794
7419
1539
5570
9935
5809
1118
5652
300
5945
4464
6171
4632
4867
5652
6555
9500
8049
8659
2089
1644
8269
1170
4011
8877
3561
5439
2607
6600
7265
8228
3608
4137
8029
4326
370
6372
2866
461
9319
1173
6633
4127
7498
9122
2359
7259
3952
9919
3179
9919
3118
6830
823
5735
686
5265
6870
6403
9867
6045
1467
3619
3068
7757
3066
2209
5486
1648
9040
1019
4233
9792
7004
7580
3652
4736
8049
1863
5301
4641
836
7295
7473
8353
4592
1461
6993
7872
5577
2382
3685
3328
4589
192
2994
4057
8790
8458
8088
119
7901
382
271
9601
632
3931
7055
1126
9412
7147
4046
4309
7422
1877
7235
8153
1179
7280
3578
415
247
22
5857
3990
4554
528
5135
7986
6023
2467
8436
1789
1438
1463
924
3723
4257
688
8957
9496
1188
9211
9759
2288
6317
5351
6651
3498
4603
1805
7420
9346
9507
237
4115
8210
5670
5990
3798
2428
670
1778
5752
8934
9127
1852
884
1219
6698
143
4643
4858
7109
2044
6605
3301
4758
6823
7532
2120
6534
4479
5771
1804
3923
3464
5406
5687
4181
3127
5948
3594
2418
9241
8486
423
1948
7824
5435
6844
4904
1707
8612
4209
9323
4353
8507
7321
1677
5722
1609
8408
2783
7850
3068
6226
8856
955
1831
9676
5259
1862
7715
2577
5284
5149
8804
7187
1410
3784
1974
4252
2735
1210
5654
4895
1113
8287
2589
8768
901
564
7191
5437
186
8883
5218
7304
3688
170
5266
5202
9484
5671
7521
5829
9867
2754
8756
2557
7979
6503
888
7285
7009
3438
1771
6074
5301
7401
8376
1086
5187
5673
6538
4539
3114
3150
513
6305
151
4457
867
9278
6044
2735
5865
2873
3801
6988
4186
7531
3708
1953
1014
4715
1701
5165
7608
1429
9586
7331
5262
1094
4922
2829
6469
8006
4837
9133
7102
9394
536
476
3981
5045
6495
4353
7824
2818
9442
95
4924
769
6154
6123
5394
3075
4797
1545
6065
260
7700
9362
8454
1421
1182
4516
7118
6498
5806
8934
7900
9422
5968
6134
3109
2745
9705
3650
2344
9044
587
5999
2828
1761
7175
3833
9986
225
3309
4759
7002
2667
3727
1290
2353
9190
1573
3986
4727
8772
4905
4493
303
5851
5490
45
4511
2624
7358
7765
6135
4578
184
7936
9519
2385
5049
6941
7945
6073
8378
3323
2614
4047
1416
4829
1349
2662
5136
9499
5301
5166
9514
3989
5099
6250
627
5140
2863
8301
8882
6686
7745
2817
2364
3877
3977
675
6866
7982
4156
3086
3800
2697
8826
4498
5713
8434
5476
2369
9926
1858
3372
5174
4069
5522
8421
4994
8054
30
3433
9492
5049
1106
4728
7172
1947
2516
6174
7581
2360
7517
878
9493
7354
213
9242
7546
4703
1242
2533
7498
3288
7069
1359
3487
4478
5433
5599
5413
1392
1008
5024
5898
8295
5972
5346
5121
4618
7039
3153
402
845
5296
7155
8625
1220
5891
3354
5658
5654
5147
473
4886
5757
8510
7012
7165
3049
381
768
8200
6516
5439
7145
1505
9008
3065
3346
4010
9037
4060
8567
4742
2167
8650
3119
1768
7771
5686
1773
5078
6058
1640
2614
2441
7655
6122
2253
5060
4682
5827
249
9631
583
9309
7816
2767
7592
1028
3757
7491
7991
8445
68
3149
2776
9280
4279
4571
9859
8868
9369
1922
4063
8662
5007
5990
2010
6998
8223
2952
2629
4622
8864
6973
4572
9007
3841
1654
7092
4553
7173
3713
7580
5063
2860
6732
5686
4581
8942
5905
2959
2288
9072
9474
1322
3864
264
1506
6539
148
5501
4462
110
1186
5560
70
1304
9961
8199
5420
6998
7245
9520
8856
1106
8446
8403
5349
1908
5470
8456
396
4516
8909
8183
9451
6989
7187
726
5345
7469
7273
4989
4025
8666
4724
5605
8224
2511
3151
8831
8404
323
115
6786
8652
3690
5590
9276
782
1301
9694
4921
5169
549
4048
3457
815
5085
2426
9964
5270
9605
4057
321
3068
731
4503
9276
3373
3140
2948
6429
9731
8336
5520
637
656
1483
8435
2844
1178
9375
9881
4550
3923
6759
4925
8692
804
9359
9057
2686
2198
1879
8407
5534
1773
7878
2416
3584
7634
2011
2014
1861
6699
5727
2135
3479
3689
2662
553
9191
1181
8085
4244
1330
7911
6893
5353
6626
669
2325
8589
3104
3669
5622
7337
9672
9439
575
9234
5909
9714
649
1168
1531
5698
7093
5501
6403
9914
2898
5275
7041
4283
9883
3906
8913
5201
9260
9014
4160
6462
6532
3745
6039
2630
4550
9026
1234
5159
6443
4625
9727
4050
4690
3485
738
5418
199
420
4565
5720
849
1551
3005
9097
1172
5592
9160
7781
6855
3417
9186
3596
2577
8658
6614
1470
5709
3525
2274
8727
9900
9106
4131
2470
8185
1610
5791
1113
7031
1635
7346
775
8119
7719
8816
4073
5366
937
6330
5878
9283
4325
6267
7257
8526
8243
3634
6897
6716
4056
1386
5637
5847
5976
852
6562
2243
3884
9526
3858
1515
4587
4173
7770
2905
1257
9998
8033
9940
9401
8747
9432
6404
3440
7457
4971
1505
1288
1421
3714
1145
8829
9183
9476
3793
728
5078
2697
1971
9093
8411
8153
7717
9059
6890
8454
794
2663
6299
4676
5794
6733
5167
305
1197
3037
6550
1236
7036
4486
5469
4854
4792
7929
2532
5703
6012
5029
3774
6943
1405
6394
2114
5475
5787
2764
5902
1295
4671
8966
4379
9126
4260
9048
9563
6099
3282
2911
8479
5258
5141
3952
3717
3953
5612
1664
9519
6613
9806
3459
9679
7914
7687
6559
2766
9810
4607
6060
1228
2601
4604
5146
4961
6699
5470
6927
7906
3090
4488
3340
383
3456
543
1211
826
7830
1722
8567
4114
1055
1081
4135
9981
4092
3219
1224
3172
1724
9479
1206
6264
3047
8596
1399
5074
9239
6260
5941
7016
7940
1427
5878
8636
6955
8685
314
6190
5162
3061
3920
6978
3722
1091
1956
7020
1929
9781
4281
8232
6420
3814
4495
7398
6717
2379
8321
5570
2607
250
1918
9874
267
9990
994
7544
8317
3157
7665
8599
464
9362
6047
5971
955
3550
7503
5681
1943
626
7622
4493
2093
9503
1178
5515
961
9254
9004
3733
917
2996
2511
4883
5083
7109
5429
3192
5148
6218
5685
6521
8862
5429
9610
7384
8804
6800
6923
6207
5576
4525
5506
1977
9454
1304
428
2282
8757
7081
7036
9406
3823
2022
4444
8895
4074
4181
5441
720
8346
2495
1881
8550
6165
6240
8420
4055
5867
9995
3692
6538
2896
8747
3155
9534
712
8004
8632
8455
2846
4375
9653
2562
4064
36
8007
1354
8746
1530
9787
3091
7229
1322
4466
5028
1500
6794
8912
4322
2835
2453
1367
4663
5525
2095
4907
8961
688
9495
7314
9670
6959
2741
5978
742
7116
3154
5350
4089
5007
7239
9527
6951
7544
9406
2563
9814
773
6229
8548
6926
9648
7025
6447
2249
6745
2414
3904
5222
1851
4276
1967
4252
8685
8406
1233
2395
3127
4069
4253
3167
1503
6081
5672
3614
2575
4975
7424
4992
8101
2101
4050
1215
9239
2162
2233
4644
7792
5916
3220
5552
8764
4625
9282
6620
1324
7263
9676
7528
6230
4687
2047
1808
9372
7403
6500
9853
6455
369
5534
3975
7135
5423
5392
1528
5354
6126
904
2156
4976
1916
2860
7381
118
6785
7999
7306
5615
9955
9872
9647
6139
197
1376
768
7530
8522
9870
5704
2194
3399
6368
6590
6825
311
1504
5134
2383
824
4833
4182
5674
1154
3868
2295
176
7880
8971
1403
1275
4247
577
294
908
8011
6101
2612
5855
5313
9801
8290
9222
5399
4747
809
596
8992
8087
5157
5609
6852
9767
2597
4229
2355
3704
5306
8731
5146
8026
5250
5699
1774
8003
9726
8188
5430
6337
1567
3756
3717
8059
6448
1173
3316
7842
925
6327
9535
7017
705
3468
1814
2654
9069
5891
5891
4964
7460
4012
8235
7102
739
4365
4909
1818
4526
6831
7592
5400
3622
8552
1146
3638
3126
2245
514
8666
8717
3508
7175
9050
7526
3884
8081
8635
9746
8777
3925
1028
6312
4232
8431
78
9746
4619
6248
1706
8649
521
502
4127
5035
1925
7987
7263
4936
6505
6085
1381
1197
5664
5660
5982
9383
9901
7355
6321
217
3883
9550
1275
2585
1121
8106
5787
8756
1297
1730
775
6930
8222
4469
746
3668
8072
7124
8250
4074
5766
9217
4042
3105
782
308
4473
6441
8451
1143
8596
6085
6748
4033
527
9292
3885
9920
6811
5500
2085
7327
6005
8270
3955
2487
9883
6964
2517
2610
156
1855
7710
8426
8682
5854
8067
1072
9326
4240
5715
9801
7113
5578
7185
1427
6291
4197
3375
5317
3570
8622
8216
1252
1767
3281
2314
1746
776
9232
6383
9184
2310
156
6231
3141
1420
8647
6227
1111
1955
9808
3728
7493
1491
5069
6189
8455
3754
5687
331
8173
530
4639
8705
6901
4035
543
7097
3848
9205
4507
395
5412
2031
9877
3779
5684
3681
640
9969
3338
9370
7421
7358
2063
8567
6625
6198
2706
6009
6584
9254
3276
5970
6162
8962
3205
2379
971
7427
8975
4037
6009
9740
2255
9066
1902
4168
9948
5199
2317
738
4368
937
5018
2401
2715
2568
2122
4061
7047
5540
9466
9042
8071
4659
2955
3760
3016
2405
922
8876
1465
4796
7662
551
9735
7883
4139
7385
6129
7193
9923
1066
219
7538
1340
4989
717
2763
4797
4793
3163
1888
882
3045
1120
3291
2366
1071
8771
7987
3280
9257
4876
7487
9375
8064
5504
7861
2815
2970
263
9204
6405
5996
6447
6746
4535
6710
3322
2035
6540
7772
9554
4223
4371
1153
4652
7886
8000
5650
9962
2058
4577
348
6571
3201
8031
2875
557
6606
6335
944
7939
1523
6104
7997
4769
2981
9727
2801
2724
3748
3453
7499
2303
2806
4131
3196
5711
2991
4244
6206
3296
6254
3744
3483
9081
5927
6834
3339
387
8456
2447
6701
1991
4923
5262
4481
8564
6503
9815
6992
5280
4131
7140
457
1254
888
9380
7209
5038
3810
9854
550
1018
4643
8787
3640
8300
1380
2124
2421
1637
8953
8787
5351
9784
9631
5341
9755
8525
9284
4292
5785
8594
2003
9795
8283
4236
4427
3835
637
9963
4716
4691
2447
7323
9837
4956
233
4791
3148
5842
3516
4072
8019
510
6241
9067
4307
8376
3104
2720
7696
9658
8431
8046
6857
6800
8933
9653
8722
7772
8298
5035
560
6454
8333
9416
4256
6384
49
45
8916
6407
3301
1695
43
5765
2463
4226
1564
1620
484
8432
3151
4893
5526
8233
2392
6750
1323
6996
1104
5194
6118
3955
4498
2331
4788
4772
2703
2866
6756
2340
6831
7951
36
4719
6325
1900
7029
3010
3485
5171
8698
6786
4964
8657
482
3157
5572
2642
7152
7485
3131
8059
8787
2885
4023
9830
1287
1156
1984
9160
6343
6591
7362
7023
8892
7851
5365
2215
4711
1888
6395
3356
4951
7257
229
2489
7848
3095
6802
8607
6200
997
4357
8433
2247
4135
6210
5100
9243
3916
3718
1188
1820
978
3408
1290
6258
1320
7279
4393
7034
4446
8329
5440
767
4969
7796
8314
8155
84
5493
7929
3273
8400
5620
8529
2933
2155
1176
7856
2675
9550
3124
4891
3737
2289
2381
308
4842
921
6055
7720
3872
1266
2235
8340
7637
3287
87
9368
4078
4798
2162
3780
6853
9361
3898
6911
9953
2615
9340
966
580
9265
5727
1041
9265
608
1950
4641
9512
7155
6880
4550
7263
5534
5398
5965
8798
4727
1840
8135
6903
1114
4284
8532
6705
7325
6684
7166
1328
2845
3251
3123
4578
8919
6251
9866
1432
4611
9510
8806
5695
682
4960
7048
2634
7432
941
4062
7326
6220
8452
7578
6873
989
3015
4030
1296
7255
6046
5331
3156
8195
8623
2393
9200
2484
7325
7177
9762
798
8154
4454
4995
6865
