3972
8806
9112
1894
2345
7955
2376
5905
3736
9304
7566
6848
926
3162
6769
7089
90
8601
6362
9681
6843
3571
2323
8849
6327
4963
9802
6646
2405
7320
8472
3290
3943
4592
3864
7697
6648
1667
8950
4294
6190
9019
8950
9763
6940
3409
6302
1103
5879
2803
8417
1874
3331
9825
793
4772
4377
872
1344
3972
5031
7222
7035
8997
9956
2443
4820
1874
2894
9168
5810
3713
7010
2002
5975
1606
8519
8839
8726
7822
5640
4753
2335
828
1804
2080
1624
6625
8740
9041
7737
4020
2704
9348
8548
5649
9166
8156
16
6077
9024
832
1297
2904
7033
4046
3317
9899
8116
4255
8077
7665
2768
2566
5894
1490
6988
2145
99
8411
763
8946
8217
3321
2996
552
2822
8515
6873
5526
5231
1112
226
1621
7189
814
9254
6213
6595
3385
8693
8606
183
1004
9876
22
9258
3850
9109
9371
9230
3445
8131
1039
3299
7624
2023
5908
1062
4000
1594
8717
5766
8196
7096
4756
3700
550
1725
8634
5238
5522
9215
3625
2632
6115
6599
8037
9505
2853
7517
9473
8045
5829
3727
9405
9788
8068
9309
6861
534
5482
7476
9365
9113
9480
4438
4129
1169
1126
3315
4641
9746
7851
9814
9506
6837
4714
253
6503
5885
8361
7350
5990
9381
8734
3683
7279
2984
4610
5946
9895
4956
487
6828
2003
4683
998
5104
9184
7456
9632
1323
7727
9643
9879
9277
269
2256
4325
2923
641
9538
5066
1477
6879
4280
1331
6436
9145
7786
5813
8690
8629
6186
58
6341
7050
8897
3122
2585
8676
2981
138
9257
583
2308
1530
9514
1696
959
9304
5045
3254
9350
1371
78
1712
8476
5242
965
1232
6055
9538
185
2925
4342
406
9780
8478
4623
4401
2295
9602
6052
8551
5522
8861
3441
7401
