9853
4566
5320
6453
9185
387
2351
4539
885
2748
7436
3631
5858
6098
9446
2669
6533
4204
2936
2811
5386
7320
6689
6154
1322
7756
3412
6890
8942
1467
6979
3053
3279
9747
8212
1924
1292
3218
7293
4261
7015
1273
1457
8750
1965
6425
439
5364
6463
1914
6723
676
7233
891
2451
4570
6255
51
5128
544
3319
3318
4111
2558
8695
6755
5115
3872
1732
3578
7089
3461
820
5019
3136
7747
2089
2073
9546
3784
8714
8014
7172
2092
3503
7976
7590
8850
2312
2577
2111
9645
4795
1836
648
3599
5625
6347
5507
1565
3836
7806
3568
2238
3503
4902
3083
3842
2234
6055
5382
128
2920
1020
7471
7
2871
5188
669
4374
8715
2362
9164
999
4463
7522
3443
9365
9369
5599
2350
4927
3225
18
6797
3413
1710
8413
6216
8351
9173
8758
7917
1469
8511
7943
3656
5577
8077
8882
4942
4425
5866
2161
2997
1232
630
6747
9523
2644
9179
5107
6738
6874
5470
4443
8733
9053
1651
1462
4522
1902
7181
2074
5876
5958
3569
9636
1555
870
5861
2710
3962
6831
1515
6283
8701
2270
3636
5996
8061
2495
7795
2523
4546
9826
5583
3387
4692
7147
932
7283
1829
2451
9158
3672
9614
8253
7859
423
7733
867
6932
5236
8216
8702
4704
4396
2921
6404
7982
6215
6725
955
4292
5626
9762
1612
2097
1849
8501
2691
8259
1545
8062
9219
5285
6066
5521
8358
9129
2084
4369
1554
4270
6865
5002
263
6638
8664
5531
5493
1959
4770
2479
2411
5716
661
8199
138
3223
454
1013
6904
2741
619
5623
7072
9838
430
4014
6998
6279
5646
9899
152
5110
1552
2037
7744
3929
5219
2473
6807
8116
2912
7582
2068
5
5056
2339
1921
8293
9511
9464
3822
4718
7119
1494
5759
6355
2368
9196
8976
4993
9418
3591
9418
5728
9589
5261
7117
3221
7200
9925
4877
2984
9910
9223
729
6892
6094
3868
7622
3168
3281
3025
4890
2402
9543
5102
3364
971
1610
1021
3897
7402
4828
7769
5962
9089
7877
2117
8769
7382
9300
453
1882
8711
8230
1645
3135
4686
2213
6389
8731
3756
1704
965
2688
3829
4472
2979
8259
8679
9090
9254
7701
4216
7560
1141
3725
7052
8563
8225
337
7536
2115
8732
1220
3830
3494
5429
41
9485
247
6770
2085
7835
7758
8760
1971
2858
294
825
5153
4125
1579
9002
2375
1006
4738
5312
4856
2741
4227
5751
2097
1254
8001
1951
5134
4168
6426
2099
4668
4878
1657
3975
2009
4308
521
3293
5943
6583
9828
9652
6112
7089
58
7086
8372
4943
1869
8749
5869
1121
4265
2585
3475
2942
4033
3440
4588
4658
516
1290
8299
3125
6591
8280
4745
9672
7500
6009
913
7982
8952
409
2037
725
9298
8230
7903
7713
4078
5695
9458
8787
4986
1340
9294
379
4584
4629
5905
6823
8858
9600
4027
7766
7740
5273
6875
6525
7131
4080
773
8917
6004
7018
3573
1808
9415
3845
9996
2390
745
5373
2265
9264
3609
4563
8884
4400
9242
7392
7891
8923
2223
7526
5871
4068
9334
9295
5201
4823
8795
4245
550
9310
2605
4381
4354
6419
7565
8880
4673
6499
2546
5992
2216
7515
2458
8003
2361
8258
347
7687
7477
5427
3608
5267
8876
901
4159
4493
8737
2328
287
7373
9097
7614
3494
8437
8289
7524
6328
5723
4287
924
1085
5541
5329
6313
5169
1040
5058
3893
7631
5677
4091
2786
1191
249
9046
9499
1132
727
269
7831
7275
1916
5313
8282
9541
4710
8103
951
349
1706
1293
8517
1741
1848
6554
5469
9443
3278
2883
3294
8009
918
4313
4541
4242
9996
5200
9196
5360
3313
5691
2725
9395
5509
6211
1588
7068
7284
2630
9470
1423
3664
4108
9634
4647
6710
8325
3867
2755
8304
303
5823
7886
8630
5251
9079
8253
6610
5262
8154
4417
9631
4542
3480
6444
9117
8514
9393
1296
7892
7140
1648
2915
4209
9283
3591
6991
8482
6920
584
7318
1850
3850
7933
6962
8194
7389
5780
1258
221
1637
1067
5089
4981
1961
5172
1209
8247
7635
7845
3269
968
9572
7022
9659
8707
6483
8936
8040
368
4518
823
7998
7938
953
5195
1849
6381
3323
297
6687
3249
7497
6449
1877
6120
4690
7787
5230
9544
4649
611
8318
1654
873
1470
9213
6792
595
5048
5496
3652
2706
4460
4081
490
7936
4959
4838
1050
6913
4441
3615
8100
6621
3601
3265
9579
6588
9956
1072
9988
9705
9057
7889
5857
5721
9844
7645
820
7461
9853
3617
3922
3714
2108
4802
918
8754
4844
7887
9583
8324
745
8271
5656
502
8223
6904
3073
9146
3552
3873
4047
9911
1058
7488
7165
7334
2435
2893
749
9693
7097
3624
1295
3769
9323
614
1308
8436
1989
9990
8591
422
5276
3761
8161
887
2287
3648
7232
8690
7621
7784
5324
5414
5001
5296
6638
6326
4127
8339
6885
7760
3266
4929
9981
7019
91
2816
7214
2665
3552
5183
7551
1884
9590
4699
6549
6885
3509
4011
1228
9639
5879
2358
9808
2666
7836
5957
1208
9996
3725
9218
8944
4786
6890
527
9970
4284
3058
4196
1344
4774
5119
8528
3713
1786
9180
3696
7558
2787
8948
2542
3319
5277
7177
6673
2670
6824
6541
5026
5904
5659
8800
4783
8643
6758
5606
3096
3713
3311
5140
3702
760
766
6039
827
9051
5364
9298
5461
8008
2470
8338
4749
4358
3640
5903
8940
1259
388
1
5900
9272
5369
588
604
5634
1728
2906
2670
2910
5626
3412
1994
6584
2566
653
9574
3071
3023
9850
3709
8992
2625
9649
7339
8094
3740
750
875
6107
8273
9708
1047
5334
1017
9942
8383
753
8197
6282
5846
3949
2176
6150
7381
4532
4833
2915
2274
1315
5229
4154
4732
738
9737
8983
8189
6194
429
841
530
962
3715
1810
7479
9549
7999
8738
5899
8963
1545
5066
211
8162
6517
5791
6411
2546
6356
3278
470
8778
531
4054
2022
1042
8849
4454
3399
6422
6079
4564
7046
3539
7776
7047
4768
3329
1279
4226
8117
8669
4111
3310
299
8722
2205
8338
9182
8292
3122
6130
1669
9960
4870
8769
1072
5315
5822
8995
9485
126
8070
3188
3866
8819
7913
4863
6357
4198
9885
3308
4912
1667
9804
474
6064
4240
8668
1044
1332
1070
8800
4210
4674
5602
7784
5647
1709
2906
2452
3507
1715
5582
1334
3532
2115
9541
2052
5278
3419
5441
5565
6100
640
4872
1411
5393
6535
7248
5750
9240
7904
2645
4066
6164
130
5226
8975
9237
7905
5979
7782
1624
5820
7946
4003
6241
8659
6542
7941
2231
2950
7876
7299
493
6809
9985
4201
9001
452
6549
1455
8738
2950
1661
8875
6603
1625
838
8925
3078
6752
7369
392
4023
3965
471
6225
2294
5408
3458
5295
1168
8410
8293
787
6699
3072
9521
9521
4788
4906
934
2700
8327
7499
3210
9935
5658
4843
3721
1768
4407
9631
6409
2415
9620
5034
2328
5732
4176
9645
6804
1607
7020
2715
9063
8385
9267
2008
8893
3872
8967
5439
3924
5743
1354
1361
3871
5587
6455
4571
3335
4098
4283
8897
2910
879
3730
4711
5937
2112
1634
3583
3129
4129
5614
8364
894
2129
3672
4117
4857
1497
9319
8725
836
1517
7536
6959
145
6011
3012
574
1076
3201
8870
3931
3581
7947
2183
5160
8198
2297
3040
7913
3301
8351
2779
866
2174
1799
3903
7675
1897
6097
1846
369
5115
8618
204
8742
9524
714
7958
2264
9780
2167
4253
5535
7546
9560
1446
8272
3803
1108
6751
2687
6699
7256
7687
4705
5916
7015
3803
431
3088
5243
1657
6102
492
1322
3650
1116
6843
8773
3249
2237
9979
4426
8755
1459
2537
7433
2002
7572
8932
4899
5362
3013
1600
7870
9430
6253
7066
2485
3872
5220
4435
7436
6116
1866
2555
6210
9687
68
2331
7983
3529
3200
14
8813
6220
3914
2765
3922
1392
6392
678
6619
4557
8560
3576
485
9596
1929
942
1877
4659
4030
6261
7400
459
4463
604
5572
6063
8706
4935
541
3442
8231
9248
4051
7485
1865
7595
4969
5909
9296
5907
2081
2965
579
8326
7890
9965
8842
266
4843
2775
6674
6443
370
1089
4746
5267
4837
1388
6634
1940
7634
2864
6308
6085
2834
2938
8018
1894
2127
195
3295
8561
2231
2958
9906
7119
3609
5261
4196
4276
4428
4448
7907
4217
30
3228
6911
996
2314
7332
401
6566
6787
5399
3884
6385
9901
7862
8827
8003
1867
8207
7034
7331
1234
698
3553
1127
3805
2784
5419
2656
8570
7235
1173
8531
9089
7999
6545
5268
9301
1915
7786
2673
6483
1019
9842
5736
6072
8741
4600
2214
1119
2077
4229
9069
7719
4432
6741
8369
8194
8986
7299
6256
8474
9140
8780
3452
5391
2925
2214
9830
7932
3716
2346
2168
3415
9263
3916
4830
5334
4235
731
7330
1983
5041
2244
3396
1960
6481
1633
5090
7325
2926
4303
2521
8112
6838
3293
2584
2427
1996
6608
6893
7617
4355
5315
9391
5250
7529
8364
3288
5181
4413
122
3388
9984
2271
5994
5866
5163
3491
6233
7854
4402
322
6260
5936
5313
493
891
7837
4442
6302
6644
4671
7337
9309
3307
8204
7785
5323
407
5640
8240
6415
232
7288
533
1307
6045
4101
9394
6858
1618
6424
644
5288
3814
6824
3983
3901
6762
8957
4175
6952
5142
9616
2073
8757
6070
2529
3152
906
3457
4004
3379
2964
7674
5865
1651
1208
1903
6119
435
7624
4863
5605
8840
1861
8185
6933
6848
1356
2463
6605
6143
1390
4841
6242
484
6639
2742
5827
4170
1195
8030
8319
9178
6368
274
5301
2190
5900
7877
8934
6688
9812
9492
4217
6913
2269
5168
7963
4982
7003
5437
5248
9725
3748
5074
9066
9437
2704
9121
8613
9755
400
3473
1389
393
2663
1142
4781
7257
1641
7651
1109
7487
2799
3253
2087
2260
9572
7088
9582
4087
9168
3080
5947
5086
1310
3478
365
730
1691
2474
6796
4712
6398
5599
5267
6788
3950
2906
1096
9960
3285
5068
4760
1922
3903
7191
4180
2580
7870
4525
8626
3093
4462
8964
4370
2677
9600
230
862
1949
5509
5605
8876
8693
9609
8780
8787
1439
2761
2192
7480
6832
1010
933
1396
1663
9064
1101
3683
1942
7823
6811
4956
7622
378
4678
1528
9911
9934
6649
8129
2236
1729
231
1256
9541
7716
9484
8083
8574
8139
7934
5153
1333
437
5074
3675
9705
6556
8395
9530
637
9867
9598
4031
2124
5095
49
8802
7895
1003
2529
8858
298
6836
5955
3365
396
1013
2386
7558
7237
9288
1671
1945
90
9442
7255
3715
3108
6930
7478
2746
2158
6134
5785
2494
4301
6585
5337
148
9930
1165
9604
2365
7451
3089
6797
7239
3072
1007
5219
1951
6376
1877
2624
7122
5460
4829
5928
8127
9907
2315
3345
1018
3837
3027
8929
9535
3484
9877
995
6833
6291
8406
3876
799
3730
4604
9674
3265
8578
3173
7955
3333
7515
7189
4763
8848
6230
7594
7720
4323
12
205
9344
2076
3789
1432
10
4902
5884
9022
1154
4894
7255
1836
4069
2338
6325
826
3132
2152
6889
269
854
8361
4387
4188
1358
1496
6533
1437
300
7891
146
8364
3751
1525
1522
6759
3976
8229
5699
1817
1978
8638
5114
4625
2477
2044
2023
6382
4393
3184
6550
729
1312
9536
4610
5119
8812
2750
1012
6474
8552
5955
7497
8795
1915
2328
7553
6630
8702
4897
7540
6521
5503
9575
8895
7402
158
2048
1036
8333
293
9516
6112
3039
1332
7663
7389
497
7978
9750
8200
6068
2368
9720
4581
8254
2271
6027
7502
5559
9266
6847
6610
5795
230
9755
1851
3227
3725
8450
3896
2634
8418
705
9176
3425
6631
2760
7032
343
8411
5027
2036
9809
4231
8404
8218
6058
8055
1023
860
1055
8150
7346
1027
3577
4498
7582
8817
2072
5406
3094
1615
7865
2022
7683
7621
7636
6365
5377
6952
212
1859
6890
3357
7843
2755
2493
5388
9250
2760
1659
3167
4834
6303
3294
3770
8370
7431
8166
6341
3237
3877
6512
8917
2767
660
501
9257
6988
1658
1757
1247
2653
5990
9599
5878
9344
726
950
2943
2490
9524
7185
157
1796
128
5127
1371
2032
6313
724
5516
6326
9317
9397
5198
8335
8257
284
2840
381
6642
5761
5954
4277
3833
3525
6740
2586
9924
6931
1623
4231
7922
1398
9895
4121
3791
7089
5754
5927
717
415
6506
9342
2755
7128
446
1021
8655
300
4823
9514
9240
4639
8822
144
5087
2273
603
9030
451
3817
3928
5852
2787
4061
5955
1364
3934
7680
6459
5419
4822
5449
6850
6163
8819
3644
8889
4958
3188
5832
8729
9257
9873
7100
381
1875
5036
7078
5598
7128
6949
3386
3462
9918
9629
2171
9525
7435
4178
601
6146
3473
8249
3223
4985
5720
6425
6615
6659
8934
5732
8581
5587
4045
2609
6045
4621
4961
8164
3706
6481
3908
2736
6076
8261
6672
7491
52
3360
7217
9327
2223
7299
3420
5208
3501
8482
1504
985
5597
1776
8872
7889
5399
6857
4713
1531
8997
8248
8862
1948
3790
7753
1694
1078
4321
57
8839
1097
8603
5753
7369
9352
9430
7618
961
2041
6958
9394
1712
4550
6896
8964
344
1793
8721
5710
8659
1445
1576
5780
3599
3591
569
5866
8010
4251
2575
8470
1958
1395
4197
5268
5833
386
8706
5795
8035
2255
2671
6892
9965
9365
4133
9619
363
6551
2280
807
4205
7313
1242
5107
888
7882
4461
1399
4267
4213
1225
192
8433
5382
4838
4675
9155
7249
9111
1386
391
1711
8131
4437
1945
3002
1041
6610
1908
5960
9455
7479
4524
2628
7727
9835
9067
7047
335
8436
3175
358
9075
7692
3469
7029
7985
8365
2172
3929
153
5067
8912
2251
8335
6001
5321
9481
903
1395
2199
2694
555
6130
6708
1106
5628
4799
5407
8084
5570
9447
2096
4179
3378
5612
6605
4788
3627
8004
104
190
6381
7578
9234
1833
9159
8579
8417
3045
5275
1515
1001
935
7200
3198
4986
8126
5443
114
4773
9380
7916
3713
9724
1952
5592
3045
9605
3848
3608
860
6523
7891
8501
3515
8642
3101
623
9295
8517
9684
545
9454
2797
1823
2930
9580
847
8334
3130
4890
275
5756
4142
9385
5997
8913
4827
6203
4538
9428
9979
3546
4681
5198
2295
8403
5843
8457
1866
8794
3384
360
9053
3761
8872
3824
100
6099
1914
2036
3636
9338
4861
2670
7679
960
3448
8633
2414
3443
8208
1308
3945
6658
2134
7921
9462
7908
2618
8995
476
984
7008
3877
1699
9654
5021
9456
1115
1828
5822
1285
3765
4789
1237
2624
2449
3101
4626
5901
4981
559
3130
7509
3958
4839
2118
9568
1670
3043
3754
3694
4475
6364
6800
6865
1592
4595
2128
562
410
1350
4735
3124
3617
1297
8162
3430
2857
2577
4461
5489
7028
3029
1212
9201
4405
3149
2940
1233
4780
9268
8855
5055
4057
6298
2187
6094
7167
1578
5766
3723
4550
283
5824
9687
5596
4769
5045
9490
7402
9379
606
7257
5519
1223
3978
2070
1563
9802
6830
5718
730
8060
7030
5001
9643
1687
198
9810
4715
8336
7842
4909
9427
9735
1303
1808
7275
8169
8468
7786
4793
1237
8712
1737
8442
4459
1033
1608
5676
735
7614
5028
7030
493
4266
1936
5220
8119
6902
4095
5794
490
105
750
5445
9983
6438
8676
5601
2253
5123
1329
9914
3787
8385
9220
3754
3427
1293
6745
8411
2194
690
9519
3778
2348
9224
648
7865
5421
1373
5417
4856
4378
7678
1873
1695
7654
3347
4519
497
369
308
3804
8768
8746
8668
3919
6754
5925
7992
6351
1037
7975
4524
7579
4644
414
5363
5125
4446
8158
6464
7526
6351
2902
8230
843
8245
2833
6416
8620
5905
9961
2862
6957
9632
6645
428
2574
8662
2979
3761
9725
678
7505
8913
3324
4559
1125
8655
9884
1798
3357
3731
5208
2188
6449
3876
7711
1757
868
7282
8857
6821
6505
5634
3898
478
8657
295
4485
8346
3555
1225
3480
7289
9285
1253
9413
5832
6887
1761
3136
9494
9999
2586
5236
3940
4126
1420
2049
8393
3026
3069
8432
4591
3077
3350
5959
9773
146
5951
6807
7826
6951
8278
3234
8715
9878
1324
8827
6513
6
8252
5766
9730
6679
8201
1470
9050
6435
4387
8821
1950
911
3365
3430
916
4241
478
870
6386
4251
2857
7753
114
2965
636
5601
8351
25
4090
2578
2592
1736
597
4032
6157
6570
9860
7962
6514
3779
2572
8160
1855
9856
6814
4511
1993
6513
5661
5581
1921
4497
7994
4111
2591
7856
942
1081
763
1714
1011
4621
3255
6223
4543
5252
4428
427
9006
9051
4544
9937
5147
9797
6513
6889
91
8478
4881
2073
5223
5663
7565
135
2196
6669
3660
780
576
76
848
7907
3018
2706
1996
7553
910
38
739
6895
5981
5574
3240
3267
7637
1400
5576
9565
7442
9528
2384
2957
8640
3137
3499
6865
2220
5367
5884
1564
5302
5360
7445
2291
8357
9123
658
2769
1079
2920
1141
8282
6451
9007
6543
5564
7038
1565
6615
2897
5174
2945
8138
9185
4974
757
5391
7589
9638
3296
5925
3414
6325
6584
7644
1668
9382
4693
8381
5282
5294
2240
8039
7151
8294
7130
7303
9600
5272
4953
4371
3624
7786
8605
3043
1961
3026
2961
2636
7588
4869
5965
3787
8845
8833
1369
8250
7434
3283
8059
3618
4138
5605
8417
5565
7442
7224
5866
1766
1490
922
2079
8992
1639
5411
3280
1903
3642
4354
8808
9095
4341
5343
4690
4272
5013
5949
197
5250
7946
9054
4699
1859
2844
690
7024
1194
9240
1246
8997
8799
9160
5509
179
2257
7809
9110
4509
467
1702
4465
1455
3812
1753
2439
2675
6937
514
1117
1538
3258
9960
2044
167
6438
6764
6249
7407
2723
2533
892
5805
3254
101
8191
8986
9147
843
4901
3273
9970
2306
1460
6921
5990
7143
8912
6979
2587
9816
7654
1715
6483
9079
9218
2244
5981
6429
7277
8004
2300
5564
5702
2135
7599
3341
4875
1911
6578
5016
1061
1064
9376
2466
7454
2218
9954
881
1456
5880
3929
795
379
5821
5092
7516
6706
1910
8590
3061
5922
2610
6760
5826
9200
8438
5918
2724
8574
4030
57
5181
5914
1982
5937
8027
20
8998
6252
3371
3737
7652
8183
1919
1712
8915
1455
7210
8769
385
1725
9063
9325
1582
7724
1994
926
6640
6184
7790
539
1956
341
1694
7128
3822
6281
9423
7480
4802
855
922
1872
972
73
7000
9850
9209
9769
7557
7410
2296
7868
7207
4929
2107
5291
4856
5331
6823
3952
1631
2503
6603
5305
6270
5155
1614
8524
5972
3281
9009
6856
9073
9433
4163
5139
1354
8700
1411
2997
259
571
1392
2384
7369
4018
4349
5147
4594
8421
3552
5273
6219
9013
8105
2635
6001
8174
8944
3023
7932
432
727
9794
7525
5833
7823
1545
8361
2475
1238
1288
3365
975
6717
7966
9249
8949
3960
1021
825
2327
2015
2793
2006
2505
8082
5965
1820
1999
7401
3332
1692
700
3400
9946
6986
1537
8050
7616
2841
8650
3733
9478
8802
33
3347
3976
1011
494
5873
2456
6180
3036
279
1188
4180
4008
5816
9139
4307
664
3804
7569
9897
1030
3113
132
3155
7480
4945
8811
7534
1806
3572
9842
1787
4039
1701
8868
3
9823
6347
3326
8036
4169
7598
4716
8474
1989
2737
1090
5705
2927
2719
7273
6581
2836
7133
8596
6277
5889
1711
7726
7340
6650
2007
4753
9271
9187
4937
4661
9525
2367
2522
2964
272
4034
2470
3302
8346
8725
8096
5310
1170
5670
5940
3024
1846
8649
8169
7405
3235
9904
786
6237
311
7586
8499
4583
136
2539
4225
8144
6861
9951
7650
5341
3178
6844
4180
8023
8889
1163
2953
9947
7987
6994
7136
4858
1407
7034
5087
9700
4273
968
9756
7020
868
4635
6155
5512
3602
4385
4690
2375
2639
9413
184
4367
2310
8969
3020
6882
9403
5532
1713
5068
6720
7032
1831
1196
2163
1226
6645
4092
5092
9471
1474
4511
6245
1304
9284
1767
9402
7626
9231
3967
3343
7604
1119
1019
6585
5838
1281
6347
6341
3050
1019
8918
3164
9386
6060
8104
1704
1438
3566
9802
5328
1399
9496
5243
3279
9757
6512
7640
611
3962
4894
7021
7042
3809
3563
248
5302
2926
2120
7766
4921
3724
9851
8508
5756
2189
3077
5188
1937
3721
7151
6242
4168
1894
9474
322
7478
7119
4133
3937
4738
7909
9825
9188
3082
2207
433
7688
642
911
6357
4135
3820
6771
3462
2851
5667
2357
612
51
433
8847
5418
1576
8833
2110
6819
8234
7967
5298
1494
6212
5579
1407
4541
9928
5004
8099
2612
1808
3809
3284
2684
7970
419
85
143
1471
8710
1349
1598
4793
5774
3973
2133
1007
5598
7444
3968
1542
8364
6537
4728
3541
8737
4363
9318
765
9308
7824
5240
6691
9222
8944
3921
1420
8992
7142
4666
1908
6280
9667
3686
1082
8843
7150
8772
4172
8148
6364
6621
8506
3411
1672
7934
9209
1688
2143
4943
6919
143
1498
7169
1190
6950
5369
3975
3960
2296
2121
4555
4261
4462
3666
3042
8203
1772
159
3017
3202
2247
2490
5934
9546
8006
5747
3772
4756
3734
8989
6894
5531
5255
5798
5844
7773
9668
529
6387
3017
9744
5186
5735
2967
9467
8405
6116
9678
4597
6763
5738
3414
2201
9042
2391
3083
4698
4703
4086
9338
5084
283
7333
539
5161
8743
7108
4091
436
3502
9801
2309
9786
4086
9249
6557
1236
1873
3809
1929
7801
1174
1658
2908
1
2888
3051
9872
5348
6592
3584
4462
7728
5195
8777
4285
8170
3586
6917
6134
8652
6530
5965
4992
7132
5096
9933
6412
7021
779
5501
7855
2574
1941
4862
4791
7185
1903
7519
9548
5015
7512
6383
3093
6246
8178
4765
6708
380
8218
7852
2207
5997
6722
5730
6156
1464
8396
3584
2552
4889
5829
3579
4340
2359
8747
9064
2908
3037
7341
5655
4597
1654
3022
5478
2243
7697
37
1127
4788
1541
164
3068
397
5981
5554
7326
3918
52
8327
9724
308
5452
5876
7841
6444
5768
5581
7998
3711
9978
2340
5767
302
4519
6963
1562
7227
7814
4998
8841
8769
471
8978
1401
6722
6176
1654
3699
3499
915
8893
5447
1333
2571
5196
9569
107
5381
6814
4212
819
2700
5322
2658
6587
2012
4829
1934
1298
9096
8314
9384
384
9992
4923
2615
1490
1338
7746
2134
6118
2712
5088
4037
2655
6874
5985
9952
8710
4258
4114
5404
5725
3430
4113
8989
9489
2715
80
6998
8700
4140
7157
7080
7859
7642
3408
9211
9875
4637
873
7402
4659
7769
5014
6552
5606
7308
3991
4529
9215
9155
9102
5404
2945
2829
5902
5548
6402
5047
7695
7798
8508
3702
8394
285
2112
4275
8423
9448
3383
6256
7729
9077
3206
3833
2147
4422
9149
4566
2066
218
8396
7932
6838
9975
9554
8900
4277
4835
8132
915
6910
5602
4727
9992
8719
3226
9594
5605
1604
5858
9330
8197
4077
7785
5107
603
9594
4179
2136
1723
7797
3773
9584
6370
4924
1858
3637
463
1146
5318
2954
9893
1441
8879
2576
2825
7191
3028
8213
1638
1354
5918
2842
9984
4816
6571
447
3237
607
8609
909
271
6358
6479
5983
7287
9926
1455
4542
3364
8449
7240
184
7376
6877
9744
92
6523
7301
4687
3557
3641
8429
7391
8865
9894
9087
255
156
3450
8503
4646
6766
3496
9191
5812
5197
8256
3048
532
7328
8404
8526
3694
4946
1384
3798
4026
9567
1442
9695
8527
6302
7105
3458
4761
8347
3291
5887
9080
4128
2878
9189
373
8655
6055
6974
1312
5039
3377
1237
6020
1856
4726
9557
1356
6780
5233
4415
6207
3485
851
5351
71
5461
2388
9852
1408
7261
146
4850
5643
5966
7813
6622
6882
8566
915
3133
9446
2311
3646
7553
4948
9714
1387
9785
1894
8763
5199
5884
3653
169
4178
7538
3341
5516
261
671
7337
8027
7903
1069
3533
8090
4307
181
322
6725
8014
9625
4443
3819
5036
1553
6903
9305
1562
4928
5872
4929
9462
7138
7344
4872
210
1524
8451
7513
680
9936
8999
4473
7047
5204
5599
1592
1004
5662
4072
2080
7452
2454
9875
9406
9757
8936
4785
8906
3172
7068
3677
6324
3929
6852
6482
5165
312
4001
7101
7807
1056
3170
5614
394
3086
2091
1112
6572
7876
6430
1240
9068
6306
9448
7154
8036
9702
7562
390
4232
1200
6866
706
1831
8398
5062
7857
1773
6999
4733
5073
9698
5859
1706
290
5043
8407
6406
1723
6283
4447
1016
1750
6013
3603
483
2075
6161
4012
8140
8283
1145
5488
7127
8627
4798
1352
5789
2592
5468
8883
4396
6385
2855
5716
6091
8584
5048
6903
8840
2667
5272
2977
2641
7047
631
3396
907
9220
5225
2465
3170
5443
2047
4936
621
9267
2685
8876
2493
7779
5757
3810
1810
3395
1024
5143
4202
915
1500
2113
2727
2781
8758
5726
9644
1278
8237
7881
116
6975
7937
3003
5022
8258
126
3293
6569
5272
745
3020
7240
1855
2117
1877
1954
441
242
3424
5754
2424
6996
7322
3189
7861
8715
8122
2429
9967
9636
5909
8737
1489
5563
5068
6054
7052
7291
6995
1375
2564
4948
8749
4468
1079
7832
1251
674
4375
9922
4115
3279
6681
8787
2693
1208
2022
107
1417
4153
7055
2656
1420
3800
3005
6573
2490
7726
5382
7242
7309
9779
2412
3540
2355
1285
2591
2730
205
980
403
2547
6756
4094
8732
2830
8007
8322
5109
6792
3007
7795
4017
3492
4691
6971
9241
1834
423
7161
3091
9407
9807
5801
5988
4316
8322
3182
6812
2174
202
3470
6687
6377
855
5082
8212
1241
5267
3672
9863
4759
6368
1568
8169
2389
1614
7135
2215
2102
1833
2971
6024
6381
4750
3156
543
4048
6718
4531
7233
7784
9660
3618
1440
5688
8432
8471
5574
520
3134
8847
4317
8541
4064
3411
7643
198
8496
8873
1052
182
6146
3673
5847
7513
8318
4522
5250
2692
6459
9897
2258
6990
5111
4261
3370
4149
1667
4074
6500
4254
3115
2361
8430
7917
3892
4768
9196
6573
9486
8795
9180
6316
3928
2790
4646
582
5570
5805
5009
8925
8030
4723
3619
6194
4128
8475
145
1138
5333
4279
2132
2816
8527
5595
6877
4027
6462
3452
1743
4315
8571
3322
7626
8254
7246
1143
696
5161
5327
2787
400
7757
7609
6838
3193
2776
2666
4936
4680
2965
4328
8337
6666
7665
622
7416
7021
4827
4035
1194
4616
1847
2443
7834
1643
6302
647
2047
5234
5830
5832
2894
6419
5706
657
4500
6262
710
1610
1920
1204
801
3425
3868
4280
6166
6539
8502
6579
1841
4312
8527
1420
3715
1460
9279
724
4130
2425
3826
6758
2481
2210
163
5469
8167
9611
9988
7905
8654
4084
9191
2921
9738
8340
6716
5332
5603
3610
7048
1171
849
6543
2462
8734
9092
1591
8140
2070
2541
7
6053
9162
7773
5776
9926
212
3400
9273
3240
6635
7076
3723
8529
7563
6452
7253
2742
2817
5948
6304
9585
4144
96
1661
7979
2178
1965
7179
3047
8280
7236
357
7691
2802
8158
3255
3035
2426
7777
9841
3748
234
8798
2900
1202
6302
2579
2713
2302
5268
1700
5057
487
7232
8913
5543
8539
7324
8499
8194
5683
6589
3321
8838
9913
2096
7338
3258
8870
6195
4934
453
1692
2609
5854
4482
4205
3381
9276
7634
5847
5456
9903
2208
9404
5365
9271
1823
5938
5265
554
8432
1859
2456
5441
7808
1634
9722
2467
5502
9771
2645
3483
9434
3669
4468
1544
7321
8728
1813
6673
9925
3157
8233
3459
8066
6326
1380
8696
1499
9186
2084
3670
922
317
126
9249
9078
1610
3683
3742
8103
9662
8994
1333
1413
1187
8808
2449
1630
4805
7906
1000
4727
6396
531
8850
8666
2807
9345
4216
3837
5441
3929
4858
3315
9315
227
8620
9628
3254
9216
254
5848
1395
927
1271
2073
3881
6560
4813
1605
9017
3744
932
5402
2209
1442
4705
5293
2708
6959
5913
2315
9955
5044
7563
4144
266
5290
5846
5910
4121
5331
4760
5605
2749
8464
8693
5193
1851
576
768
9009
4728
258
3497
260
4936
2571
4643
5006
865
3875
1520
3624
1723
9642
76
9061
790
5017
4051
5864
4600
9842
9312
9059
8578
9609
6819
8267
6237
7196
2573
231
6438
3790
8395
9783
9812
1297
7309
6450
3026
2609
9666
8055
1805
1198
4770
1589
9403
5810
8935
2230
4790
1729
9673
8118
1476
3853
5125
3105
6340
4265
4121
8890
3719
5942
1742
3369
3641
5129
9059
9372
6555
1853
8754
7678
9102
3829
785
7508
2461
1002
7207
868
2471
1170
2488
8465
6840
8994
2431
5969
9444
5786
2088
3807
2095
446
2007
4684
4508
2614
8168
4961
2399
3195
6260
1983
4337
1089
5644
1864
8960
1700
1765
7670
9264
7739
417
6728
5506
506
9558
798
7184
1267
8941
3338
9042
4396
649
8294
2608
875
7233
8948
4052
5774
4604
6048
4202
5912
4104
8786
6776
4678
7095
3184
3284
8959
3415
3088
5367
5993
5821
4795
1916
4409
5725
6014
1396
5538
7784
441
7417
527
9922
8234
8845
3403
4734
3460
9118
7965
3097
3000
1224
882
4112
5830
7288
7155
4591
5613
9625
9493
9559
1582
5980
3775
2923
2959
9640
6517
792
7451
9628
851
5662
7574
4349
8678
5343
3391
3857
1333
258
6846
3302
8285
4404
1884
7903
185
317
162
4028
6384
9802
3050
