1205
1647
1691
4795
4925
7379
1724
2895
7504
6762
8731
3561
4978
8708
9188
2276
8367
9256
4250
7225
4789
9546
5304
5010
2002
8250
8259
122
7819
7190
1326
1728
2373
6319
2857
5145
2932
8073
3303
4485
5774
2795
2667
362
2043
2807
5007
5053
4300
4004
6176
8992
7156
6166
7513
8965
1047
3183
7722
144
958
3391
6052
858
3764
4711
6468
5730
1521
5260
4714
2414
6560
1094
5302
8943
5294
2712
8702
6994
770
3514
93
6227
9364
1041
3899
9597
6651
417
5877
5932
6326
3897
5481
2147
9590
4668
6737
616
5191
5664
4729
797
8202
7567
6030
3115
8800
3483
6470
4999
2325
399
2406
8838
9926
1744
9603
8381
2224
8386
8552
7056
1111
423
6641
8172
4159
2946
3138
4865
4667
7818
3272
5943
5632
6682
5065
8865
436
1093
4666
9359
4377
9590
8173
2125
3872
1062
9973
4297
9243
7447
8520
5922
212
3885
847
6524
3331
3725
5693
4784
9536
2285
1034
7551
4789
6106
1243
2375
4191
1401
3039
9919
1249
4325
2904
5980
3557
6359
1892
5606
544
9844
2984
3333
9825
4960
8296
421
9142
4944
6901
6936
4522
8445
8035
7210
9375
3812
2822
9408
3380
3035
5257
5802
4787
7470
5562
6200
6858
9239
5909
5112
4163
348
7675
4333
402
2851
1679
6651
6027
2656
9454
8287
9582
6015
6600
7772
5408
5820
4863
2368
2263
2223
1003
533
7105
3414
6503
1875
2674
4379
7340
9922
2248
8453
5863
2877
7724
6234
522
2515
8328
6849
3436
6984
2687
9477
5981
5432
1774
2886
2555
1435
6685
1530
5242
9907
7553
1521
147
6658
8401
2310
8044
1305
7811
2993
3968
8539
9571
1593
7114
5489
8447
2583
8227
1574
6434
2789
7750
8098
6811
6758
9229
7012
3113
7839
5530
7145
7461
275
3523
569
4716
5964
3658
3504
200
7509
3032
154
7930
1717
8838
6488
6422
5301
8488
1679
170
6867
5670
4703
2652
9967
4792
6257
4000
9650
8254
2426
867
5695
5081
4044
6790
8338
6906
8876
170
3445
452
3390
4917
897
192
9500
3663
3217
6734
2630
1228
6529
5266
5395
1957
4374
6274
4565
8837
3624
219
2539
3149
8554
5611
3216
244
9451
1775
4944
975
6788
3785
6203
5177
161
5677
5634
6351
7645
8104
623
2747
7525
702
1601
634
5823
415
8436
3292
4084
1861
3151
5512
2344
3196
4855
9753
9019
2958
6705
9993
791
7770
2677
105
4617
5216
7310
5706
7581
7260
5485
475
6531
9597
3454
8367
7678
6737
5058
1338
7306
8511
3771
1032
1805
4736
1606
6042
998
618
8147
9086
242
1419
2048
7737
2846
5838
1331
4260
7639
2749
1254
1697
3117
3140
8973
2424
9526
3486
563
7346
1343
3422
50
9377
5724
1515
3234
8362
321
1369
1848
8192
1001
6560
7056
2574
9091
3195
1158
7249
8589
1872
2477
432
233
6151
6834
4681
2876
2152
5947
1049
9813
7765
7705
3911
6907
8625
4509
765
1503
5516
9431
8596
5552
9277
185
2011
3037
7451
7242
4469
6549
9367
2918
44
5578
6905
4547
8405
8500
5941
9774
1650
5826
4282
6612
3821
4396
4791
2765
4680
3908
8634
8450
4846
3818
7143
1935
6357
6158
9137
1028
8195
8417
8232
8229
6026
7028
5967
5745
4482
7938
7640
432
209
8794
2495
2870
6873
3812
9696
3028
7166
1716
3045
957
5522
940
5008
7926
3567
1756
2897
1607
7105
9733
21
3598
4173
4492
7612
9251
1986
3946
6837
1525
2123
2447
4744
9155
829
7366
1711
7288
5603
1364
9170
4861
9828
8554
6462
8978
9454
6283
4849
8744
8833
5015
1748
6437
6234
7445
2837
9002
7386
5231
5728
1281
7875
4807
266
9520
3615
4440
6778
7819
7804
8279
7605
598
3976
9256
1140
6247
2613
9885
3363
442
4073
7801
1320
1214
2836
9971
5086
3053
7023
8118
4270
5225
6590
6517
4553
5057
9441
2092
2148
8163
9629
1089
1057
6139
1633
6458
2294
6762
232
696
5228
9458
251
8720
517
6621
9296
3243
3915
7086
5635
7091
146
7327
559
1262
6761
2377
4616
9655
5058
8162
2616
8775
6203
7185
4981
9315
9272
5773
9564
8591
5231
4483
4860
4080
7456
9478
3297
911
9487
641
8043
6986
6447
776
3514
9956
637
5533
8377
6909
9782
5022
756
4348
9862
283
8071
2920
2958
6805
6628
3510
3825
274
9312
6125
5643
8141
2619
1125
3247
3275
9707
5694
1339
5464
4468
9725
6202
4400
7046
3633
3270
1818
1986
4180
5095
318
9850
2749
717
2038
6932
2306
3750
3267
8795
6650
7932
71
8515
4161
3886
5311
5847
4868
5433
4148
9760
6652
6707
5687
7812
857
8340
2153
3304
339
9858
6205
1379
2485
6999
2405
1665
2982
5553
5321
3601
7564
5302
8774
9004
3845
561
3938
5794
5856
9390
2622
675
2502
8237
2165
5702
6311
2630
9569
1546
2094
42
5677
7174
8934
2514
6948
9423
38
311
2008
4566
2231
7837
4911
9707
7431
7628
2952
9554
5270
3692
331
4800
7790
8236
1823
6658
640
3343
2965
6826
7720
6965
849
8040
3826
9185
137
3537
3686
1244
1733
1870
1871
2293
550
1891
6554
2978
3380
538
2266
3240
6880
3771
8008
7492
2408
1099
5927
452
1497
4367
2774
9236
3006
8971
4606
8952
6678
347
171
7939
3044
9708
2744
2802
2864
9816
8403
4377
6811
8621
8159
5063
735
3945
4440
232
613
6164
9570
4759
1712
5450
3258
7198
6279
6660
7518
3900
3216
3889
4072
4065
4664
9862
5685
3577
3807
1647
7028
2914
8656
6672
2218
2604
5726
622
6115
381
169
8579
2355
4542
8752
6641
6074
9973
5953
1254
613
2111
492
2600
9953
4042
9941
5598
6427
6636
1944
1547
3107
7300
5063
3880
863
6779
8783
732
5660
4982
937
6186
2703
2331
3436
3672
7065
5086
6735
6775
3657
8375
5772
548
5051
8609
7793
3530
7326
6945
3904
5345
4788
6081
710
3239
1970
3608
3592
8137
6167
4728
7033
8223
2410
404
712
1697
1068
9756
8230
6602
5116
2502
3174
8792
4009
9483
9821
7820
818
8923
3385
7252
505
7997
8350
6914
4471
9560
1963
4681
5609
4359
7580
5204
1255
6412
5752
8467
8485
9348
6730
4098
3347
4258
8845
3160
8431
1835
2048
3033
634
3198
745
7576
6664
9454
6549
2109
353
6173
5582
6559
500
7462
1222
4846
1356
6647
4112
1151
8458
3850
7982
1957
6753
5086
2020
3096
6465
1399
235
1221
8396
2718
1074
546
804
5398
2815
5628
1013
4157
7364
5503
8879
4794
9484
6657
1323
2409
6020
9611
8558
2321
4390
3845
844
7263
8369
7741
36
7632
3349
5892
666
3824
7322
293
578
7450
8560
9075
6951
3242
7648
9054
9819
8759
9426
1617
5449
3879
6488
6155
2022
2798
4007
6663
6022
7143
6502
8619
7643
445
607
218
7736
9382
3795
4374
100
6381
2170
7206
6282
2330
1896
3631
1326
6000
9739
4306
3769
9796
1312
2674
6917
8277
1381
512
5924
5019
6649
4965
1850
4992
2208
1995
2060
7702
115
3560
5632
8068
6612
5032
2132
9985
8623
470
3946
9803
1419
2695
9857
6531
7136
5908
9199
7209
7363
2098
5674
7056
1677
2015
2598
9902
5402
9322
4632
8099
140
6336
522
9331
672
6447
5191
1569
1544
712
6278
5065
248
4982
307
8378
1052
2102
3240
4671
2662
3026
5148
9497
2982
1117
7778
6283
593
333
3858
1425
6756
9920
9476
3597
146
2413
5160
9439
9385
5113
8083
9569
1011
2322
8436
8172
3320
7899
4357
7099
5761
580
1213
5770
2375
9029
9634
282
4682
6215
4123
3476
8926
9391
8452
8343
7135
7848
5467
3424
4229
203
8951
6869
7186
3070
4136
8190
7865
6039
7865
6880
9993
5403
1458
7623
1542
1864
4906
6304
4297
7595
5098
656
8253
8862
3869
2228
5755
1842
9699
2599
4016
6373
6325
2649
4249
7519
3475
5970
2113
5535
6616
5795
9697
8717
4063
8340
1142
940
9727
9312
6401
8558
9794
5002
9575
9011
147
8602
3257
7520
9430
8167
878
2392
6369
2835
9259
490
7976
8526
9333
9350
6823
9383
814
5613
2808
6342
1131
8676
8388
495
2438
5908
8758
4036
239
8418
4811
6939
141
9574
1046
4934
1731
3626
5152
4213
4077
769
5532
6068
2073
7505
6825
9218
563
4366
1056
3568
2489
4629
5917
1073
5133
9842
5867
3764
8825
7598
6376
2411
9452
3448
7624
6712
2003
2223
9013
5875
8627
9353
8291
1418
7970
2147
4274
6918
5333
3462
4396
6005
6644
7938
3583
7705
9898
9610
117
2717
1609
507
5342
1631
6826
8554
5215
2895
1617
41
9716
7762
9423
3590
2177
1635
2322
3585
5318
6199
3063
1927
8609
6427
9824
3551
9149
1453
1600
5313
6439
1027
5762
7918
674
2747
1482
4768
3361
9921
5059
1678
8913
2726
984
3772
4201
7091
9262
3693
3962
3834
2766
9398
2768
5493
641
5681
6411
2926
1348
8330
3335
9738
7594
6250
7494
2787
2689
9565
2592
4016
6396
7650
1857
4755
3440
2927
593
1007
635
4878
4369
6883
1502
6536
5792
5064
3419
7868
5837
9107
3225
8699
6695
9479
8468
6644
400
8410
9746
1015
4529
7762
145
3896
4071
2604
9259
2578
1771
8313
3467
8166
1583
2486
2010
3407
819
3654
7586
3922
6376
8238
1860
8423
5292
4092
5636
7598
7860
7429
7442
1409
1544
2538
6276
3332
4567
8646
6302
4667
9084
7559
9748
1449
8712
5686
6854
2000
3039
4917
8218
2649
4591
5444
72
9025
3962
9039
3582
6911
4116
7512
564
6878
3608
1260
2826
7371
7430
9477
6333
3773
151
7676
8312
5915
1713
8056
8759
4686
1829
9079
8999
8981
8742
72
2762
3279
8580
2867
3926
1769
5830
1062
9293
5635
9303
8636
7239
6657
1831
9036
4331
2795
9618
5084
8221
2625
4285
9759
3809
591
8924
2130
3629
5241
9249
111
2637
3747
5216
7228
6656
1792
5278
2692
7296
4213
3063
7247
3423
2840
9470
2544
5149
2714
4047
1067
8837
9167
2944
6065
9895
5078
1831
2425
7761
5177
7621
5629
422
9283
816
8894
5456
8344
8286
8405
706
8550
5645
327
9430
5798
4911
8484
7318
4735
5747
6781
7622
3623
1519
2831
6142
9974
5161
4096
6805
826
3781
1045
3256
6449
89
446
715
2326
9676
5486
5206
1323
8124
2954
9905
4719
1711
4926
554
5692
8978
1238
163
4159
8397
1728
6889
6917
9927
3420
3198
383
4437
5612
4872
6194
2974
2014
5683
4590
1547
7747
6833
1416
4650
9115
8210
8149
4017
2127
6766
3142
8735
1515
1567
4971
3198
9142
988
5765
2501
2799
2368
7021
4442
838
8426
5450
7365
9812
3965
1058
8255
3367
1703
6801
7657
8942
7102
751
3017
7726
5702
9937
8271
4991
2800
4206
9031
5638
253
988
8839
3247
3568
598
2839
5174
7585
9389
2416
4899
7453
4377
8701
1616
3099
633
2910
7367
3418
1710
8172
9021
453
2257
1895
2870
4729
2844
4986
2755
1453
9340
3904
7183
3056
3025
8256
6721
8385
8735
3460
5086
1943
3652
9896
4991
5729
3334
525
3755
6024
4328
3037
7841
3952
4425
152
1268
1709
2714
7869
7650
179
9034
6229
8787
8501
8272
6282
1179
4751
3011
6693
2492
6848
2617
2436
2955
9102
3419
4058
7548
5901
8337
6944
5341
731
5167
7593
5341
4642
3835
1460
1431
945
2218
5914
1967
3028
1575
4295
647
1263
5327
1686
574
4346
6011
8885
4598
4422
9723
5576
9488
8542
2316
3033
6550
6152
9014
9261
5573
9915
3476
5953
5334
9163
9760
3299
6823
7775
8698
1117
4970
4996
3093
6509
9657
7226
8719
7024
1269
6140
1563
4204
8714
7661
3437
8493
2144
6318
5505
9767
5217
652
2648
5754
6002
6662
2992
4
1839
3980
5326
1280
4744
9075
2043
668
5458
8053
6905
8584
2603
8789
3808
6186
6510
5696
2841
9391
1855
1663
7061
2860
4483
1961
1867
9330
8735
9061
4110
3472
6460
1933
1927
6002
2404
8127
7123
3240
9740
9597
8251
1089
6973
7524
7180
5590
1216
6553
2803
2179
7686
4191
7479
6400
3185
1190
7746
126
8771
9405
6237
1180
4801
2984
3336
5145
7683
1804
3043
2724
4107
5783
9611
5184
2767
3134
5364
2067
7205
2446
8591
1677
7130
5571
1801
534
4590
8535
2496
480
656
3650
7683
2812
2450
1119
9221
5864
200
4672
8045
1830
2147
4840
109
4120
6660
7926
3692
2903
6783
3793
8594
4786
8766
9679
4928
3859
1502
5488
5338
1070
3770
647
7618
9396
4531
424
210
356
5609
7932
6518
7760
4712
9186
835
9677
2849
2561
8152
2932
5220
2392
896
7973
3399
6134
1728
332
5190
1749
339
2540
6887
8448
2304
8647
2136
2934
2196
431
8744
2807
1058
7431
3678
2251
8116
5651
1034
930
9756
9694
5990
7654
827
5899
7577
4636
6701
7555
3016
1738
4272
8060
7929
6050
7327
2682
2853
3308
7119
1999
2217
2227
1605
767
7770
2837
2417
607
770
6926
988
6587
7387
1518
4025
8406
7111
1110
8795
412
8106
6051
9267
3492
7365
1457
8500
3697
3311
8496
1110
2728
9313
2420
1330
9179
7935
8182
16
5364
1998
3848
6667
9229
3814
86
4238
5004
3110
4776
2126
9853
3807
6980
5363
2247
5854
2480
1603
8496
281
1381
1821
7036
8676
7151
5951
1057
1008
1041
2069
6102
8978
3813
3375
9018
8444
2977
6509
7712
7882
4197
1033
3240
6794
9921
6897
3977
8233
3860
7952
7339
2982
7663
5817
6721
8710
3863
735
6899
7523
4521
2787
5034
3361
744
2218
8132
3391
9539
3354
7751
8886
5202
8210
4450
5794
6142
7171
2559
1881
4288
3407
7861
2060
1313
8797
106
6474
7889
3509
7126
636
6356
5966
1154
7840
3366
3937
1599
1125
5359
9018
7892
2559
2370
6219
943
1640
2255
349
1548
9412
3529
6852
9795
4351
5025
5885
3052
4661
5729
4679
5758
9885
9157
4267
9508
6099
5427
8169
3649
5280
7515
3072
4059
5241
5914
1402
2466
7553
9289
6338
5284
8572
8498
2115
3001
6081
5586
4750
249
3754
170
2167
7710
1739
8223
4957
3236
7245
7682
9636
172
9062
4714
6689
3536
327
5901
7265
385
754
7646
5622
8412
9301
3904
8415
2523
103
4248
9731
8503
6862
8944
7962
9259
9435
872
3944
4132
9939
5351
6743
1829
9402
6048
7312
7016
3470
9984
3093
6750
6989
6947
4238
6455
8693
4678
6958
4252
5206
7559
9617
5705
9861
2520
4180
233
1360
9667
1681
6938
1945
1928
2374
3264
2353
177
9649
773
7650
7526
8522
350
4520
8236
2477
4809
7821
4729
9826
7746
7569
8595
9259
4500
8675
6374
1545
2204
8862
692
3707
7546
3154
7382
8165
257
7885
2305
7769
1870
8998
5476
4964
1685
5734
6478
903
9734
1892
1132
3953
9519
7948
5824
245
699
9979
9565
3869
8280
6121
6799
4955
9526
4851
151
3688
5691
4979
9572
8107
772
7903
7933
8535
9382
5388
9067
1985
6819
5772
7348
6573
9847
6539
7090
1764
162
7281
7922
1172
6320
7685
4008
3156
6340
4207
2575
9922
7108
3416
3422
8988
3229
3697
3686
775
3782
940
5577
799
2387
9450
7413
1163
7472
8978
4749
524
9357
9611
696
2578
7273
774
1938
9659
1047
4203
1873
3177
6718
2207
5923
8351
6044
5439
5811
9928
8314
587
1626
5939
5082
5922
6322
5807
9436
837
517
1807
3569
8155
68
5963
9639
9841
8339
4883
7923
2427
114
9647
2061
5676
9287
4344
3045
878
55
6365
5203
4206
9523
5859
3100
1831
5983
8397
1665
681
5118
9587
8785
7398
8713
1842
126
7657
1294
2000
5357
1523
1477
4074
3719
8883
5822
5068
4829
5153
9750
1276
56
5640
201
7171
4430
7838
9249
617
1969
3377
8460
2236
2993
7855
9148
6973
3010
5010
935
6199
2408
6886
2159
4444
1774
6104
4604
2942
6935
9438
1525
8679
1579
1549
8398
8502
8963
6202
4796
2407
7312
3729
2035
125
3046
9659
2208
9230
9334
3408
8019
1227
8408
6825
3923
8090
4871
544
1414
9171
3687
7558
1880
5171
1122
7009
9960
9840
911
9984
4803
8858
3636
5901
4424
6938
9042
3150
9066
442
3999
5319
9172
8001
6354
4431
6774
6537
7078
6157
4446
3774
3985
4320
9282
2997
63
4152
618
7430
519
1220
1594
3000
8991
8569
9149
8408
3467
5851
6029
3333
7153
251
6303
6715
152
9342
5964
4571
7343
1653
5993
2883
1946
4638
7944
31
5126
1079
6887
635
4062
9898
3431
9251
54
3161
103
986
1365
9159
7342
6292
3472
5665
1864
8320
8368
7559
9192
1589
2165
8363
843
8087
7605
1541
8877
9318
9917
3808
6565
1524
5976
9077
9259
9121
8429
7826
5674
4421
8098
9526
7249
7785
7631
4539
851
3266
8302
6449
2734
7162
2750
1235
5113
8445
9766
4040
3702
110
4246
4985
9575
9124
3866
9050
9916
9332
5736
7190
3275
7916
6264
4891
57
1304
9427
8719
7844
7605
84
2510
4803
768
9020
4641
2869
9018
802
9533
2902
2235
5094
9141
9360
6527
7270
6700
1934
433
5786
7851
2444
3715
3834
5611
5690
5367
7792
6208
9023
5549
9352
3379
4443
5738
2580
2122
5764
433
3467
405
3186
6305
8193
4712
9094
9834
4978
2144
9557
5132
7304
6948
242
8047
637
1450
7017
9577
2698
1538
8153
4911
6285
5315
8473
1835
1129
9184
8699
7542
8855
1527
237
6435
6651
38
6668
2648
6914
2330
1251
5225
8326
3765
2514
9363
7700
2251
7130
3858
5957
8202
7668
7935
5928
4915
2081
297
5473
8281
1196
1822
1770
2197
3276
7047
4791
6803
3558
6190
7272
9213
6191
4604
5736
6179
8254
2179
2355
5619
1232
1989
8964
5098
85
6896
7707
4423
7592
1142
4334
4008
8461
285
5479
4132
546
2991
6203
8532
5176
4831
9530
1246
2523
1929
9058
7424
6332
3748
9854
7206
8352
3720
2044
8696
8033
1574
4220
6930
7698
8360
8117
7777
7328
6245
9297
7687
6484
7409
6185
4636
8869
3599
3643
6737
2907
68
455
418
9774
2554
6026
5431
8605
1181
2625
1910
3914
8533
7583
5865
7810
6545
7769
952
6235
6476
4607
6003
4406
7503
4757
463
8691
4883
7824
7818
7252
8033
4396
7931
5114
584
9401
6923
3115
5769
1367
2346
1590
7938
5862
2608
2877
694
4352
5569
8448
2230
1938
2668
59
5342
5829
5600
2405
622
619
8860
953
1571
4341
4785
3074
2962
6962
8277
4768
3792
1585
903
2407
9345
4375
8523
6022
8523
188
1761
4725
4758
1088
4726
4215
2802
6107
886
4447
9109
1346
2107
4799
8832
5574
9543
3244
5820
8406
5707
5389
2582
8516
6098
7715
5029
1653
6749
9890
9588
6946
5467
988
2816
2172
3668
2479
6255
4636
9202
1941
1995
697
3037
3210
4810
1410
5521
1979
5179
6059
1951
2825
3615
7412
1453
3020
530
149
7594
7924
8565
1782
1906
27
9257
650
9066
4263
2569
5724
8505
3963
9428
5234
1988
1309
6278
6366
4948
8882
5011
340
2965
9846
6095
4869
3198
8632
7197
1737
8280
2001
49
8524
3932
8213
1492
4367
7486
6146
260
735
8768
6565
4453
7475
1188
4925
904
4590
7842
4631
6311
5589
9986
7544
8362
2891
87
1001
8425
3367
3449
5532
6574
6919
6140
7181
1861
654
6738
8052
3972
5033
4666
6583
3777
3503
9683
1309
8741
9846
4993
7373
2523
2275
5962
6916
6244
2409
830
677
4122
211
8273
3738
847
2460
2919
4057
1873
171
7178
8403
4796
3789
1371
9318
2397
7114
7299
1713
4255
7930
2004
5064
7044
5904
8177
1277
992
4948
2694
1646
4405
3551
5974
2095
2967
6847
9551
6764
5532
8107
5772
6544
4050
1184
551
3108
9052
9609
9352
2111
7082
8877
143
5435
5189
6098
8074
1464
6868
5760
8659
5658
5165
5233
9689
2078
8347
1044
4554
2346
6409
1984
9770
6994
8296
2934
7714
742
2835
7999
1208
1176
5084
5252
4742
2844
1762
9405
6330
6329
2898
5793
2106
6988
9223
3196
5249
5899
3312
6959
3178
2263
6636
2368
7752
9066
7828
4098
704
208
3333
624
9109
8179
8952
5635
4733
8158
6048
5236
7828
6963
6992
7018
989
6648
7462
9108
7216
4891
8568
5491
6741
5159
5049
2879
2172
1967
8280
2922
4822
7942
166
6721
739
7313
8178
6078
1753
6469
4034
5419
6477
1754
1520
369
6722
6225
4735
606
2315
2418
2248
8613
1358
1197
4549
399
6424
7970
1929
1712
2055
8589
9707
565
5831
2761
333
280
7548
4197
9005
8630
1689
5043
7607
1368
4428
6573
4804
1165
6134
7603
4
9577
6026
1167
7668
4598
2608
250
9547
6585
9511
3607
4711
512
5557
3021
3599
4215
956
3074
1252
1401
2940
4850
9945
260
8030
2479
6412
4581
4372
2770
896
931
7403
5264
7704
3047
7338
5017
9106
6953
5610
169
7614
5446
4545
433
1658
6765
9660
2704
1563
7401
4105
7850
7610
4552
9167
427
9320
6955
8442
7109
9392
3238
6774
8532
904
2951
1064
8435
5042
3747
5604
5944
7557
7756
9230
6330
5491
2799
5856
4467
6535
8825
7765
9776
6350
3914
5648
6805
3247
3537
1836
3101
6119
791
4528
1391
421
6713
6398
5965
4495
2108
8249
7126
1199
8437
2225
555
3886
4272
5069
3999
2252
4302
9283
3063
3225
444
5638
8385
5010
126
9085
2017
9067
8026
460
1413
517
8577
1585
2826
333
4568
1118
2233
8081
4949
9502
1081
1791
118
629
9608
1548
4314
1672
9924
7182
2243
310
419
3975
259
8194
6626
3534
1043
4302
8299
6188
1459
1333
6079
7503
2219
7061
1843
8830
4032
6296
8936
6442
387
3070
8322
5181
5843
6712
1722
8467
3043
3155
6191
3009
741
6606
9335
9958
774
3962
1987
9244
8627
1854
400
3595
5689
4
4234
3451
2683
8532
8635
4035
4716
8010
8817
1987
9116
4966
5662
9370
6207
4256
6889
5029
9193
6998
9425
6709
6790
9396
9378
8204
7206
8543
6544
8947
2085
7550
3184
1515
6793
1205
5814
2414
6932
6127
1033
2001
9930
2999
483
9225
9388
4739
3749
5062
7219
9310
6535
5360
8984
7841
7836
5437
303
2717
7028
2861
933
5623
7211
9730
7134
400
3071
655
8449
7152
5374
6811
2192
7599
1230
5330
1534
9824
8887
7769
1141
9898
7019
6460
2720
8323
5541
837
6371
8028
9087
7467
2427
739
973
469
1935
4153
2055
3721
501
8657
485
1926
9810
7329
4914
9066
8921
3001
35
2497
1877
5981
9121
2107
9970
2000
5793
6392
5301
4175
3909
3234
1035
6199
3516
8615
5167
4116
7428
7666
9765
3335
3312
4613
2324
962
4308
9701
8945
8819
3149
962
4262
2748
1982
4706
2161
9195
5461
6457
5528
1243
2332
5782
8715
1317
2331
7485
4946
3492
2602
4492
6469
2132
6804
925
9883
5126
3576
9735
2809
6787
2569
1521
3756
218
869
7924
5362
8488
7507
2460
2339
6739
325
3259
2525
115
2493
5898
7645
1998
6268
5677
5881
9406
838
4673
8441
2480
7441
8884
1639
6588
8107
1601
6940
5468
5995
4647
1641
4395
6592
6949
3527
5148
5543
693
5510
3860
3384
9730
354
2629
847
2647
404
2984
3480
9109
4181
6277
9491
7840
1357
3474
9688
9431
9641
4742
516
9022
6538
745
6049
4906
5322
3706
1891
5720
6570
7660
6831
5434
1767
8158
9958
511
6940
3670
1839
6094
2736
169
4019
4191
991
505
4322
2038
8727
9035
4691
5500
825
756
8056
9676
383
5409
7744
6695
4413
4559
3782
53
6816
4845
1206
4153
1203
9532
6080
8911
1296
6031
3349
8116
7043
5557
2654
5378
3290
3089
1117
2919
6489
3762
5067
1841
4043
2580
7840
424
2386
34
6048
8488
8911
8709
947
2985
7309
5982
1949
8796
1864
8108
3292
1317
4923
2219
289
9792
9623
3513
8821
5441
3487
518
9020
1628
8160
5095
7751
2269
4687
2103
227
9142
410
7131
3423
1843
7024
3472
9308
5242
1036
5044
4909
996
7404
8413
3405
8403
49
3850
9375
8672
6127
9620
865
7906
9572
5520
9338
5884
7910
1972
2914
6819
4324
8419
4465
4058
622
3687
9167
1773
1
6474
875
6263
6362
7025
103
9216
6492
1462
7280
2630
9277
7920
6108
8150
4394
2417
9708
1671
1275
5692
6465
356
8850
3184
7915
3380
6604
3222
4844
2792
2938
2099
2619
4048
1657
9658
372
9082
605
6898
1420
712
9741
9470
7027
5676
1383
7999
9410
7571
4084
6227
7812
7500
8550
9095
145
9140
190
481
4453
2255
3755
8835
1120
276
1548
4284
5686
2309
8631
9553
9158
9162
8274
5635
2664
2569
1150
2061
1296
8580
3603
9501
2287
1824
5654
4604
9192
957
4312
7228
1984
9766
7576
9629
5903
2311
7289
491
5219
6678
1070
1336
1251
5360
8657
2786
7377
5281
9971
5664
7673
1422
1949
9774
6038
3235
8006
7123
6436
8708
1277
6059
6064
9442
6102
3062
3915
9357
7618
508
9917
1264
1542
1099
471
2030
2814
1294
5281
6742
3914
284
6497
4181
822
9003
9805
4985
9832
9231
4792
6494
2339
3602
1896
1607
4072
961
3897
6026
2028
4177
7786
6264
6804
1661
100
1079
284
5629
9723
8574
5800
1172
2077
9325
1458
1062
1288
2647
6466
9204
9448
5389
4284
7622
9134
1848
3122
451
8876
8322
4618
2416
8796
5569
6091
8547
2497
8897
4689
3986
1237
4269
7888
4429
7521
8986
676
9013
8875
1216
8231
2408
4170
4102
3932
8090
9141
8313
3225
4016
5913
8328
7794
4620
8297
9455
5135
8481
9408
9519
6303
5378
9698
1526
7398
4635
880
9040
5794
8987
8426
6073
5579
8893
6495
8157
1545
1345
2784
8255
2464
9404
4915
5778
7494
9145
52
4615
453
5130
3989
5476
7979
1663
5909
3805
3294
1601
4799
7330
8334
3596
8841
3957
9747
4439
5805
3462
5653
6337
453
7277
6027
378
1055
211
8139
2203
7776
653
4655
1907
3893
2997
1769
7167
7268
8327
5773
3220
3505
566
2957
2780
1501
7672
2770
8747
9464
6645
2341
3006
2471
1479
1902
1775
5313
5422
2756
8070
5363
3923
2035
5535
5924
3943
9836
5812
2978
4103
2550
8248
8843
