2219
2179
6234
5804
2026
3423
247
7212
2110
7514
2514
537
7058
7348
4568
4515
5922
9108
4277
281
9194
5169
6474
781
9740
6208
9306
3203
7230
5608
6433
9095
9918
6609
385
589
6594
7803
9643
9108
3328
9179
3287
9476
8695
4848
6032
2167
7721
6788
5358
1524
3061
3726
9457
4630
6005
5284
3174
5067
1041
9101
7546
4968
8909
9957
8393
2650
3414
6378
9969
8519
1124
8131
6712
3251
3917
5680
9926
3007
7351
2620
1025
2411
5047
4495
9507
2092
3690
9104
6442
4249
9854
424
8924
8447
3839
2241
1524
7893
4314
9422
4877
1530
5567
6836
3082
5513
8616
1766
560
95
352
4286
4817
6851
2066
4103
3622
5044
5071
8792
7208
6465
4315
5243
603
5825
6613
3211
5527
2898
7921
6123
756
4687
1844
8324
6945
4571
4747
6023
1985
394
1625
256
451
2671
2443
2283
9213
5648
2265
5632
6788
7062
7739
9818
347
7872
2693
6950
4373
7303
5921
5383
4024
5035
4360
3222
9089
8061
1196
3718
7549
5206
4549
5350
8155
7220
9350
2527
9388
4005
8331
6925
1236
2796
6322
4411
5296
6369
4787
5751
4835
4421
9884
7316
8847
5299
110
8814
3933
2001
9662
3513
1609
4470
1000
1074
989
6582
1015
9895
7543
3496
4666
6402
8106
7400
2579
6592
4670
1897
2001
5072
8997
1810
4968
5400
8716
4841
4794
7345
1193
3486
6580
1074
8871
798
567
8906
8252
9288
1538
2951
7811
107
9465
9523
426
1438
2084
8734
6554
9306
1814
599
1246
882
535
1076
2915
1059
9969
5522
6603
710
8308
5078
9421
1970
1734
7393
508
4590
2250
9202
1170
1348
4492
4405
9562
9601
1671
4329
7623
5529
2211
4496
2388
8344
1294
9951
3336
1267
230
7733
9733
2861
2336
2953
5022
8438
2136
4908
6419
7933
3557
1149
4714
1973
904
8315
4332
5126
1761
7797
2361
4123
3822
6461
8104
8457
9953
6796
3343
4895
2381
6815
3452
1816
2589
7374
3934
4013
785
7165
2003
4632
150
3004
3870
8228
6208
873
9972
2464
4742
293
8868
1074
4923
9524
7377
4408
1204
1198
7933
1705
3691
1363
2371
2059
2639
8731
5937
6973
2198
3098
1712
9812
1168
7075
4946
3492
7577
7284
8759
9780
7466
9823
6860
6660
7372
8744
6065
2394
2763
7562
3236
5735
2131
8709
4815
521
9354
9282
9643
1513
3306
5495
3824
2901
89
7301
7114
1624
8870
9214
8713
8885
2513
2069
1445
2083
9080
4654
6924
1986
3146
7508
7322
2556
5706
8089
3652
5462
5410
4232
5425
3397
3217
6342
8453
8510
3331
2455
8363
6182
3323
5709
6670
4056
5455
6347
1668
2165
7392
4200
5608
9205
6501
2032
3986
3195
1059
4884
1589
807
347
8960
5093
2310
2112
1533
5427
1748
8467
1773
6167
5441
8877
804
4841
2752
4408
8631
364
7404
1722
6428
2151
6006
2416
2545
7712
1258
4819
6936
1815
7760
7785
6000
2861
974
9338
2031
5600
3562
7501
8619
3204
1660
6463
9416
927
1698
8416
1579
4320
4798
746
3774
3165
1402
7246
3436
7289
5068
4093
1004
8382
9044
3071
3578
6444
9346
5236
6288
8494
7812
7989
1989
6021
2381
6470
8044
9827
274
3530
2461
1974
3438
7891
6336
4800
2773
5013
8917
5871
4645
2661
9521
4765
424
611
2019
8630
6390
7569
3589
7857
5672
3823
4158
8494
8663
1685
5636
8907
6563
6780
5375
9650
751
6937
9064
994
3274
9815
3280
1592
185
7008
1021
5817
4975
7159
1839
6415
4222
8037
3233
7199
8103
79
1707
1203
5486
7600
8324
2152
585
4312
7845
1686
823
1313
9081
3447
4845
4169
8144
150
2667
881
2755
8710
3566
7505
4162
348
5246
9877
8296
522
4728
7657
5392
56
7206
5548
3377
8833
9497
7300
7941
3703
5929
8910
2407
532
5683
2511
3115
8639
5841
6988
5207
3751
3624
6115
2831
1567
2603
7173
4287
8454
5356
96
5153
3538
4227
7660
2558
8216
2551
258
5761
8810
4873
2484
823
8733
4000
9677
2483
662
462
742
5038
1361
1410
4818
3435
7294
2791
9031
3321
8761
6026
186
449
1091
2024
1141
6463
5266
9782
775
8286
2354
9002
9224
700
2214
6375
1847
877
4447
7078
5859
43
4456
7983
5506
5786
8476
9591
881
1306
9412
6884
1577
2902
4593
9627
5178
969
7810
714
7063
6704
5155
5026
3069
2106
2210
2396
1649
364
5775
7549
934
7954
6047
3268
8871
5200
1293
7584
631
4422
4286
7278
5474
1554
9199
2207
5408
1135
9149
5593
5158
8043
4337
5508
9032
4470
3478
2949
2767
7318
1320
2279
9763
9015
1307
4628
8293
4400
949
2372
188
1186
4121
813
1514
8681
9041
9480
3722
6149
503
404
296
3746
8992
3460
2972
9682
5286
3843
5317
2749
4928
7128
2638
5231
384
9076
7744
4352
4728
1352
772
8401
3754
8548
1955
2689
539
5514
4684
8207
532
6321
8753
4442
3445
3670
6078
8117
4869
4988
4246
8630
7946
3332
5980
6093
145
7288
6732
3826
859
9297
5604
4583
8261
6760
882
732
1506
5290
7419
6082
231
4564
1284
7191
3586
9070
4801
3968
9896
4900
3912
7685
8842
3455
6465
8149
1267
6659
9388
603
5953
4481
3551
9032
5373
141
7659
8304
4088
7130
2090
6145
9492
6752
5143
6909
1629
7488
9145
4457
6226
1566
397
4701
9588
3997
5376
6588
5194
4281
5878
2350
2589
9758
6506
7433
4919
1190
5394
1375
6339
4719
9277
7264
6209
2442
1212
9455
8521
7904
6411
930
7385
6079
4347
8484
3212
7554
4749
9845
2665
2735
9836
5489
4661
6746
5959
4045
3718
7063
2715
5501
8566
4861
9353
451
5280
1206
2681
9027
5722
2626
3290
1250
142
8843
4372
4508
8119
7299
6444
1508
6837
3913
1780
1974
1100
4155
8717
9608
207
5317
2441
5600
8181
7656
5697
3199
1110
2838
8704
1547
9108
5322
4363
5834
5592
2196
1917
4570
7095
8178
6658
7133
8785
9306
2192
1234
9943
980
9102
4767
3574
6980
6274
7274
8516
9716
9674
3159
1766
3057
7718
8844
1419
7676
9760
400
793
9393
4810
1601
8626
308
531
9301
9362
87
2341
969
1848
7480
9358
149
863
8647
1784
8816
3432
7782
8503
3808
2981
6377
1279
5177
4948
1900
1120
7895
2262
8916
6863
7015
8427
2045
6914
6639
5452
5539
9367
2286
7477
2925
2081
5742
4813
7315
5425
1110
3059
5632
2317
5804
4759
9890
6735
3608
9122
1870
349
3475
1922
7041
1568
8622
8566
8770
4051
9327
9619
9523
2746
870
5265
9222
5308
3151
8981
4235
4319
4560
875
4919
3983
9393
6063
2465
8410
2955
4808
7415
5739
9497
6658
333
9137
2971
4231
9461
8123
7498
4282
3274
9490
5190
351
6726
3283
794
6170
6916
7591
4865
5554
3760
2705
7090
5634
8490
7748
9063
9740
7225
4542
28
3978
9900
8581
6370
7955
6411
7293
5427
9286
4605
851
9919
6613
2419
8120
6581
6849
3921
9181
9470
8622
3021
2152
6468
1828
8800
1969
9488
1601
329
1947
8080
3038
7473
8546
6679
7964
9897
4973
3902
346
8847
8576
2760
7143
9312
674
820
8302
6743
325
27
2419
8483
8839
3225
472
1687
9796
3305
1420
4427
5702
3177
3793
1488
6826
5677
344
9633
7648
7567
2651
4309
9023
5524
3239
9041
6066
3769
1748
3657
3395
7420
1971
7991
3155
2599
6211
5556
291
8936
847
8196
1602
828
8551
8511
8643
6665
7898
5785
7449
4091
877
8658
8706
3078
5499
9465
7486
1674
1272
7004
1883
2933
6371
9883
4159
8226
9160
1659
9696
6143
3520
1398
3683
3276
838
9247
9951
2767
1190
3107
3757
7237
707
7931
3119
8579
5301
6270
874
2970
6126
7860
2561
9017
8520
5605
8223
9468
5997
4959
9505
6995
178
5319
9997
2029
4896
1798
7747
9395
5344
9109
495
5665
7587
6468
5224
6431
155
3219
9881
2846
3898
9668
3785
8093
4373
3463
1192
9723
1764
7653
5240
5591
6104
57
133
9908
6970
5720
7171
2952
8892
8177
6100
3619
7102
5952
7090
5997
4848
4652
2543
8920
7055
4672
1510
5669
8798
3047
8029
4130
3409
6352
1178
9329
4217
7681
5743
1348
871
6152
1955
2884
2159
8781
3647
7344
7067
1603
385
6003
5640
3805
2688
3518
7649
1069
2270
8533
9991
2552
8003
1094
4041
9221
123
6355
9398
3060
110
5617
8972
6059
8967
3353
3099
5692
4724
3515
3116
1122
9193
7667
5672
6202
8721
5172
3638
9439
3987
6448
3204
6765
6285
1193
7968
4887
1007
9970
8612
2436
6950
1247
5725
8404
4339
2172
1734
7169
9688
4217
9526
6321
6030
6770
7058
4279
8774
1308
6880
5305
9034
4459
7625
2556
3791
6385
4698
4955
7082
34
2264
2391
4732
6899
3773
5624
4507
8288
3923
8930
8958
7580
6380
3859
5716
1747
3260
9784
530
5580
7347
5439
663
330
2571
9480
6270
5778
6426
6532
48
9686
9444
8304
9283
9792
4481
7275
8834
1115
5494
2130
4346
1322
4659
5836
9871
3420
6376
5649
3897
8263
3605
7719
8158
8257
4940
7076
7981
3326
8133
8359
3828
5300
1726
3330
8271
3402
109
6608
7278
2063
3012
1908
9665
3830
4031
9618
6307
4399
124
1046
5520
9409
2200
8242
9699
2996
1522
806
1793
3995
9278
472
1580
8094
9081
8643
3973
8950
7700
3691
2209
6033
7599
9822
3127
5317
1267
9270
5523
6481
5035
9564
6138
8719
1440
5654
4074
6742
7968
5745
6701
6428
6347
3002
8827
4521
1513
4053
6152
5334
8267
5569
3521
2532
7293
7779
782
5706
8660
8943
3045
5014
2986
565
1675
52
5971
8263
1047
1836
3562
7849
5413
6790
7933
4049
5108
1961
4707
1918
4045
2865
3094
1077
8832
2030
9616
9511
1884
7993
1302
9742
6971
3010
2059
7318
1640
9828
3971
5528
9502
5274
1717
2162
9230
1819
3387
6562
6348
6705
5977
5889
9399
3544
2632
2828
2387
8417
4574
2606
3397
1046
7884
2074
7722
1416
868
4659
3140
2900
6788
6942
1667
4580
6259
1295
6763
3057
2103
7937
9511
2790
1409
5650
4155
689
7110
4666
5406
5762
8810
7260
6428
7062
2251
8900
2182
7245
5783
3425
7620
2183
3211
7164
8761
7245
4394
7206
1713
8524
7318
3217
8666
412
6942
7445
5403
4158
7843
4530
661
6581
56
6405
1813
8332
4823
5283
4499
7861
458
8066
4155
5889
4284
4775
4358
8827
1805
7834
2595
2734
7035
5606
8055
4247
6180
8701
9582
1270
261
905
5676
3582
2877
2556
1269
5148
2067
2489
3989
6772
5552
3739
8174
3926
8987
9171
4828
16
6192
1503
7190
3357
3787
7750
3747
411
4855
8576
6773
9674
5870
210
5687
1040
2811
4279
4047
1130
4900
138
7120
173
3325
7521
8496
955
4363
8371
5616
2497
2135
4425
8685
1612
3546
3970
1473
619
2827
9761
8711
6864
4994
3186
4282
4241
2760
4778
6456
8747
8781
3995
4584
406
9862
4502
8165
9555
1793
2267
9062
8113
742
3260
3020
7551
636
5169
7511
524
9220
804
4053
8939
9398
4924
2856
3955
4119
4695
6883
626
6388
4367
8929
2865
7565
8960
642
3698
4065
304
8178
8838
6849
2540
4408
9899
3556
7380
4808
2418
4151
5101
8437
1407
6494
8485
4231
8042
1916
6099
1796
8099
3739
3803
4575
770
5288
4049
3562
1388
6830
6486
5496
8162
3021
3502
2740
1715
1526
9346
1463
9409
8055
1344
8154
8305
5326
9456
6713
2812
4827
6082
80
7427
1734
2819
1909
687
7786
1983
2449
3958
7213
8000
4348
1402
8269
612
5652
9803
1816
2796
3258
3965
5031
5233
5769
5236
6025
1266
692
5835
3656
8024
106
677
9258
9258
6600
4011
103
972
2684
7363
7745
5506
8738
3905
3572
9379
9773
5224
8732
9049
2307
6169
3662
7108
7605
7084
6324
4270
7434
2300
104
3289
551
8621
1691
4869
9341
1097
5875
7118
8031
6359
9215
5409
4830
9933
8472
3743
9330
1324
1511
3851
1656
7162
2781
4493
6819
5998
2610
1945
1232
3635
6829
1529
4074
4767
8285
7399
2566
7710
8674
8599
8236
8919
7899
5553
6435
2144
2701
8396
5704
2877
7644
1110
3163
1476
3913
7856
1046
7692
5208
726
6586
7908
8621
5069
5559
6816
355
4372
4904
9517
4568
3869
4954
1766
2777
3717
8471
5407
2533
3391
3522
6255
512
8655
7681
2667
6647
9521
226
6140
2794
8970
1436
7091
4043
7
9571
7491
1170
7794
4487
6204
8666
5795
4970
6968
5116
5202
6300
6750
1109
9082
5813
6244
2327
3689
4062
4194
5385
2021
7116
9410
1980
6729
8138
8675
9947
588
6962
3612
6525
4306
7159
7277
4635
2508
6354
4242
872
7547
6567
6801
2786
6194
9348
1202
8804
7577
5862
78
1749
6078
1623
2944
5905
54
5080
633
1873
2993
694
4672
2553
3451
4492
2085
5503
7854
5429
662
7347
5285
397
7371
8623
7036
931
6604
8204
2211
6877
675
8222
7089
3368
2108
2718
8005
4153
8025
3794
504
9877
5873
570
1374
2234
4104
8378
2188
4904
7034
4287
6547
6192
3361
6720
9130
1047
8823
3859
1930
1670
1877
2168
7586
2530
8649
9286
1483
3459
7414
5504
934
307
8918
916
882
1140
4154
3152
2777
2014
9778
3025
1338
5749
1623
5705
5537
6691
4470
3900
802
9399
4968
9207
1846
5273
892
9390
2876
9512
9286
3825
8944
6867
7376
3962
3289
8368
3294
6885
7259
9452
4064
5468
1661
6320
1441
6590
2870
620
1853
4348
6273
7346
2607
480
5535
5698
1495
1738
1179
94
5691
8872
4392
7849
8613
9041
4727
6657
4522
7710
3045
3733
7066
9365
4385
5045
1971
5892
715
2613
8944
4935
56
5741
3583
7637
3986
5072
2592
3277
6173
1191
6586
5897
2756
3018
7848
4316
6145
3130
1568
8061
2619
813
8675
4240
4890
7575
7648
9133
4166
2434
7924
5584
6221
7818
1932
9836
788
8536
8491
4220
9829
7288
8822
9368
630
8057
2285
9040
7754
7776
9204
3656
3713
6441
9760
4544
1691
1772
9741
895
4921
2232
827
6444
2996
3999
4826
2920
7831
6253
7642
2011
423
2101
4773
7337
8020
1002
2792
4049
6231
4247
8764
3810
1851
9293
8707
4426
5496
5591
7502
2541
5626
2394
4476
7758
8928
9294
7532
4381
3921
7571
163
1469
1177
3602
5241
7921
4640
6002
9422
1938
3660
9396
3402
7375
5069
475
98
2418
2886
5451
6535
267
1836
2253
1096
5052
1014
7660
8087
7679
7412
7871
6633
9415
1596
2195
7671
1602
9360
8932
3410
7240
5580
5129
1284
2724
9931
3241
721
4091
6185
5277
3115
2461
9922
4372
9989
6855
8121
1469
799
2339
246
4644
4209
7229
7815
2236
1219
6466
2023
5877
2200
871
4427
3595
8507
9827
793
2715
5010
4635
6196
9538
8303
216
2610
6259
2182
5174
8958
501
1352
3531
5065
855
9421
3426
2108
5889
4417
8436
40
9000
8245
8227
3838
1981
902
7202
6715
2052
7835
6691
1131
604
3672
4446
6799
2143
9775
123
1001
8887
2502
6365
1027
363
3827
4987
463
2085
772
9852
8313
562
2588
4255
8473
7813
968
1892
1493
6040
5759
8121
1923
6592
3047
8741
5500
2987
8277
4603
2892
7929
8668
4252
2694
500
6215
5052
7445
3230
6705
3055
5805
7158
8577
1231
9167
1158
3684
7021
5115
8299
3890
4081
9392
9746
5875
1776
47
3052
2682
8810
5102
8622
5711
4812
5736
4007
8731
440
8289
8894
4844
6895
4504
344
2249
5401
8069
4755
8415
625
6449
6867
7561
5375
6725
9894
3070
3443
187
8213
1141
6283
1473
5593
3123
2433
5836
8
9445
820
7352
8203
601
5426
7741
5469
8246
1727
174
5394
3325
6516
8300
5265
1351
7606
8407
9392
8013
2434
4452
1770
1415
6403
2425
2512
4236
7551
4277
5161
7064
4996
2846
9079
332
5994
4546
6200
2414
7509
5663
3333
353
4666
8158
5483
2944
6475
809
5843
6388
9425
174
7552
8582
9237
7419
2549
8845
2587
7689
9392
2088
5323
5222
1719
6552
1277
4298
782
7221
2353
5931
8385
8241
2680
7804
6436
5401
7522
176
9013
8583
6997
124
3082
3765
5894
8123
6669
4668
6360
939
7201
5530
6414
7380
9871
5554
7070
8233
6690
1965
7813
5831
4043
8815
7729
4010
1761
4949
1198
4975
6456
9866
3520
692
173
6680
7706
8012
2508
6747
2457
3119
9903
5953
8321
7453
8099
5726
1313
8675
6200
9596
693
1494
149
4032
9576
6205
2965
7320
9556
4699
6050
416
8248
9385
1932
6643
6196
6451
1894
4751
4324
329
5342
2193
9543
9893
9559
4752
7115
1340
4821
8181
6150
717
3492
872
5827
5367
8260
5958
152
3160
1829
558
5776
6575
4364
5499
250
8259
1663
6459
2412
3564
5699
6287
9925
2783
8943
1851
9582
6312
2524
2637
9724
7040
3420
7802
2854
9757
1347
5940
621
2568
247
184
4540
6570
3568
9955
3933
8576
2299
3605
1702
6798
8305
1134
3374
7920
399
9972
9488
7627
1361
295
123
1922
6192
171
2595
2004
470
9077
472
6834
9866
6209
5504
9278
4828
8544
6116
2400
9870
1199
8580
5698
8204
3778
6824
5355
6970
2079
2628
4105
6953
6599
118
6967
3542
6096
8687
6542
943
9069
1788
8344
5123
2463
9473
4031
8117
3396
8033
9412
6603
158
4444
3020
4537
8959
9957
6117
7846
6448
7646
3510
9880
8417
3602
3300
5377
9514
8335
3009
7141
8784
7023
2078
7862
7476
8241
9282
3726
5829
761
5251
3000
2470
5008
6272
556
3690
6585
8577
8885
7003
3330
1478
3649
1001
9811
6397
5748
4688
5526
927
4297
1363
2178
6857
487
6597
8838
8233
4315
5798
5231
9950
8584
4250
7286
3122
4759
9397
5033
2868
8124
8067
724
6477
3640
6212
3708
2789
4853
3268
9864
5758
593
5081
4380
8509
9465
5654
9027
3049
9793
572
9448
7292
4190
4863
4033
5302
7425
7799
2873
5425
9280
637
9177
9664
3314
7221
8130
7504
6054
1052
6745
6240
1072
4870
7407
7469
8562
1642
2124
9462
3203
1866
7304
6863
191
2298
7749
3088
955
1633
6077
9693
1043
7405
7331
641
3410
4353
8440
4323
8940
826
5037
7691
1579
5839
4448
1822
8085
4966
3077
6436
7558
3140
4594
8779
9775
3532
3911
7332
5755
4537
4408
6012
8026
4967
6984
3653
1932
5643
2596
5954
235
8674
3273
2002
197
8727
7058
7603
1845
1406
7634
9752
973
8878
9339
9365
6530
2108
1049
1127
9796
7666
2991
8736
7497
6542
9307
8736
3477
3127
887
7840
6967
4490
767
9000
3171
6546
7563
3601
6616
7526
9000
2532
8285
509
4839
6656
3309
6220
7361
907
1947
4512
1061
528
1412
5399
2992
3303
3120
1017
8520
1890
2084
2292
9829
9235
8328
5989
9548
3419
4704
7570
5818
5229
841
9716
8793
6993
5393
2130
5922
8949
755
7880
1487
7646
4238
6214
7339
5036
3986
549
9625
5723
9622
2053
8430
7046
5688
8946
9100
9334
1730
3797
7643
9592
7365
8391
566
9548
1429
800
4672
9897
3473
7885
7345
3230
541
2543
4817
3460
4094
9552
8575
9952
9617
385
3966
5060
168
3391
477
1525
354
2901
7153
4103
8534
2330
994
8292
2172
4442
415
3148
7704
6579
1150
9829
6724
3990
1956
4580
3240
8557
157
1924
7977
1916
5593
5459
5115
8960
7940
989
9076
3972
1728
3407
3439
8866
1152
6493
7946
7238
5827
4800
6940
3598
9387
7207
7814
7726
5258
542
4437
1633
5976
1148
1505
345
4132
6182
2406
3655
9316
4177
4284
7142
8122
8133
6117
4594
4613
6765
4866
6774
9537
2762
4258
6675
8748
2919
6649
2412
966
616
7400
5646
4436
2939
1663
7486
7713
3089
2556
4442
3954
1318
1150
8369
1924
715
4907
686
5013
7413
7882
7903
971
4943
2477
1285
8485
5594
5391
1060
2428
9892
2006
1546
5877
9286
3349
1981
3238
6120
2209
1532
6882
5519
9406
1111
6451
551
117
1003
4403
8683
8116
6373
3815
8833
4498
3400
9065
4499
7565
1706
4160
9304
4610
8536
478
8753
3368
2362
8982
2223
4474
338
4647
9201
2559
7933
1962
4331
6280
1436
9620
6371
8789
4060
8824
7013
9028
1377
5308
2759
6199
9730
9846
5126
817
9325
7668
79
9453
8971
4901
3354
2042
2526
1958
3200
9415
759
668
3005
823
2997
5787
8976
9089
3848
7826
2032
7431
4467
7332
7801
8705
2575
3395
2628
8278
2988
3706
1988
5190
82
5847
8413
1270
150
4467
3071
6072
105
6528
3792
167
4250
6078
1159
268
7996
2617
980
7856
5186
7987
5454
7871
8822
9337
964
2421
4185
3605
341
7400
7844
2480
4844
4577
766
7889
8194
1304
5798
823
8951
5883
8432
9423
5451
3338
8861
3282
5799
4947
3714
5405
8441
9717
7899
9118
1276
6675
4584
1097
7030
4007
3013
2388
3227
8399
1032
5973
6190
7817
6548
3606
5016
2743
7210
18
7441
4399
7695
4927
443
6018
5080
7320
4063
4631
4961
7541
1567
4675
7118
7529
7978
8823
2201
6200
590
2037
8602
9267
2839
3248
181
9858
8774
480
9132
2076
157
2511
8501
9382
8502
5395
4039
8854
2755
2664
4654
7810
7489
745
6782
4346
8294
6011
276
5663
6841
2183
9783
9214
2848
689
8141
5149
6420
5673
5531
2593
6514
6142
789
5306
7547
1690
4499
2907
1930
9406
9092
7802
1669
8586
6284
4368
2061
393
1625
7661
736
4695
3603
4811
7886
8000
5250
1565
7704
3703
1242
2197
7188
5679
8449
5023
6637
5130
3809
4013
2712
6827
5672
3855
2593
122
812
8542
6579
8499
1165
198
1671
9227
5299
1886
1812
5841
8182
4885
1349
5293
1837
8603
7624
1944
4702
713
690
5815
2659
2078
9248
5781
9102
6743
4856
1611
483
6089
3822
2767
5972
9726
9250
7575
9034
4938
5063
8952
1103
9321
63
8655
6488
1672
5873
635
3167
972
5165
8502
9728
5954
2550
6990
9609
9748
6142
8164
8260
2693
111
6223
1249
569
7733
3934
7212
2420
698
8857
7310
2574
4121
7170
3824
9311
9444
5614
538
3085
7617
5610
9225
4191
7039
43
4431
5276
2871
7270
9076
2213
5725
8809
570
972
6501
8884
2670
5648
546
8999
5210
3030
5353
6186
9768
8629
1349
1635
1601
2014
6052
4871
2372
4662
7151
2768
7362
1682
5270
3447
5493
94
5418
9471
1265
4074
9860
686
7459
8321
7602
6712
3126
7287
1586
2649
4596
9694
8679
1455
6937
3349
361
7090
8004
7742
1929
4961
9703
7818
3009
8378
6333
4756
7930
9894
571
3751
167
2191
6399
9676
5695
9374
2901
7924
9736
1285
1289
4670
8623
7926
2838
9189
7860
7598
9933
3881
625
4258
6561
7801
9307
9332
6303
1626
1954
9538
5036
7015
8531
4123
5334
2837
4588
3887
588
3488
8287
7938
5673
8488
6064
6556
4844
2706
7449
5936
9795
2844
6413
951
3734
3361
8312
6728
4128
5157
3781
6775
7975
8702
586
327
9565
2207
7758
4797
5919
6034
4891
2291
570
432
1326
613
9038
6464
3276
9355
7467
6411
1918
4948
1576
3848
7308
7275
6274
3481
1288
3225
2897
16
2561
7622
759
3359
6553
9389
7921
7083
7952
9644
6448
4556
8687
3861
3185
4820
3376
9956
6152
2857
8282
4380
524
5569
7723
7200
5403
1049
6207
8651
5918
994
5245
2093
5800
9256
6080
5075
5672
5872
8610
3698
6765
3710
4900
3951
7513
208
523
7406
9630
8427
4277
8245
8070
7840
5434
1867
7247
4858
717
8243
4146
6134
1760
7279
1284
1679
3831
7395
7078
4134
1429
5816
903
5115
5924
2633
874
682
9936
7181
3106
580
834
561
1033
2969
3515
4673
9504
6767
9622
8563
8465
1122
544
689
6432
3448
8275
5729
4560
3968
9950
1650
9890
5894
6224
261
1831
2277
963
7094
2695
4714
4566
4101
3883
2000
9827
1381
5396
6702
6975
6833
3230
3529
9551
3974
5295
7863
9240
1505
1466
3329
9999
8709
3360
6628
4527
1593
5254
9925
6568
2988
5809
8878
6821
6582
3166
6282
3270
5500
3006
184
860
5231
366
3919
8115
3186
5493
575
4617
3174
8215
1775
5293
9525
6615
153
4979
3175
7481
4958
3140
835
7349
8455
1729
9126
823
2905
5000
5577
4691
1220
4512
290
4021
6216
9343
9178
9895
3269
8859
5446
6349
3822
1484
9412
7018
4856
6384
260
3221
2101
3513
4480
2325
9639
9665
3418
9017
1379
6429
8001
4981
452
1952
4734
1383
5769
6518
3489
9416
5308
2385
8116
6894
4448
9920
1592
6973
518
9691
9780
9389
3996
6796
7895
9703
179
9815
7734
9258
8891
8538
1718
442
3261
8191
5224
9592
8564
8974
3436
4172
8009
895
4563
6638
3978
798
9733
2469
8519
7191
9323
9607
6985
1281
5787
8207
814
5463
6942
8572
4789
7153
2111
598
3954
3825
6066
6923
3551
6682
6334
3048
7824
1131
2552
6835
5105
8600
430
1973
1070
2681
1101
2117
1711
8748
7904
6863
3837
4614
5973
8084
1077
3063
8669
9179
841
7036
8144
1957
2461
6077
1163
7966
2149
998
4695
4528
2936
6115
5943
769
6576
3333
8398
124
2273
3745
5210
9405
7076
1560
7265
6886
240
2689
5350
911
9283
6322
984
1482
34
13
5720
2932
7691
3447
6757
1592
835
4388
5109
7533
8609
4286
658
9200
1030
7781
1646
9756
3927
6624
5317
1957
7192
5473
9326
373
6455
9703
4493
974
9042
9885
3784
9662
3222
240
6436
6400
2934
3949
6139
5534
6420
8729
8220
9812
9359
378
5056
8673
2457
3074
6164
9607
4227
8061
7000
8289
2311
8304
8562
1108
6530
6481
3440
5150
7724
8405
9993
1563
1493
4692
4078
2167
2718
7865
5826
5166
1249
2341
4514
526
4334
4100
6547
4974
3476
5319
184
9896
6728
2752
2221
2257
7684
8413
819
426
7375
1307
1239
2287
6341
5259
9329
6077
3923
8130
5638
9568
5553
9403
3307
297
9996
9655
7303
9279
3439
6261
3187
733
2989
8556
640
8665
926
84
7573
9477
644
9557
1076
9038
3880
9192
5176
3554
2150
6665
1870
2111
3890
8206
5468
9894
6341
2433
8082
9726
2088
3161
7356
3572
1899
6999
7233
6960
6851
6556
4843
7476
8702
9256
1155
2717
7108
1533
152
8620
2508
3906
7628
5470
4392
1732
6219
3735
8910
3830
5481
4446
5795
1113
5591
2770
1302
422
5362
3530
5815
6872
3656
937
1106
200
3623
1312
604
3136
5748
2638
1177
6192
1477
8131
3927
2463
5964
2722
234
5257
3440
4564
6725
1591
5257
4346
6354
1261
8792
8810
3022
6988
2641
5546
6804
4936
6758
8235
6788
835
7089
8429
5968
216
1757
2672
3331
3236
3586
3818
9838
4991
9627
8725
8752
8345
4709
8896
482
1823
8103
9621
236
4940
8649
1195
9591
7788
322
258
7840
1676
5426
9323
8742
1005
3320
4778
4768
1240
9793
852
542
8475
574
6370
8202
6354
1744
8472
8170
528
9491
4767
7958
2780
2804
2926
9712
3913
1408
4424
1589
3006
9819
142
8414
8100
5674
4661
8579
9694
7741
4450
1821
8754
4685
9026
3110
8517
6733
4407
2896
774
4128
9628
4094
3456
5815
3689
851
6435
4469
1858
5077
3100
4417
3802
3933
6209
711
7317
6719
8217
8428
4138
5824
8600
9275
6807
7304
9192
3089
9104
3238
5186
9777
1183
9450
1884
6949
3807
3267
2669
1011
9604
4678
236
