6430
7074
7824
4840
9047
6796
7197
8867
7757
3245
7338
2682
8786
4846
4462
4156
9096
3895
8655
7488
6895
709
4100
5413
2908
3242
7732
7811
5602
2445
7072
4336
4239
5555
3754
7391
7510
9926
5985
6531
6356
1521
8570
9730
8449
574
1085
9108
2837
1350
600
7963
389
3960
5732
2700
6729
549
690
11
1851
1047
8769
1253
6349
6242
4912
1366
4087
1347
3530
3900
1581
6661
5763
5155
1625
2002
3469
862
2922
8918
3767
7527
392
1919
2723
558
7138
7009
35
446
6582
6631
6143
8109
2573
5972
4309
6594
1024
1239
9981
1952
203
5388
7464
1889
9309
7471
8933
702
3209
6203
9823
7626
8572
1505
5463
7903
411
2628
9817
5904
1240
8849
5165
8397
7232
2812
3453
9461
9653
9974
2862
2662
2451
7755
749
4032
1217
7367
4727
1751
5127
265
8564
6327
4790
8447
7073
5394
2999
2689
681
4581
1604
8746
5232
5529
6525
7984
3260
7748
5641
9253
9872
4064
1898
8502
6870
1748
3914
9088
6792
366
1703
7859
8123
1986
7769
6767
5304
1788
4028
6219
3384
177
4575
6004
2876
1412
4743
4818
9078
3988
9664
2663
9720
2530
2434
7136
1943
8257
5292
2286
5707
998
7727
222
7366
5535
473
2100
5118
9472
4717
8679
4617
72
1404
4821
1700
6834
1874
5639
7616
4839
3823
9936
4697
4193
2016
6927
9524
6411
4649
5155
1541
8372
3010
206
7595
5922
1883
1522
6520
7107
2909
6361
224
3054
3663
657
7661
6296
4530
4739
3516
755
7945
3332
2105
2625
8776
2741
6466
2086
199
4533
1306
555
5427
3847
3724
5935
3475
62
6986
9688
3586
4884
721
4647
2141
6426
9627
9242
8250
7514
2432
8010
9747
3256
121
7429
3214
7671
5252
9734
5562
1752
4493
4624
3544
4284
7599
1178
2915
1819
8055
1124
5294
9406
6096
7527
9417
1590
7041
331
6783
3807
9023
1970
1360
9519
2656
3681
7221
2153
6782
5695
3813
3118
5683
6998
6051
8227
4311
3207
6242
4125
180
3290
3638
2697
3730
9538
8760
5016
5700
3279
6390
1063
7117
829
532
7373
400
7818
6355
110
2468
6501
6060
2509
3344
6370
6458
7598
4296
9338
1713
7257
916
4079
2446
3866
7481
2205
1549
4517
4279
7515
6177
3574
3727
9777
2788
3783
1678
6948
6363
6651
4890
8461
9204
472
5015
3879
6351
898
5735
5671
262
6241
300
1798
8218
6836
1659
5082
3596
4623
1551
9219
1701
6000
8055
4689
9203
1040
5981
5554
8368
9141
6004
2233
4704
6259
9373
3306
2023
1634
7318
5970
5988
107
1584
6804
2510
6765
5339
9662
9050
4684
3536
9642
3654
281
2475
8944
3253
3452
7299
345
72
7117
5671
6926
181
4611
1158
2159
8854
9172
8491
2815
9472
7691
8084
5837
1934
8919
7789
1822
3322
4384
4174
7125
7928
468
5789
8836
9631
8672
8241
1292
7493
9242
1381
9185
6486
2763
9333
1705
3520
9354
9241
7315
1133
1827
923
1828
1630
1847
7077
2060
9825
9453
3916
5319
1839
7302
6707
5872
8613
6558
1262
3776
1788
8142
2900
7204
6791
1263
2575
8972
3145
5785
6420
5680
2000
3753
1945
3581
2
9361
7080
637
2210
9401
7375
5109
1599
8003
3120
6600
8618
4572
7964
2328
6609
4991
4455
3388
2909
6771
9064
9453
6740
9941
8672
9771
1820
2240
2116
9165
5037
7752
8488
4966
4882
2727
5370
8274
2300
5807
777
5807
6210
5166
1856
8057
2424
1167
5362
9230
3627
7852
2531
7184
3591
7345
7073
5448
2693
9293
4142
120
2021
1826
5515
8377
9955
5099
7666
259
9273
6477
3168
9003
2529
9830
1901
630
309
1410
2921
8828
1221
3693
4501
2008
6756
1763
7900
7596
992
6930
8700
3841
2700
8865
7540
6556
5196
7594
8347
7387
8188
1858
2698
975
9740
5018
8696
2868
3772
414
9153
8284
4448
4746
9138
442
3393
7213
2995
9305
8448
6069
6897
8669
9495
2362
3751
753
7582
2615
8360
1423
9351
3234
2940
3759
391
5661
3077
839
9105
3605
6029
7248
784
9128
5229
6553
7488
5300
3212
9621
7882
4602
7026
5263
4939
849
4488
4206
4079
4342
3279
3987
7919
4305
2297
8671
437
2452
9367
7506
935
7852
2912
4718
6776
6474
779
5498
8599
9419
6618
6258
7153
5683
7683
3516
5082
3913
4635
9797
6275
9564
6465
2906
7496
2211
517
3411
2346
1185
9171
1881
1028
9879
9664
6856
3180
8244
8256
3424
4760
1576
5313
1477
3289
2646
5175
6567
8137
8727
197
5516
3165
1275
1109
9240
2343
9115
5668
4863
7402
9514
3325
6193
3914
4602
9248
3652
1040
8442
2575
2736
9512
7021
9717
3875
247
6822
4467
7653
2748
9983
2329
3045
4161
1722
4013
1778
4734
894
5850
7095
9034
4003
3704
7742
9551
4008
596
6661
9593
657
6093
6557
4987
3263
1466
5086
4959
920
1835
4057
1239
3301
2666
5782
2948
5498
1902
4092
4706
7328
7724
463
1566
2702
1177
5123
1861
3127
849
9230
9835
924
9037
5724
8293
546
3781
1468
7139
6382
4578
3896
5325
3677
4350
7410
9673
209
9483
7049
2934
9269
6124
8619
6473
5329
3540
7252
8769
4777
1625
6997
9913
2575
8709
1328
1001
3994
3145
8112
9145
9950
9741
9189
5044
6586
8936
7196
9653
961
4489
6718
6128
2976
1312
9455
5007
2607
4060
5942
5543
4115
3730
9789
647
9359
2358
3566
4893
4522
346
413
5941
428
1776
9749
4606
3186
7117
8426
1099
1345
8252
558
3795
7655
2027
8287
901
508
4598
9389
5851
1016
351
2985
6522
7151
7079
7769
7028
5879
7292
8921
5114
1130
6382
779
2417
4519
735
2735
4895
4722
8663
7933
9154
156
4289
7935
5918
8125
2982
6508
8017
7789
1524
287
5045
6515
4186
3222
8369
5045
4131
919
7004
5246
7884
7644
719
2653
3332
2175
8934
4714
8543
2561
6147
1123
9527
4563
894
9621
5775
2184
8989
7431
5205
3234
4284
8447
6964
3753
7274
9704
5795
5162
5824
1339
4670
9756
5757
1514
910
5294
4371
460
9352
347
4104
66
9519
9472
1514
7928
1782
660
5267
8024
4198
5654
5124
5560
1144
37
9105
835
1553
4296
7241
6485
4391
7982
400
8544
2179
8239
1034
8492
997
4450
7702
107
8782
424
389
3467
3647
5253
4374
1460
2396
9583
7104
9969
6988
9214
2731
3323
1279
2308
6011
4833
6412
6710
7146
1348
7254
7992
2048
5615
3467
3016
5394
4372
1065
560
7524
5553
8301
798
460
9121
3225
8689
4517
6750
9377
2698
6540
8037
7443
5074
6427
9330
7665
1194
8192
4218
1244
7100
3961
6632
1854
625
8654
1103
5043
9676
9914
5054
6453
7828
2327
2817
8355
4112
2438
2212
3294
218
7944
4626
4752
1349
1996
5228
1161
1307
2230
8950
8999
4191
3383
379
3073
3234
8767
1360
1424
2273
2108
2694
9163
4075
7357
1753
6717
640
4775
5030
3653
8420
8627
4985
3626
8739
6051
9460
7913
5311
191
6235
2988
7621
9953
5068
7049
2222
9833
6397
9380
5953
5085
4702
7922
3110
9744
2989
3915
7877
1437
1256
4987
6764
9633
2700
517
9167
4291
8268
1508
4362
2193
5934
5984
5970
8632
5712
409
5722
9439
2072
7780
2130
3393
3417
2767
8553
2741
4272
8177
1875
6444
9486
4675
5141
1382
4241
166
6621
145
1403
1632
7151
6127
7107
4038
1674
1042
7082
2759
2570
4487
7542
1410
6262
5069
2411
3893
825
7104
4840
4932
7982
822
845
5074
7860
4342
2490
4703
753
3824
9282
6462
9891
1228
5038
6162
3265
1539
8750
7477
8129
4804
987
6468
3923
7108
5624
8601
2169
1653
7767
9814
7930
6321
8184
7308
3932
7460
5531
7526
4511
7844
6726
4149
8057
2222
4371
8888
748
3261
4033
6727
9091
969
9611
2797
7339
5610
4789
3503
3407
3688
9346
9229
7195
257
5507
7732
5618
9830
6970
9294
7755
4482
4124
1271
4550
8567
6533
1996
3229
2583
1702
2882
149
1692
9385
6464
7764
9588
6149
9355
9772
701
4605
4060
3765
9417
9442
527
2201
238
6905
5179
9369
6861
5160
6729
2317
7804
6921
67
6985
3522
785
8746
587
3631
7306
5316
1024
4854
2892
9392
3078
5464
3371
4455
8252
5101
5402
8369
2150
9953
6333
4241
3469
1161
7516
862
1507
3185
19
8847
2132
7732
8134
5011
856
1719
5154
4858
1733
5346
7695
4755
6609
9708
8962
8706
5285
6274
3086
2061
4157
7859
1258
3700
8827
5163
1902
1756
9324
9050
7799
9206
8786
3761
26
2048
961
2744
1173
5367
6901
9007
977
7063
4448
8479
2820
498
834
6555
3026
6361
6432
8825
1044
1561
2263
8727
401
5956
9819
7659
4424
5083
7368
6220
1936
4342
4233
7670
7975
272
2806
6494
8454
913
1784
8611
8134
5657
1768
8509
715
1110
8662
7253
254
8851
7958
2623
1385
8957
9220
5656
4108
3490
5560
8825
3164
9256
9268
869
7291
9272
3147
9989
5219
5157
1532
5869
3995
5517
9451
2587
9884
4107
5729
2923
141
1973
8154
7290
1867
2921
1068
1989
8917
3103
7655
6525
9891
5739
6440
6201
950
5571
4919
4840
5466
1527
9921
930
3001
1537
160
5257
665
8330
581
5537
6325
2789
6008
1817
8298
8765
4183
9110
7975
8551
4202
9611
120
1011
9735
1894
9772
9605
9232
8457
4289
1098
9466
5780
2226
3833
2249
9900
3255
8071
6983
4378
2474
8935
2532
2050
9274
1708
6920
4686
3784
6812
4035
6919
7999
8948
469
9568
321
3234
7129
9487
7820
7155
908
4376
2107
4617
4732
535
3752
3207
9515
1274
7472
1741
4051
1497
2223
363
9539
2947
4650
4036
5672
3718
6508
3745
919
8282
5112
5966
358
4091
3549
485
7002
2898
8696
2837
715
2095
6450
5070
9124
2196
3178
9932
9031
5936
1054
9294
285
4775
3171
8930
6491
6923
340
4463
8880
7450
1622
6110
7147
755
4538
1893
2569
6021
3004
897
9548
567
8169
1280
263
6750
141
9977
5429
3678
490
520
1338
3791
3525
4682
6001
1355
794
3777
4853
8290
9215
4900
8332
443
3798
8215
2748
5495
3596
6354
9361
7107
6463
5952
1815
7242
5789
9511
4834
9380
2311
6734
9293
9296
4132
3936
9471
8729
866
444
8393
5095
9463
5558
6732
3253
2438
8126
3992
6619
1805
9211
4544
9320
698
2387
2441
1997
4094
4714
6992
824
4634
5220
3883
7084
7110
4056
1992
4986
9648
5972
9793
5038
8034
4375
7825
4344
9996
2399
5841
8788
7488
3376
5499
5433
4285
1133
8640
2715
2435
4278
7493
7486
9446
4430
8391
9832
5789
5447
9391
5888
2329
6764
6337
5081
9971
4971
2590
677
2062
9486
2730
1240
3644
1829
4280
4955
3437
657
3713
8904
9809
159
4067
7465
4127
4911
6422
2648
1054
3808
4042
9890
5040
3305
9420
9197
4655
7287
2727
2578
9136
3662
6711
9209
9924
5950
8857
209
9788
9620
5791
5416
2237
5865
7936
6221
6633
8299
7787
7247
8317
5446
3867
2097
7066
95
3414
926
3338
5149
8048
3411
1956
3908
1838
9885
5819
1391
7732
7183
4128
3641
3935
9759
9640
2345
5406
8254
1961
4312
1563
7651
2366
9231
8136
6452
6009
994
9173
6240
1768
4115
5165
5819
3488
4532
528
6886
3574
7037
4124
4554
8461
6374
8020
9809
7913
5057
3699
7762
9570
7688
4617
3687
276
3486
1860
7116
8691
6133
6442
1622
1740
3291
5779
3390
7367
2881
9715
1833
6425
6987
6981
1893
3765
1421
2915
8594
3522
5943
3505
2362
200
4895
5546
9534
5716
6696
3331
7135
3931
588
923
6358
2332
2843
3556
9824
3005
560
9787
5386
2791
5628
1442
3477
5278
450
96
3941
1416
7518
1054
7564
2832
8899
434
3726
4962
5039
264
2784
2006
2861
4828
8834
5466
5606
9541
2583
4455
9029
2619
7133
4854
6550
6121
5741
8747
6618
6381
7088
6415
3626
7853
2411
6444
3814
6724
1609
2546
1033
3673
596
1527
5930
4784
8128
4810
5201
8986
5796
4984
9651
1336
4134
9560
77
781
6689
2449
4185
9985
3445
6011
6912
8177
4236
34
332
4324
3604
375
9816
6697
9950
9218
4599
4188
9602
9954
14
5895
5085
9060
8127
8213
1832
9426
5587
9074
7190
9362
2627
2862
9498
2192
7410
1536
7986
1206
5498
1303
8756
7431
4786
6572
1299
4539
4474
7363
254
5668
8403
6033
5157
48
4189
8087
1865
8471
2333
2492
5039
6868
6811
8489
8337
3729
7990
6397
6673
4779
4196
7633
2315
1044
9114
2502
6182
4375
4389
7354
3606
7398
5986
6010
5665
3551
4864
4369
5883
653
576
5727
8337
8363
4502
533
9439
3843
4431
5372
8158
7140
526
1765
8494
3475
7429
5723
8283
2568
3308
3636
2463
9129
4161
839
5380
7285
6653
7864
9924
2614
8511
9727
4207
9689
6279
598
728
9274
593
8833
4813
8984
4411
7015
5489
759
8789
7359
6407
5061
1620
8054
3101
1956
7187
141
2739
2950
6679
895
9254
4343
8574
7920
1422
3972
2659
2273
8528
9193
5520
9167
5056
8
9984
8077
3911
6038
8191
4822
9309
4335
5009
9732
9076
7850
7660
2942
6592
8407
4516
6939
2950
8612
8593
7302
3904
191
2942
4250
2507
2006
1856
9820
4941
3898
8257
2872
1014
4338
2888
9524
9746
7708
7191
1857
1064
8590
3265
4783
7794
2667
3110
8400
1657
2097
556
7413
716
5694
5595
1636
6749
7395
5509
2139
9976
7025
6161
6174
7505
5360
8995
557
8617
335
3593
2033
1724
853
8388
4229
5578
5654
6737
7057
5889
9745
1523
4993
3395
7046
6847
7156
3929
1669
2852
7136
4980
2017
7989
3283
9211
420
2100
501
2790
2060
5660
1673
3894
99
5131
3570
8431
8204
634
6306
5891
7177
5675
1934
3436
1034
4462
2429
9269
4704
8224
1407
2421
2351
7792
8171
7690
3873
4511
8144
9374
4520
8676
9085
4744
3324
8233
5292
7858
5890
4133
8904
4610
1869
4039
2688
7928
494
9595
5492
9475
4903
4509
5132
1616
6270
2423
1560
1216
4109
152
7922
2852
8310
8580
7824
1384
6963
7634
4485
7721
7547
7366
5431
4932
5889
3595
8491
6285
7591
4908
6508
5929
96
1311
9771
2632
3618
3518
7249
2706
3482
3268
1551
1373
538
4065
6166
3368
13
5898
3507
9863
1275
1344
3794
4748
248
7579
1987
3374
8135
5218
9850
153
7389
3370
7840
2002
4704
377
3768
8276
4301
8549
6636
9420
1496
9422
1716
3949
2430
9493
9752
17
2567
1608
2286
8862
2568
8811
429
1840
6196
3476
7890
9880
6386
2114
8735
5969
1130
715
3345
4362
5514
6833
1803
4357
6181
9153
8078
7292
7674
1416
6618
4602
5186
785
4366
6029
6355
703
3995
4486
3394
7508
3047
9290
7589
6508
6637
8121
550
2313
1745
1016
5444
3979
705
2877
5060
3195
6791
4423
8772
1317
8524
2135
8768
1072
1719
126
4542
1164
7970
4085
7539
3030
9661
7955
505
7978
6220
2799
6088
8070
2571
6466
6176
8151
786
7671
505
2163
132
2451
2178
5090
881
3899
118
1033
3500
102
8284
8772
38
4064
1373
960
3305
6663
9777
3698
1521
5718
1442
3719
7044
556
5746
2041
8083
3192
7065
1435
7672
2515
8790
1954
7775
42
7574
2320
2098
4999
7187
93
8860
4859
2531
9220
8975
3834
5490
3943
6944
4707
9850
6240
128
8634
222
9846
9622
7043
102
8776
3576
7357
9125
2889
1881
5881
2726
1656
4140
7638
3973
1834
7638
2091
8202
742
1186
6112
5136
1453
5198
2377
3187
1285
6594
3247
9000
3776
1729
461
8278
6349
7527
6676
1058
1979
3043
4571
6954
2741
2479
5255
2471
8863
6266
1219
9941
428
9430
2124
4350
2169
3725
668
2226
8601
6142
1009
3635
733
9702
2536
8045
6255
5706
347
4547
1804
9905
805
7204
3421
2734
1630
733
7888
9402
4968
9656
7352
7296
1492
1073
9725
5234
3681
1625
7280
6698
1730
1780
5808
1514
6363
9278
1282
6213
6728
2442
3633
2086
8170
1066
4530
7854
5103
3130
9698
7596
2765
3047
1470
4244
1466
8478
5919
8738
9675
5134
3728
4055
4487
8175
9597
9234
6215
4684
250
2651
1389
6524
6125
4472
4014
1199
4953
2770
9022
8404
2599
8114
6470
5031
6515
3749
6116
4150
5873
9023
6767
8229
8379
523
9732
8984
4104
8112
2883
1294
8442
7696
5664
9629
7075
9338
1494
2584
1189
8959
910
6685
9829
2338
1768
8154
3611
4104
436
3328
9049
8526
2384
1904
7030
9098
4558
6834
8933
7050
4624
9365
5335
4825
4675
7585
3673
4240
885
71
8411
7209
8533
7066
9919
9214
5974
2055
9322
1936
6879
8511
5082
1412
3714
2965
8212
8391
8599
5555
8649
371
52
8791
8484
2729
2347
763
1203
5854
3744
6050
4271
291
3733
9550
1161
2700
7733
4959
4547
1218
6121
4070
4521
3443
7322
55
5994
391
6868
9261
4199
30
5570
8455
6342
5189
1436
3680
8499
8760
7962
3821
3380
7489
1412
3903
7143
9598
6776
9064
5835
3921
5526
1578
6152
8785
5163
8891
2604
2621
5672
6549
6322
2785
2031
249
3713
1745
7834
2452
6318
1938
6616
2970
4415
2680
6276
1119
1790
8810
8403
6885
5782
8994
1850
6735
8412
1648
8954
9587
6349
7598
1129
9982
320
5087
7838
5234
2488
8416
1657
1115
1641
3856
4188
3983
724
3324
1082
8147
4656
6387
8843
6202
9623
5688
2713
4184
5498
1222
938
6837
306
1406
1706
1630
3748
1995
3028
3509
9488
2055
6252
4984
7591
6214
1869
3215
8022
1248
2650
2399
7491
5645
5331
4092
2547
5208
294
2987
7557
3206
7471
2181
8191
3904
398
4711
7235
8411
740
7990
2413
9081
4937
2752
4700
9800
348
2382
2890
3401
4776
7878
1050
8491
5312
365
2381
358
3927
3626
4769
7459
4542
6421
9111
9128
251
7774
1055
2434
9666
8378
8306
1627
5651
9399
5084
75
3455
5713
6596
7098
4456
974
473
2755
4821
227
3002
8917
3023
4858
1730
4963
3274
8603
2207
8139
323
5799
110
9284
8355
9843
5540
1712
4157
8657
4315
6625
2938
795
3239
2536
1358
3273
1860
6264
9766
9986
1230
3257
3489
2910
7613
7113
1144
7962
4763
2060
5003
4773
4786
996
6970
6503
8439
3645
1644
7234
1741
8575
5968
2496
6056
7094
8718
5116
927
4910
8024
8205
925
2743
1778
5932
8516
936
1291
7846
2094
8640
2951
9549
4817
1144
3611
8666
5294
2693
9925
8589
2023
6825
6373
6933
1691
9609
5723
9690
8399
5833
8206
9096
8682
3315
2294
5510
1821
1926
2008
8964
3485
507
7372
2468
5246
4515
2555
5806
2670
2925
9146
1175
9708
8468
4126
7565
5203
6436
6731
1513
9366
9053
8301
9591
2138
7968
9858
3313
8266
5494
9042
951
4491
8144
4284
1611
3630
3577
5294
6025
5931
4840
4176
1764
9615
8034
4094
6876
4117
188
1152
9099
8314
6926
9096
4878
9056
6306
3640
209
3329
7116
653
4211
4478
1732
235
2537
3939
3550
791
8526
3224
9595
7835
8520
2023
1864
7513
8294
5908
4852
4640
9317
3646
8528
1252
450
9025
4990
8861
634
4437
7324
4670
1021
4983
9466
4367
1520
754
7910
298
5282
3930
6537
6575
1175
3653
5659
7188
5584
8054
6289
941
2283
3414
791
4323
4374
2161
1720
8196
8495
2075
9034
6408
4071
4269
7575
8155
9446
8272
9797
3275
4776
2325
7335
3008
5412
4414
9741
1891
3293
4348
9111
2348
6993
6774
1047
5788
5263
8787
2947
7299
2789
9429
8905
5887
8872
9858
7630
3027
2749
7024
1967
6927
1412
6652
4489
8049
2468
1703
1027
2728
209
7437
2585
8113
4794
4883
1732
6608
9391
9644
3236
4493
3936
3225
9151
5096
5473
8331
3796
2138
4058
5286
9944
7658
4170
8948
2530
3688
5771
6930
9186
3993
6576
9371
1979
3216
8187
1167
146
1398
940
7072
2942
117
8884
5801
2431
6183
2168
4876
7372
5429
3536
5494
9252
4511
4574
5552
6566
9832
1852
9493
2204
4218
3375
8379
9874
9693
1928
8336
1317
4991
6793
3203
5654
1937
6933
6619
5437
4414
271
7256
3979
6137
868
884
6664
1698
4853
1206
3386
836
7357
7555
6967
1838
7249
961
6562
1964
6757
9225
6737
97
6219
3464
8543
5475
7030
8530
9213
9235
1005
9668
4388
2344
5115
7013
2822
8519
9058
8423
1794
8945
9504
7216
6662
6345
4666
8432
2174
9184
966
6270
2682
9471
7941
51
5310
5009
6732
9011
9924
7386
6163
8307
5292
935
8038
3627
5235
259
8842
8570
7265
932
5226
3904
6716
9584
1855
8669
6138
8079
814
8467
1572
110
2907
6938
8135
4205
7227
7104
5540
2358
759
4810
1014
4826
1660
4940
3587
6474
7728
9969
6780
4479
1183
9448
8511
774
8435
539
1068
6315
2562
4125
7508
5617
2689
3903
2477
1756
6246
7086
5554
379
6876
4365
6919
3413
3744
8491
9067
7551
6392
7841
5270
3175
6914
426
5265
6960
5882
6367
3973
1898
3222
1230
9436
2349
5340
9526
8996
7602
2579
6898
3090
3678
1254
8864
4707
2652
6693
7948
477
5830
5494
3981
6708
304
2521
4092
8408
5553
9817
8717
5564
3102
8461
1724
2961
4677
8767
6725
5489
4275
7652
7887
1928
6626
9498
1894
3053
9427
3440
2483
7198
6884
462
5435
5049
3134
6774
4625
4359
4061
4290
744
4978
8892
2877
682
4376
8621
7918
894
2424
7763
350
2153
6616
3756
4139
6323
6489
3533
8501
3861
6099
2652
2885
2092
4410
7764
1518
2365
2610
1785
2603
7349
3678
2713
2824
2107
8739
2714
1245
8837
1196
7269
2677
4596
1271
8767
1901
6173
8684
6784
3447
8340
7182
7442
7502
6935
6266
1768
9332
676
8812
5304
248
4232
6401
4871
1619
5990
2072
7231
4625
7472
5985
5311
412
1876
3351
3647
9412
2966
4906
9727
124
7926
6836
2139
4046
9662
478
8333
8302
8619
7403
6623
8843
7877
1410
4650
2
4796
1241
5249
3741
9793
6444
3059
969
6894
8701
7841
8245
3795
6182
3597
5574
206
1578
7626
5495
4854
1577
9958
46
3828
3698
7937
6666
3439
2259
7496
6392
162
6891
2067
4741
9676
3169
6151
5422
2884
7102
6584
2739
2791
4405
6367
7546
240
338
7364
5775
3522
8752
8
3097
2149
8229
2706
8536
2618
9800
4500
395
1853
6083
5513
6062
5702
6707
8317
7616
5868
5436
9417
4578
1607
4666
7545
1580
6448
7250
5532
3865
3655
1223
6648
5891
6657
9736
4167
4874
9436
1254
1554
4333
8800
6084
3672
5003
4755
8407
1019
8387
9289
4077
8679
2855
1543
5705
8959
7855
6786
2028
7975
1002
4281
9073
856
511
5196
399
275
4706
2343
4785
9989
8163
2159
8689
9971
9936
5591
2096
7251
2394
3487
2771
2646
4405
7386
8536
6998
5032
4331
2742
6823
9701
5692
2178
6957
643
5418
9598
9611
6086
6128
3980
4051
4048
1646
416
159
7265
2181
7603
7706
2778
7362
3268
7019
8944
8309
2360
4479
2907
7741
8883
3459
4110
3187
5535
5339
5681
3871
3689
2898
7626
1914
8779
9854
4442
6465
5795
2991
3075
4194
1459
1108
999
5687
1570
4569
7868
8716
2192
3041
8540
2894
3990
2445
4889
3458
3628
390
942
6240
8772
892
2032
9658
5363
4011
7939
5868
8432
2807
6953
3730
4037
549
9221
496
1395
9493
8926
3442
4706
6095
4719
1281
6005
3673
8123
4367
2012
6162
6734
687
6771
3294
1710
3332
9656
6319
3232
3492
8810
8652
5783
1896
5628
7648
7880
5427
9961
1810
4553
6428
6738
9597
6487
6746
8931
8315
6055
1948
8883
771
4340
5058
9098
507
2711
8603
5453
8588
9893
4843
1620
8801
5250
7993
1661
1771
5667
2243
1466
5525
5953
222
7429
2446
953
2766
4931
280
4561
4461
3046
9596
3701
5420
7149
3592
8863
9556
7799
6599
4549
1399
8084
8187
8605
3944
636
713
9291
8548
6408
3184
27
1659
9358
6456
2329
8879
4091
4051
7981
2728
5385
3443
8949
7521
4160
8008
2491
4259
6521
8196
7542
3259
6845
1357
3964
5930
6476
93
8484
9450
3193
6906
6633
2840
6162
5133
6731
3075
3790
9105
7856
5743
9439
6442
5512
5941
8359
7440
8958
2075
2311
854
3082
4763
7155
8203
8995
2211
6433
7869
1602
2297
5584
7684
5874
4761
9013
6626
3971
8988
6560
3413
3613
8934
3853
6215
3314
749
3831
3987
5100
6305
135
5395
6374
2316
9690
2522
4951
6263
3408
2955
4584
7126
2433
1172
295
705
522
6171
6404
1504
6613
7044
2569
8515
4614
124
6134
2667
6322
4917
8650
1144
9899
6462
6814
1520
7894
9821
4443
7049
1933
7212
1580
1123
6911
2558
766
9589
341
2956
3827
946
9569
7681
8358
4008
1999
7438
5177
9525
2301
9434
9787
8566
2439
5498
2869
8413
5067
6889
4099
1902
6811
6948
9744
2454
7072
8853
6329
953
7115
2713
9076
5798
9784
5296
3146
5113
5548
289
687
5678
6477
1880
4627
2349
6544
4141
2912
4470
3868
5201
6372
1001
14
7783
2057
2562
3207
3117
3263
8832
4016
3782
6971
7409
8174
630
3672
268
911
1481
2236
8122
7156
3312
3542
5553
345
7273
7731
7471
9679
5274
5280
2703
9163
4569
1610
3371
5592
2315
689
3759
5223
9975
315
9701
9527
1750
7557
483
4735
1914
4355
173
8311
8456
8713
7847
5511
5811
8178
5452
7319
2966
4141
6004
8982
4542
1209
2965
5511
1698
6469
1881
9637
2192
185
8168
5719
5493
6963
8530
3294
2280
6378
1019
2059
9267
9087
2755
4989
783
9905
8145
9865
4844
6159
1835
6098
7418
7144
5221
6536
2007
7758
8436
7165
8724
6793
221
8418
2390
7112
5294
3760
8839
8435
5417
2562
2102
1180
3817
5312
7137
1347
7858
695
2910
5368
6218
7636
9665
7340
7917
8143
1180
7248
9281
1556
2553
1119
1176
4044
7293
8632
395
9914
634
5315
6553
4818
7732
3508
4188
2452
6269
7981
4324
6822
8272
318
354
6927
7478
6504
8451
5248
3608
5968
5975
7565
1793
3471
9709
6457
4559
9093
3757
9792
3751
1069
5537
2973
9682
1324
2577
6828
7207
3475
4394
1802
5126
1749
1642
4776
6639
8226
5322
1711
6589
1761
6072
5485
3490
4572
9072
6365
2447
277
4151
6837
5936
535
2164
4601
5283
647
4379
9981
2051
6985
4759
2631
6501
1247
8100
7843
7550
4204
5334
3408
7855
6087
5209
5543
3390
1819
5894
6700
2082
2043
6798
6509
26
7011
3126
4376
9643
9769
9152
1338
1013
2067
3170
3521
8304
6610
7236
1634
3384
2187
2107
1751
7730
151
9822
6016
2586
6176
4737
7418
3867
9916
9830
9230
7050
4278
2572
1008
1391
9927
2337
7591
7936
4308
4556
2716
5260
7233
1984
1564
2593
8339
6654
6648
