7730
8169
8470
847
775
2027
6632
8866
5575
38
4494
6032
8733
9845
5429
8080
2024
7832
4743
7553
4743
248
4423
2047
8083
2709
1001
3252
9001
4042
3425
59
8291
4098
1142
6687
8081
9156
2211
354
5081
8586
826
3770
3977
704
8133
7510
7125
4135
5499
9167
2929
4233
6026
6873
6268
6231
5143
3849
3159
1421
5616
7312
1761
311
2346
7285
9840
7838
4812
6576
8862
1643
5047
6675
734
7884
6480
9411
3497
8228
4492
6452
7978
2012
1399
1380
754
2151
9744
6237
1848
3028
8981
4062
4817
7308
2854
2019
9255
2091
7641
1296
3962
1436
8458
4317
8816
3277
9404
3915
602
4306
2208
4293
8868
7845
3184
7762
3368
7163
3273
950
5345
3777
2019
4152
8631
1109
9919
8142
7691
9922
3788
2485
2032
9443
2277
7613
8580
9304
7466
7937
3210
4438
9706
5652
8102
7177
5466
1607
4900
9221
1908
9639
3477
8106
8959
435
1558
4422
5943
4747
3119
1364
2889
8580
5238
2978
3470
7176
9229
5888
8081
8362
2958
7684
478
311
7889
2411
4472
7256
264
1706
3607
9508
3144
8066
7597
3090
8596
4706
4580
3484
2279
2982
2214
2176
6206
3454
5399
2800
7296
409
1363
1641
8523
4448
8192
3024
9211
7119
8143
5976
7001
6510
869
737
447
9646
5984
3258
9684
3918
6328
7863
9320
5357
5764
718
7629
7866
4326
7115
4288
568
1412
691
2851
7885
132
357
7320
4026
1107
2172
2444
9508
2706
7218
9245
3984
5453
3935
2073
6094
8985
7535
1797
6204
4170
161
2519
7356
7902
3323
6145
1984
1882
6187
9019
2305
7343
8824
3627
3310
3112
8760
5027
8610
3426
8523
5271
3166
4376
8196
6953
6486
170
3991
3971
4600
7994
5630
5744
8310
2340
1445
1992
5061
7911
3398
1127
3086
4115
9823
3224
4561
4625
1519
3459
3242
3449
8704
1264
5500
6244
8205
9318
1497
2944
6533
2997
8132
1017
8568
6220
3117
3338
4190
2936
5771
1408
8007
6778
5481
3366
6813
1492
4583
1298
8965
1920
65
9644
1861
2124
4428
9558
9663
1974
4508
8093
7883
9711
1156
3291
3844
4159
2517
9333
4969
5446
2871
4456
995
6362
6821
5819
1989
2690
8850
193
6607
2990
4714
3101
894
2976
5988
4738
4462
2907
7091
7623
3855
2182
4220
9571
6741
8845
433
1210
9193
1253
924
7140
877
1082
4776
1430
3453
4935
7880
6752
7665
9312
587
7378
9375
9007
2727
8251
541
7610
1650
1264
6996
7629
7168
230
5440
8762
2167
5276
9476
8185
9758
2423
6634
621
5364
155
9976
9862
4541
9763
3710
5004
9190
526
6604
2814
6042
7414
9009
4775
3917
4318
6174
2521
4485
9431
7160
6841
1417
6351
7756
231
6898
6391
9886
4969
2558
9423
3562
1379
9923
6256
1643
132
7536
1237
2137
6224
1455
8759
8461
3414
1463
148
6624
6445
6078
9435
4130
768
9852
9527
3223
9475
3850
2022
9644
464
346
1892
551
7347
6512
4377
7883
478
7917
2427
8090
9626
9484
9905
4806
2283
181
4134
5808
1454
1120
2982
8754
7457
5380
2985
7976
1727
9837
3608
9832
9063
5435
6272
5922
3993
5319
7970
7139
4956
7553
693
9972
5774
2276
3929
8287
7209
555
6873
8785
718
5693
44
4139
7186
1204
1239
4019
6865
9372
4835
2215
7235
9718
3014
2497
425
3148
7377
1094
2788
6031
5093
3401
8403
3948
2771
2237
9782
3533
9519
4119
2532
2427
9952
3697
4597
881
9575
3403
5565
3645
6553
8317
9958
3375
7530
2519
7768
52
984
4377
2920
2620
865
430
8010
2103
1378
4691
6644
3614
4990
4582
5505
2174
3303
4345
3007
6863
5131
2406
1558
4931
9982
7821
8949
7738
176
1304
2986
1634
3947
5039
8605
2316
6108
6215
8809
7769
4411
1606
7449
3300
7528
7570
60
2264
180
3367
2884
5042
7417
3447
9472
3730
2439
1371
2211
5147
2813
6920
5441
474
3072
3133
711
9875
2458
6105
3796
8150
2866
1993
4359
7457
9075
6671
982
7631
9916
3342
7144
1838
6420
8338
8192
6366
248
6076
9702
5861
4835
4763
852
3344
9801
3927
5114
8116
623
5910
30
3331
5018
8433
1027
4586
8594
4705
4645
6742
6355
7091
5343
6470
1905
3739
8857
716
9589
1076
1265
1022
8616
8037
3508
7673
5722
32
5305
1381
1664
3540
5691
9443
7288
3026
8658
7874
9018
8044
1628
1345
2764
8105
9148
2944
6658
6182
4735
3215
7361
5686
7032
7256
6991
1370
8599
24
6184
4524
5434
680
9487
8277
8288
1194
7663
3311
1542
3279
1741
1332
8720
8197
4957
5333
6581
6398
3757
5655
6679
6011
4449
4903
8206
3687
6636
334
8209
177
71
3104
9376
226
7330
1423
7344
3692
1749
5388
4148
1859
6033
2669
8084
133
535
874
5085
3636
4948
7810
7749
9733
9945
4778
8553
1409
3491
6805
1060
57
3099
6176
1310
2950
1803
6468
2704
5262
6779
3486
511
7379
2344
7435
6621
2773
3521
8381
4055
8024
6701
3915
4235
9232
7772
564
7211
6424
1240
8467
5127
8259
2807
6447
1258
1178
6336
4154
4739
4275
5560
1193
9645
6274
9592
6098
4509
5034
5101
6945
9849
2332
2907
246
1392
2240
3327
6616
5737
8578
79
5917
3851
5651
8832
913
7654
624
5829
4483
3693
2384
5662
1840
1489
3830
8228
3367
1931
7158
703
2299
6725
1237
1475
8871
8261
58
8053
3531
3895
8544
6781
261
5238
5757
1226
6603
8535
5085
8940
1733
2819
6231
2194
1496
7935
961
8096
3340
7801
2560
1437
5134
2032
2711
1351
8818
7216
2912
6611
2577
3193
9865
1397
6560
6572
8102
8648
4353
8817
4581
7002
6290
2408
8398
4887
2996
7098
5320
9377
3990
9387
7993
1721
383
2734
2838
2492
8635
8948
3832
1293
2765
115
9040
4187
3170
1744
6209
959
806
9833
5819
9620
6096
8560
9528
1459
2456
1847
1119
4793
2233
1237
2262
6824
7394
7123
4805
3431
5686
6758
8950
3366
7923
3449
7144
4851
1520
7046
4098
7090
6687
4960
8004
8781
7490
6496
7802
9879
7770
8747
1642
8430
7514
4044
2188
2941
6346
7059
2265
8267
5895
7113
780
7204
4648
9551
198
3745
3548
9699
5550
1910
7887
7517
1909
3304
1067
364
1478
570
6059
2200
7644
4867
9499
5524
4399
3533
5691
3378
646
8556
4819
8690
6304
3224
2960
9817
6718
5273
7819
938
7399
5663
3643
4739
6991
1676
1665
9479
6082
2910
4754
899
9259
460
8882
4063
1809
9147
298
6548
8112
4494
6460
6740
4245
7145
542
3386
2131
5280
4114
7503
1012
7809
3878
7670
841
1690
8631
7413
8178
2616
9040
9344
5801
3181
5937
1555
2968
1613
8859
4956
6363
5589
6935
1347
6208
6281
6982
9352
251
6841
4115
4039
7782
2495
1061
8905
7606
9431
5761
5626
1208
6139
4700
851
5306
9882
4893
6292
7159
9957
4705
2096
2026
3462
6009
2084
8084
1213
7949
5957
1864
4648
6804
117
3763
1261
155
2722
6985
4936
9763
1835
1450
8636
2728
8336
212
8600
9707
5989
6018
695
1297
5970
6002
7651
3476
2650
2485
984
311
1190
1071
7793
887
1950
2782
1841
4973
227
1143
5423
3665
220
9675
5439
8520
3883
873
5577
237
3578
9838
2553
1246
920
1639
3554
2349
1226
9559
5295
6247
6719
627
1144
1122
7781
5163
4189
8975
1490
5956
2514
766
7184
2112
9671
1905
551
4414
4499
649
5832
5102
4605
5293
9092
7213
5254
7961
3511
2606
358
7362
4981
6922
7825
599
6079
4814
9094
7060
4449
179
3364
9760
7195
7931
5257
9847
1210
471
4217
1858
6642
2118
5335
8593
1499
5351
6835
1162
4053
8431
9040
619
9610
182
8529
4348
2942
2044
8351
2624
7285
3417
5785
2282
7825
6034
7017
3773
5142
4024
7615
2683
4893
4698
4988
3311
8721
6890
6701
2726
8633
5069
7250
7799
6450
5388
3690
8772
2313
2856
8589
3848
1090
2955
6342
4336
7576
6601
618
8503
609
4308
1801
4922
6044
3711
3424
8394
6730
9786
7673
8319
5751
8973
5680
2313
2243
8288
1554
2530
6209
3031
308
2544
7884
3979
4317
6502
2897
4642
2449
5930
7069
9873
6731
1713
1139
2552
5863
6727
6826
6923
9273
9275
8225
4033
2253
5894
7664
2118
7468
1372
7901
571
9495
3995
7991
9485
3124
2609
706
1027
6514
6650
5247
5121
3274
3478
4935
9321
9540
281
4341
49
3907
1100
2141
2767
7230
4402
9805
9553
8812
3461
510
1994
123
302
2758
9111
8525
8003
9278
2799
4896
9866
4027
7592
9705
3500
8620
9975
4604
9941
6990
3423
6042
2376
3199
8523
9015
1743
9005
6182
8582
6896
2074
4279
852
4716
8527
3995
6190
7361
9098
7323
5376
1375
3429
1324
5884
1079
7316
6292
2274
9678
5515
6298
3650
7746
9466
9719
7083
2916
7014
4617
2847
6787
4404
663
9093
2185
8517
3278
2282
6431
201
2073
7894
8876
769
7167
4919
682
1109
1303
3724
2697
4910
6998
2527
2237
3298
8889
3983
1507
9370
2014
1193
49
5569
3852
9283
4539
4331
2980
9862
7089
4191
143
997
9014
5603
9318
8862
8667
1795
3985
5147
5578
6189
4887
3813
7791
6140
7268
6087
1728
2894
1881
9418
9630
3476
381
9330
3763
662
9216
7380
4571
865
2208
7138
8912
6095
7861
5541
7885
449
9672
6390
7908
1434
5697
745
3947
9659
5132
2598
448
918
8349
7909
1998
5778
5211
453
8856
7035
7576
4746
5058
6674
1505
2417
6863
2280
3872
3072
3380
3427
543
8463
8283
3850
2167
9549
1556
4355
5926
3313
9159
5511
5679
3086
4053
4526
7355
3313
8188
7212
9406
7962
1096
5223
3509
1653
4678
8052
539
2804
564
8365
7354
971
2965
7586
4270
8631
4304
41
4245
5452
8648
147
8339
5481
1415
9036
9394
362
7203
3758
2503
5802
2786
6771
6736
1427
4730
5573
9545
3460
7313
2949
5853
8429
9955
4308
5690
1898
1490
9072
3965
7610
9144
3022
3613
6411
6263
3377
6244
8003
7986
8629
1415
7757
5861
5307
6486
7631
414
3697
5359
8436
2879
9340
653
3786
1275
2261
830
1322
9438
6989
9411
768
7626
4462
4912
5750
3723
3952
531
2273
6044
8789
9441
9559
5523
2738
4172
988
5767
6234
2897
4168
2738
3144
4733
3542
5121
3960
9840
5403
4296
1443
1130
2897
5202
5782
8305
4656
6855
6302
869
9864
1542
4210
1194
1741
833
4300
8773
3311
8760
4229
1330
8004
3774
8844
178
2773
1752
7187
6994
6050
4276
6647
7414
6978
3414
2378
820
4924
1261
9166
5789
3483
2468
8191
1319
353
8500
2974
6581
2795
6198
7014
5736
925
2695
6253
8062
938
6565
3801
6969
1233
2342
6924
555
9783
2487
973
4669
462
882
9652
6927
7151
361
9250
2009
8841
7214
2283
7536
9109
9717
225
9477
2341
3025
2494
3095
8409
4875
8205
2713
8894
7522
502
8718
9732
2172
4612
7712
8234
1642
2965
3408
5832
8793
7902
9399
3016
8693
6343
6331
2929
3384
4234
910
8930
9792
404
2256
136
9551
805
5797
2972
6668
6874
6194
9852
8982
9236
9024
9428
2633
4052
3586
409
2777
3254
5091
8130
5483
9239
4569
5267
5924
4133
567
7303
6440
705
4286
5561
6708
7587
2834
1503
5656
2507
5755
2644
6972
8815
2466
96
2451
2054
5292
2535
3501
3679
4803
9051
7494
6111
4991
4894
5612
2021
8323
8008
8622
6956
5060
2033
3183
3757
1669
6971
9274
3901
1965
3695
7616
9370
3594
259
5772
7614
3423
2933
4936
9870
3913
9703
3400
865
1343
3799
612
9904
2807
665
3732
6023
1238
8931
6788
9845
4575
7781
5142
2517
5773
723
4294
2489
9036
592
4137
4752
1457
9576
7663
3861
7417
2090
4295
4788
2079
6145
1041
6648
9848
3134
975
7814
2248
4468
1861
1872
7591
5503
9840
6231
6414
7025
8339
8544
3803
2171
748
5601
4085
8500
8085
1385
5849
7289
6934
3401
6050
673
2007
6499
5047
1820
3651
1357
7151
4968
2201
3986
3200
671
9196
7126
7300
7408
8042
3187
9308
6504
7466
644
8095
4365
1342
9246
187
4135
40
6246
5677
3899
8377
6243
8923
6005
5493
6481
654
5874
1170
3391
8205
9752
4303
8518
9220
9586
7472
6118
5540
5915
2296
5470
2755
1894
7728
5080
6388
2712
9267
5727
1298
9587
4988
9341
9942
9679
9223
1030
9417
9959
1764
6683
3203
3374
875
6683
7521
7116
4345
9612
420
568
8
7490
9254
8004
1852
4026
7960
2704
1690
6982
3815
2540
5875
8709
942
1037
4702
846
6692
1595
9396
1433
6294
2085
693
3450
5791
1329
6200
8379
6035
7604
4079
4709
9643
218
2745
3194
3563
6675
3425
610
2976
8666
1779
2815
8037
1363
3759
7183
6308
4705
5574
8111
2985
4305
6257
2551
7858
4102
3618
7285
3795
7042
2706
4457
3079
9421
8329
9387
4544
789
9484
1812
6911
7603
2896
3263
1023
4166
2844
3229
396
8542
653
9951
5745
1814
9540
3444
1951
7615
9034
544
2953
3318
3427
4997
9676
8897
7312
2864
3037
5995
8638
9570
8010
665
5437
3673
9106
2872
2379
763
6464
5381
1006
3295
8803
137
1120
2296
4937
6831
1780
9582
4281
1828
1832
7210
2608
409
4515
9774
7028
8536
2285
6016
2868
5953
6142
4769
9872
7023
4734
5933
1989
6044
3628
4929
1776
3757
8826
9604
2244
3563
8598
6964
5335
4752
6979
7279
5111
2107
7253
1562
713
6207
3852
9472
2226
9598
9656
6171
2654
541
2683
3400
4574
4501
1388
714
1263
8934
2295
3230
8933
5015
497
3462
71
5406
6442
1205
1139
632
5163
3862
9122
5014
5727
5689
5798
3349
334
6154
3376
2152
6356
4063
5983
1380
9361
3103
5715
7704
7033
4298
911
3911
9564
4952
2620
2947
4415
4098
9994
2359
6489
6151
7889
2384
8618
8396
8166
3706
3141
3652
2842
4355
9855
4807
7276
5486
1936
4530
3807
5015
3462
8619
3654
5806
4808
2334
7307
4657
8504
9417
5663
2602
642
5345
9195
1730
9377
2527
3894
1040
7217
6331
2047
8067
6367
8307
522
695
8988
3224
6104
567
1808
6405
2014
9056
6204
5868
3768
2110
6872
7439
9062
998
3450
9208
6500
7214
9368
3110
4776
6620
2181
100
7157
9466
9159
2840
4316
9923
1194
1365
1970
2973
5629
1149
7532
9011
9657
774
2774
3149
3122
4759
2292
1342
8807
3840
1792
1626
7651
5060
5378
6914
758
7268
7038
8045
6749
9576
6822
7173
4285
124
8016
1324
8480
4902
9539
7689
854
4416
2699
4226
3436
9238
7676
423
4762
3549
691
7289
3894
5821
6103
5797
2247
6253
7758
7681
6516
3530
8029
7602
9738
1651
8152
9895
2860
1908
119
6870
9349
2989
8441
4785
9545
4223
1522
2949
7785
6690
5600
6303
1509
4438
9148
8506
5148
7252
5051
9849
6144
911
6820
2013
3588
3341
572
1332
4071
4988
2045
5600
2346
8851
8293
1999
2205
2806
778
1003
8888
5781
236
6656
1333
4418
99
917
8747
9325
7383
3513
3636
4861
4559
4780
7904
7293
945
1079
931
8385
9496
3928
7786
180
9619
6734
5915
8528
7241
1486
1434
7096
5035
7664
248
6549
8898
7737
5605
4379
648
7157
4086
5704
8898
4432
3218
8409
9834
8402
470
5256
5532
5541
9945
3861
7062
5284
4137
704
2770
3362
7172
897
6640
6691
2931
100
908
2379
1393
6356
6160
7489
553
2275
2338
8624
6317
2131
8077
9610
4067
4324
1405
3097
4218
9882
4980
7732
6698
7146
2058
4906
2185
5858
2737
5198
5018
450
998
6687
9952
8939
3923
8402
4401
8722
66
2574
7109
7312
2748
4340
2974
1177
8032
569
7249
8951
511
7618
4050
8803
4643
6987
4718
3056
8384
6068
210
6740
4083
3288
9481
4003
4743
379
690
2378
1606
5535
7328
6836
6620
6611
2586
4140
8488
57
8947
688
2892
3650
7365
719
9891
8233
4678
4159
6626
2152
3389
5133
8679
6859
9358
3186
5582
31
3024
3454
2691
6278
1823
7955
7265
7195
7037
4913
1593
9372
7956
5033
5038
2713
9943
3281
269
8935
8662
4707
9787
4208
6736
9394
3398
3419
787
58
1197
8324
4271
4866
9179
2008
4536
8497
1407
8048
2410
7306
2183
327
903
5174
3259
2217
4588
4253
6774
2250
8546
1600
8686
48
7392
8837
789
6782
3629
144
904
6221
9571
3067
9317
4409
9759
3730
4457
6166
8645
2509
2343
3326
3345
2747
2885
5512
3112
1095
4416
7909
2765
7434
2544
378
8927
5485
599
3029
9615
472
5954
6191
2512
3468
6146
1949
1591
7338
7060
8690
7234
6350
1084
9012
2469
2795
8385
9465
6399
7716
8913
8510
9403
4453
3029
2211
5314
5756
9568
5799
6478
8854
1233
8556
2522
4170
3928
2967
2469
7516
5060
9190
8421
4592
9706
6222
7160
4524
9395
9568
8357
6920
9917
7495
9265
7364
7361
6256
9646
1494
2276
1350
9278
6350
4039
6282
2853
6984
2697
1244
8940
830
941
5208
9858
4951
5478
6991
6989
4640
6638
9921
5966
1062
8022
7956
8867
6461
8264
4580
9813
2703
408
791
8994
6756
6121
2027
9781
8651
7772
2479
6513
2131
7875
619
4637
792
5587
5980
5865
7437
3896
9920
5918
2738
2098
9354
8948
2434
1901
8611
8125
6908
8607
5870
9262
6444
1035
7157
2270
8406
4818
2309
9863
5886
649
9251
9834
7766
8469
3433
3663
2741
8787
1233
8170
5696
7556
3293
3720
6088
3734
4705
9641
9409
3214
8142
6728
6762
8400
2075
9333
2909
4209
5234
4947
740
3668
7924
1853
6854
2705
5258
7108
8029
6084
6889
6212
5653
6833
6401
1172
9620
1413
7346
1740
5440
295
9004
9537
5025
7134
4177
1500
6837
124
4137
4585
6553
1496
3314
6618
7515
3289
162
2283
1113
8894
8891
6961
2277
3515
4841
460
1976
4654
8027
7820
655
5744
7691
399
3351
983
7820
9864
5169
4471
8959
6892
4545
7160
6610
4933
7241
67
4038
8153
9693
8727
8891
8181
2963
6792
8762
2115
5785
5799
3646
7755
8914
9132
9200
2246
9854
6688
3790
9357
6677
1783
8664
9888
3568
9482
102
803
8517
4355
7753
9954
4189
7073
909
1061
4003
1564
7431
878
3771
4642
8705
607
4748
3280
1119
3049
1340
9980
2685
1360
7350
3519
4119
8954
5018
1808
6036
3974
6770
7723
6656
4409
4733
8577
5349
3971
2730
4969
9717
1216
4034
6660
8903
8683
5841
5822
2139
5133
9171
1377
8604
7843
9480
5235
8049
1405
1987
6943
1167
35
2901
49
9023
4946
9680
7611
1543
6788
7995
597
1736
7486
2113
5505
9476
6547
1126
4604
6778
8917
6632
6161
8639
1195
685
328
4826
6623
703
4555
6155
7438
5041
7704
7977
498
1804
4547
4984
45
2442
8163
4308
2059
3678
5245
5628
7738
2542
2366
7309
3174
5951
641
3498
7341
5900
4880
7461
8705
6210
7351
1741
5724
6778
2901
7892
3357
5187
844
2395
4640
4060
8039
2988
9980
2236
2411
5252
6438
6062
6198
843
6883
4924
8005
6753
2907
3878
6385
8903
3865
7631
3385
567
4319
3541
5067
481
5206
5211
2203
2308
3683
4116
5974
8037
1589
3822
4017
7262
5082
3545
1706
7382
9361
4963
1264
1577
8139
8433
8975
4180
9403
3084
8195
255
8892
9221
542
9159
7618
6534
5812
8887
7592
2487
643
7778
729
2122
1857
9392
5034
3043
1933
2083
9412
4279
4983
3268
4111
544
7932
6031
4586
9707
2010
1432
3688
3663
2546
3080
5316
4169
9307
5032
1333
312
9762
8248
108
1506
9135
6317
506
4529
5588
6613
9919
8846
1391
9400
9213
5192
4494
3965
5131
513
9490
4997
6949
4854
5819
1080
4849
1608
6659
7659
8556
2748
2552
9067
8467
9691
545
9001
2830
294
8145
4833
1462
3899
7033
2920
1687
2844
3448
5985
8513
1890
8302
6237
1385
7518
8830
8269
5900
7575
242
9685
4227
8229
3464
6414
7729
1705
2089
5192
9738
9959
7786
1099
9614
5105
2876
8408
5219
9057
2911
4689
4769
6978
2947
5457
422
5468
2414
8729
8138
2410
4410
3112
7804
6762
9686
7638
1963
7376
588
1262
530
1095
6915
7478
6667
8389
7771
1292
5044
3450
1365
6846
8126
6053
3637
9942
450
5891
5984
9121
5166
7797
3375
9898
4909
8493
9782
7687
789
2708
9406
4255
4362
7035
2030
3591
7040
1308
9833
7384
749
444
5120
7359
5885
4671
3256
3505
5199
9032
3942
4744
8605
4236
8839
8382
2249
6722
5165
3397
9186
4777
1971
2448
5366
1365
7553
9010
8065
1192
5787
8209
5012
5593
3972
3174
7313
2340
7616
2628
1523
4526
1302
963
1978
3619
8261
6552
8324
9309
6478
5955
3639
6995
8814
836
3594
8668
6111
986
9860
2142
8213
3002
5500
168
803
2392
7903
4488
6368
7509
144
5833
8692
5462
8378
1437
3836
60
7393
5587
7277
7701
5495
3173
5109
2303
3738
8161
2653
8388
8810
9730
4282
8262
2585
4026
4115
3337
8235
2254
4637
3463
2268
4846
6562
7492
5233
6800
6577
5183
9222
6951
1678
7921
7015
6677
9018
2773
6026
6554
7037
7316
1913
7256
8064
9515
3054
6741
8823
8812
6312
6396
6123
750
1162
2016
1494
6194
3665
5726
8391
179
4790
6734
2134
9321
5578
8245
4194
2170
9358
1787
8565
3869
9317
9716
6889
5085
4097
2429
3763
2214
6394
1844
6926
1119
541
3828
6291
5091
7793
8604
8452
7950
5077
7275
4696
2689
9765
6203
2144
2883
4987
7863
6152
4004
2177
7433
3994
3022
7877
1061
4764
6938
1302
7196
8137
7356
7931
9437
9341
5533
1315
4574
1082
2627
5815
867
2648
3055
8875
4521
6986
4034
4067
8818
7867
4188
2498
2125
9942
995
6382
8897
645
3997
9328
8502
3746
9563
3879
6544
4249
898
9452
5480
1582
8278
8959
3433
8571
4965
801
4084
9938
3389
3995
945
6929
3739
8156
7907
1955
1089
9568
4582
5858
4819
2859
8119
5419
3487
6149
1840
4138
6102
6415
8638
52
1547
8243
5601
180
215
6042
4512
7277
3991
504
9687
1662
6067
4497
2974
259
8507
7423
4231
2280
6719
7963
6787
8952
1116
1657
8801
6228
9758
9984
6468
9376
8295
630
6512
3655
9162
9131
4721
3438
4916
9356
3848
8262
2552
9368
1763
4235
1541
8031
9480
5882
6391
3925
1710
431
3206
1494
184
7436
9742
2564
222
5797
6876
7260
7849
9928
18
8087
4043
7451
9464
9340
7177
6574
8975
7283
6711
7343
2739
8740
5598
7148
5932
9021
700
3923
5953
3698
3272
2949
474
287
5296
8249
3536
3945
5073
9276
787
2099
194
1942
4631
1085
2798
9625
8220
4454
6972
9955
3097
2258
9596
1778
2437
8262
2192
8071
8785
7344
5237
2307
85
9412
6989
4734
9974
209
5227
4406
1888
2771
506
8180
6390
5537
5833
9819
6355
2022
4039
8394
8396
573
1239
545
1060
8197
5920
2336
635
2500
1252
7386
2820
3608
2315
296
9378
6121
8427
7258
6014
6298
1078
4505
5175
6382
6176
7944
1463
1895
2428
6345
3150
3673
3234
4972
5166
2733
7695
4017
2050
8802
9193
4367
6859
2046
5900
9213
7336
4019
7558
3357
7729
1916
9068
921
16
8342
7687
8837
4909
8092
6319
7876
8469
7978
2306
8519
1846
5203
2016
3984
1193
4478
4262
3957
77
4859
182
3359
4860
8852
8127
2706
1244
8574
1950
5191
980
8735
9297
2693
9816
5289
4099
8367
3876
1332
522
8054
9105
506
7977
9535
151
9404
1969
7360
2991
5762
2395
4803
1698
3536
8219
9053
9700
7876
9106
3208
7559
8427
6194
7373
5758
8275
5214
2461
3983
5947
206
3662
1939
7959
7452
5971
2541
4960
5742
4148
2468
4616
2208
8221
1887
2923
1181
9346
7212
3361
6730
1936
9965
8752
3855
1071
1472
5902
1139
1812
6426
8852
8979
4146
3855
7054
4830
6240
5904
1566
6416
1414
7089
1873
2505
3889
8518
5369
2057
7094
3370
778
6827
147
7179
2416
2971
8689
7445
5005
7029
6070
2761
4625
9452
8167
3514
1218
2675
4698
6213
7611
6363
2937
4218
5664
3514
5906
6283
3039
1476
5788
7663
6322
7769
5381
740
4961
59
6678
159
9765
1018
3800
4273
4135
813
1887
5048
6119
7039
3540
8222
5113
6436
7745
5074
649
215
7478
2418
9807
4913
8120
1906
462
1640
585
2459
3734
8018
6179
8915
8329
8772
2989
868
2603
9531
5088
6332
8930
598
6996
6065
1245
254
7059
5167
4225
9316
8591
9759
6958
7653
7151
5285
9857
8556
6852
3414
2003
5076
4634
6212
2046
8408
5947
9224
959
9370
4733
8923
8359
7196
4412
6033
4955
4958
498
2722
4364
4100
9810
1974
2833
8771
9492
3757
6496
7897
3258
9560
6123
982
9345
8807
9383
7018
2036
5088
3016
7692
3227
1481
5641
5157
5824
3250
4727
247
9730
594
8461
8845
3186
8204
7562
8112
2331
317
4110
2738
9023
7685
8660
4283
4908
2336
8681
9438
4797
2944
6747
1080
1421
8633
9132
6596
9126
536
9686
8349
567
9937
9352
4753
5509
3396
1759
1343
8824
426
6400
9437
5606
6226
8209
1448
6237
1203
1127
5800
554
6189
5962
8175
4679
7664
9733
9023
9584
3864
3722
4165
8854
5476
4098
5462
5021
8178
9346
3412
5568
2904
9705
8652
3828
1825
5174
5184
3722
4739
2566
7804
6814
7497
571
8199
4381
6178
8152
4824
6499
4596
2840
1746
210
3358
3583
4062
3311
5242
3529
7508
6550
571
5726
4101
9037
1704
5191
3783
3014
7684
9994
3646
3103
2282
64
4932
3427
9474
6648
7637
7747
8322
5653
1897
3567
4372
290
5102
4190
5264
6774
7698
1886
7174
2339
7466
6837
7178
2152
6834
2358
5180
7014
8146
1583
578
991
8936
5550
1477
6266
7416
7684
8581
6963
9757
6802
8810
5136
2698
3280
2168
9471
2610
2221
9598
7162
8208
5920
283
3341
196
9148
9373
3854
9643
9171
3911
3066
2682
8369
6446
6657
6038
233
2721
984
5266
5214
8451
9772
8214
4583
7799
2598
1033
6021
8118
5578
5883
6049
3439
2409
4642
7678
9468
119
3039
7678
5996
5751
2955
385
2355
3282
787
9112
7114
6694
1853
3863
4788
6059
3926
3176
1471
5425
4778
2540
1939
2437
2895
6669
5738
1762
6463
2464
5404
85
2304
8150
9238
6985
3345
7249
3158
7200
6483
1219
3685
3
8817
6529
8017
8304
6382
4887
694
2627
3594
9558
9257
7280
5168
792
9569
7244
6207
4516
5794
43
5491
7693
6135
3331
5088
7253
5563
5760
906
3646
4852
65
6659
8401
4029
3616
9266
5736
8655
4671
9100
3957
7883
3246
8658
4918
6694
1417
9511
6976
9490
8061
7452
1576
7300
7819
2442
1633
6455
1541
4396
8447
6957
4982
2326
2682
1357
3134
6085
7550
7342
1275
3477
9919
5934
8675
9321
3290
4543
910
9706
2615
8703
1200
6815
4987
7090
1764
4550
5033
9406
7476
9100
9000
4115
1653
6463
3760
4229
9615
6829
8622
6615
6234
5416
760
4966
1332
5273
2778
6543
8703
6861
2590
7518
7160
1616
9113
1380
3473
1941
9842
1844
7521
1456
751
426
5137
704
3224
4632
6839
7148
4316
671
7215
825
2978
5750
8149
6869
4792
906
8720
5203
2599
3842
4072
8243
8776
1070
2824
4941
1631
7532
2687
7962
8821
8022
8400
9680
4325
6027
2537
9752
4476
5864
2336
5261
8547
6627
7593
4515
1480
628
5365
497
168
4049
7557
2684
4378
8676
7996
5778
4693
1723
9794
5136
1889
4539
6149
224
8475
3362
6793
4675
3490
8760
2640
5703
9278
7201
7557
8037
2608
178
1586
5802
2980
4573
3218
3327
8116
3354
913
2583
4342
3380
8415
4516
6582
9006
3
9895
7358
4608
7740
9058
9041
7298
6771
3243
503
9075
7628
5552
8466
3398
7548
8130
1168
9034
8164
528
4505
6309
9435
2640
5544
9948
6762
5499
6247
5394
4112
118
5187
7786
6246
5673
6222
5834
2493
6750
9411
1118
531
3896
1716
9046
1349
8894
9711
4078
5262
1378
1519
1928
5422
5634
9247
3911
9542
5114
5785
5530
7503
8387
5885
9508
9658
2972
2093
3300
4994
2164
933
822
1726
3137
8904
4709
8466
3489
3717
731
1013
5834
3336
3766
4142
5200
8685
9
9223
7379
9904
7788
4180
2513
8400
769
1965
6463
3842
4293
5558
6288
3825
6542
5215
1711
9026
3895
8904
79
7718
8261
9677
4397
3705
8149
6847
6014
6104
2357
6562
8667
1087
3371
4547
4869
7888
7094
7474
6198
8336
4223
2557
4454
4171
427
5885
3878
952
8800
7401
4813
9479
2353
6552
