2157
745
884
491
7919
6020
4276
9915
8298
1113
2340
1806
7034
6450
4868
8047
250
1578
1278
457
1228
7464
4651
9614
8851
2325
1903
2500
877
9486
2211
2857
4640
6726
685
2104
1023
8995
8926
996
4600
3064
9880
9217
9022
3283
6057
2306
1247
4445
7672
5740
5089
9951
363
5002
685
9812
7427
3978
6472
5577
2084
997
1738
7136
7525
8603
4445
5732
2512
6684
6388
3367
1047
228
8197
6967
7460
5630
1893
1584
618
921
9918
5611
3709
8264
223
9907
6571
5458
3344
2792
1430
666
8129
7453
7439
938
5294
3403
8784
3352
2257
3513
2389
8059
3876
2515
3784
6806
3249
7447
9496
7282
4984
815
518
8651
6332
4440
4540
9649
970
2977
7098
2846
9975
2127
4254
8103
4229
781
5791
3596
1954
5105
7687
6585
4622
8154
9690
9679
694
9765
6071
6925
3506
6223
7930
4199
471
9061
875
9257
4553
2775
7031
6373
3809
1035
1480
8488
1687
5933
7572
8922
4157
7700
1103
5492
4727
9680
8606
3260
5178
4000
2377
2572
3904
8608
9980
7217
3029
6943
9195
4751
9890
6318
7087
2978
2147
3860
9137
9951
6967
3983
5505
8777
9588
38
8099
5151
3668
8697
8503
4450
6960
4874
7300
3253
1175
132
5793
5005
7547
4761
80
6152
9160
2587
9526
2330
8866
8704
1691
210
5530
9720
6027
1371
1740
138
1078
2670
3752
8330
4010
3557
1659
3992
6923
4970
4682
3266
8557
8014
9931
6825
5006
5270
5007
6688
498
9712
5088
6865
1883
1363
2675
2155
9093
1668
2809
5958
2668
8485
616
9046
1019
1480
5969
1709
8978
897
2430
8683
7107
8777
5562
9729
8953
3871
5548
9460
933
5593
3761
9148
6598
5800
4742
2988
36
2249
1951
444
4810
4248
2855
1137
6686
4287
4724
4271
5661
7373
806
5157
872
8961
5980
8550
1365
3093
1442
2744
4692
5944
4747
4693
3087
9636
8456
2431
540
1198
7682
8097
4402
2891
4505
1904
166
8511
6825
1552
2305
9553
5398
5955
5791
6507
1573
3820
6599
6094
3766
290
8226
2690
3313
9440
8186
7658
364
3529
1120
2870
4486
2152
7594
1058
1251
3958
8615
3836
9813
1829
3600
979
4579
6409
2653
9003
9384
3558
145
8300
299
2565
8436
1258
9015
9952
6123
1344
5494
8429
8133
5814
9103
4343
4276
3713
9352
6471
1351
8393
2218
5394
6496
9142
9568
7180
2630
8900
5035
5146
2329
9125
5446
6245
8526
5429
5152
2282
7430
4601
6107
3967
1471
9793
2656
6096
4742
3692
9373
1063
9143
4027
4701
602
1588
9566
3618
9374
6302
506
1649
7786
1554
3996
9385
1142
851
7655
5218
7954
2800
6233
9535
7443
4897
7259
7183
2312
9380
7208
4389
5355
7214
2533
3554
659
4832
1294
2268
2790
4344
6930
7357
3867
5968
3252
5451
7469
8968
6547
9791
1468
9931
9315
6244
4414
1664
5818
8814
227
528
6055
2869
1974
7006
5388
1916
1887
1400
2780
9074
6949
2649
9743
8053
8209
6312
1363
5789
3117
3840
9837
4892
5740
7085
9997
7808
323
5472
6895
5363
5445
9135
366
8048
6988
5180
9859
6193
7203
1616
3643
5113
545
1812
3190
1419
4319
5548
2188
790
5867
7361
42
4557
7301
569
378
4279
7798
8468
2705
9744
4817
7222
7121
3738
2978
5164
6975
5716
1202
7277
4127
308
8397
7406
8283
2564
3130
7794
6323
6663
201
157
6414
279
4844
1635
3646
2284
5900
8369
9410
4026
1900
7031
7317
9208
8826
7681
211
4648
9506
6401
7724
4072
8573
5563
625
116
3334
6733
2603
5974
1629
9288
4188
3724
4821
7311
9645
7123
5160
3435
7638
8501
7626
6808
9964
6157
1322
9248
3460
2803
4181
130
5142
4936
5141
9343
3533
2847
9607
6977
4522
6326
7627
1303
7416
4560
6740
4289
5403
177
1742
8325
1090
4085
1535
556
4619
2877
3478
7885
1477
455
6256
8179
9553
7737
7562
8525
3938
5945
6897
3154
7155
3756
6901
3294
7208
6025
108
398
2444
6537
1042
5236
6009
7038
3758
3607
5335
7677
9376
7739
7723
7481
9719
6312
6017
3438
6527
3018
1012
9702
967
52
8058
5227
3393
6481
6381
7482
9186
4537
4
9968
1353
9436
9824
8772
7565
7454
2194
4208
78
8095
9402
3789
5310
3317
9354
1915
4681
5097
1913
7722
7583
3195
435
9480
1426
3459
3053
9319
3034
3381
4087
8777
3318
1024
6875
6219
5358
5107
5217
4987
8884
6828
5173
5016
7688
943
4432
5621
3786
7023
370
8489
1594
604
1346
7926
1948
3257
8876
3763
2552
2776
7017
3736
3101
2037
7901
9990
4422
6540
4089
3297
4004
7304
5600
5868
506
6984
2199
671
1240
6672
9702
1046
1151
1210
1115
121
1684
4647
9853
867
6336
9670
8238
9618
6755
6942
7562
8507
1400
3708
9180
5991
3300
3364
3568
493
5800
8502
8003
4349
5862
7599
9478
3095
8033
3641
3314
5766
1613
6448
4517
5948
7173
5905
8314
5002
5595
2257
4775
6396
7594
5783
1232
2784
4663
1415
9193
2385
3990
8316
4024
9092
4793
6177
1209
4142
4995
2477
3243
2224
6475
1369
5624
3824
2892
4446
658
3125
7369
7664
136
6975
1102
7489
4216
5632
9281
9651
8350
363
8199
7038
4811
5591
612
1402
7681
8240
1946
5002
7802
8443
3730
1557
3672
8292
9609
162
3624
998
4785
7071
4400
9814
8841
8590
375
6364
6087
8973
2996
7742
8369
2848
8686
619
4971
4477
2258
9201
7370
6244
3043
876
6119
4857
9484
3804
9328
8448
3985
9441
2408
483
8644
4406
943
3779
7507
743
1788
9160
8750
4880
5910
583
4150
323
6098
9183
6305
6214
3047
864
1226
7559
1917
2777
8598
6028
7236
8540
4417
571
7521
7440
7111
5139
4083
66
430
9030
7492
2266
9680
3011
5451
6677
5799
8116
1054
9444
1153
993
4964
5216
7444
9598
1624
7400
2842
24
8762
2650
9661
9848
5584
2218
7406
5073
6250
3633
9038
268
6451
4916
4944
6061
4547
6128
7942
7345
6322
4847
2791
2758
1174
8026
7507
1896
333
2716
4669
9188
1862
9102
3991
986
5066
2484
6892
5748
5032
8771
2422
1997
158
6765
4383
1984
4820
1659
7733
1134
5042
8773
967
2731
1249
417
9052
5606
303
1238
547
8163
6236
220
7236
23
6994
4179
1030
3776
3697
5340
2410
1118
6504
8919
4228
8305
3888
5978
1417
3360
690
8250
5732
227
2809
6185
7555
7262
9218
461
6991
4635
4256
5161
2233
355
9292
8090
9679
5352
3497
6560
2109
7474
1701
2167
1745
964
620
2337
6567
6922
1991
7233
7331
1922
4930
3447
2861
3284
9467
1075
1189
6974
5989
5736
824
5169
300
2654
3580
9442
8355
3427
9397
1166
1562
5056
4458
877
3756
7492
1889
3025
5220
671
5415
5291
3215
45
2380
5482
5932
9485
5211
3474
528
2588
8471
853
6263
9267
2448
3344
245
6762
9061
9061
1130
7
8452
6640
5731
7431
1149
5992
4909
2120
6196
2644
2821
8577
9397
3159
9275
1150
4674
9321
2357
5307
3880
6852
5296
300
4064
6936
7073
5880
5297
4091
4489
1168
5698
353
823
911
9373
5443
7479
6607
9744
8383
3832
1525
8045
1468
5964
1995
3840
3144
1192
3705
4417
7441
7899
9631
5103
236
3836
2192
1101
1045
5755
4766
2233
7699
4842
5887
6695
4007
5973
2457
3452
9569
3772
3183
1494
8143
6497
3224
5161
611
7932
8568
2068
2656
2317
2093
6482
4241
57
9432
6125
5142
4709
6614
9133
4924
3617
2683
8125
8743
1371
2954
5662
8766
4356
4642
6950
5796
2144
5144
4304
5710
9367
9117
7895
7494
4552
2877
5981
7659
1309
6916
6965
627
3610
476
3393
3582
5855
3831
4613
6344
2301
9797
4506
4778
7957
8963
7375
4206
940
880
8698
2605
4523
6973
7036
8502
3106
3953
787
686
669
8614
7673
7807
5134
5219
4185
7727
3850
2407
9090
157
8496
5327
7844
7561
4787
6836
967
2785
185
5316
9786
7188
4365
2491
1257
4053
4031
7741
968
3742
9787
7971
8109
2686
5830
128
1978
625
7620
9743
3927
986
4535
3835
8430
3599
9794
6890
1952
6673
4684
3927
3397
1783
7600
9371
9345
1062
1521
6871
1106
8655
5179
2048
3589
5045
5
2775
8312
3913
4194
1636
8666
7956
3814
4479
8287
992
1094
1082
7248
307
8776
4270
3695
6842
8074
6097
583
7278
9646
5761
9074
341
7091
720
7653
1943
5359
1275
6678
4523
7624
408
4686
8558
3490
5036
5721
5952
7298
6615
6329
27
7633
3581
9835
4976
6381
9425
7713
3664
7977
1008
9470
9043
2501
6839
6257
3193
9992
3697
8649
5803
489
1697
5686
8765
8830
2681
6832
7122
5435
6341
7777
8748
5180
1735
8093
5503
1310
8224
7682
3168
1879
9943
1482
3071
3414
6041
8605
1438
8453
4557
4628
3709
5195
3442
6744
564
7726
3832
5209
4956
6821
9592
923
1434
3980
1393
5754
6857
3745
3952
4590
4179
2107
8939
1273
6683
3066
3050
7645
2314
921
3058
7276
3541
4048
7023
3895
375
9078
4670
7991
4448
6356
3253
8762
3578
3509
5135
1285
1283
8377
1495
6649
8604
9193
704
1648
4829
9172
1150
38
2866
1560
8421
5780
2695
3725
4125
3111
6779
5803
4254
2703
2804
9644
8542
5844
8719
9579
7204
51
4689
3547
280
2759
2752
2549
3337
6226
8439
5914
9098
122
4634
1639
7770
1985
6662
2982
5742
7100
1827
1840
3966
581
2346
5424
3705
5660
5197
259
9413
4424
9719
7004
2103
2155
2834
6116
1771
1716
3054
8494
6737
7134
8644
5592
1236
2774
5512
9342
8808
4202
5316
137
4831
2428
6599
5829
6872
1254
9369
3888
2598
8487
2105
4253
7352
5435
566
6025
5690
7529
2342
9269
6167
2775
4006
913
4088
3368
8335
9034
2126
645
8049
6395
1176
25
1487
8303
241
741
4279
6294
3178
9973
9419
9317
9007
7834
4337
344
1593
2550
7907
9843
8784
7431
4068
3686
6074
4298
5344
8606
9108
9361
3599
3784
5931
7487
4294
8993
9959
7807
7625
2810
7030
7605
6625
2535
4913
3756
1286
1653
6749
4655
217
6747
4480
7699
1585
2538
6029
8225
9696
8030
3470
7570
817
1671
8493
2515
576
5921
31
9943
5189
2318
6701
2028
5919
6310
9585
7333
6841
2645
7417
5623
9468
8498
8347
2560
385
6352
9110
1377
737
5358
7952
5644
7547
4361
2481
7720
5057
4689
7339
9777
7071
6920
6757
8621
5256
8727
898
8697
8815
4555
1539
5154
6752
7997
4134
848
761
2287
2936
6717
3208
289
718
963
1570
6564
3340
5490
4124
1958
5281
6849
3162
3628
8943
4717
5506
3342
2410
3581
716
7675
5821
7573
7736
8189
2499
2793
7708
9304
8120
3497
7993
8348
9245
3051
4377
762
8546
7399
8791
7940
2163
9899
3194
1676
4546
4111
2895
6846
1629
7683
1507
234
7163
4804
3130
8489
488
7437
8303
6609
5130
8538
9640
7491
0
8296
7844
8466
8470
6329
2772
3950
9031
4883
7780
7406
4672
7048
2661
4669
8381
1664
5400
171
1314
1218
4360
1747
6872
5074
6389
4893
8114
7540
6377
1802
9387
9598
6312
9853
5517
316
2921
2505
3328
4445
4155
2869
8670
6427
4342
3629
79
3736
6336
7170
6806
2995
2392
8337
7639
3674
178
2352
3299
2714
7839
1269
8594
1953
5208
1761
5547
5589
6536
6250
5507
8653
84
4710
9663
1373
2055
7939
5320
3567
8030
3939
5051
1933
8108
5381
9241
6683
7163
3647
4354
3968
5168
8519
8761
4726
7913
7713
8515
8487
1030
2946
5938
5303
6114
1364
4441
1617
6284
1314
6955
4857
6694
2211
4900
8353
9481
3907
9283
343
5459
2685
5970
6540
3534
5
1940
1743
7278
881
8826
3879
6951
3896
5026
9728
4233
531
2349
2764
649
6080
3628
8283
397
8117
1606
4949
9363
6689
3079
5092
7054
5646
760
287
7855
9427
7784
8081
3500
4502
3700
6233
9583
3007
664
8634
7582
4967
5842
7906
4786
3919
783
4055
3798
397
8356
9597
3838
9409
5899
7301
5729
8646
3432
4496
7285
1141
9671
9137
6774
8867
2452
3280
1202
106
7127
4394
4676
6661
8138
1062
1387
5380
952
5666
3990
7040
5859
2748
5534
3464
7426
8862
2288
1178
3814
4464
9253
6750
3863
9217
4416
8476
7311
1648
4740
3150
4147
4308
3871
9455
778
4140
6391
9139
8107
545
8192
3936
9911
2039
1271
8442
1904
4290
8110
5133
4325
7126
1459
6147
6203
4182
3711
7653
5961
4142
681
1022
2704
316
1396
7228
8293
6665
4412
9199
3181
4726
5128
3732
6196
3233
1020
8939
9561
3911
7775
8531
6426
5747
7875
2680
8327
8197
982
4435
6693
3454
1844
2528
2066
1799
9623
7805
4528
5505
5548
2798
4465
5255
5683
9389
5773
271
9315
8350
1954
912
2839
7793
1384
14
2713
2769
4943
1696
7338
7513
8808
1171
1403
5030
8014
2471
8907
3384
671
8055
8125
6114
6474
2950
9940
6193
4967
7061
4446
7001
349
8945
91
9994
7316
4377
6633
8833
2504
2653
6174
3212
3862
2401
1360
5638
1366
6849
1428
8448
2229
4736
8481
8928
6398
2905
3376
1171
4309
134
2691
7246
6272
1966
9071
18
7970
9896
5383
7358
8004
9054
1686
3758
3106
3806
6281
6625
6880
1626
9671
9721
5831
7519
4797
2620
9137
5474
9562
2711
3516
9526
4100
8321
4142
6251
6902
6061
8469
1520
8919
4986
2825
3737
8455
5589
8353
3595
8296
6110
4207
7428
5831
1736
6857
9656
6085
3337
5205
3927
7431
5025
2000
5930
7782
4648
2427
6539
5092
720
6578
1812
3900
3402
1290
1376
6500
7060
9159
9535
66
6608
9223
4805
5864
4431
5951
1441
2637
4044
5471
6234
9642
1734
8116
2421
9693
3749
6891
5300
2701
4206
3629
4457
6540
9409
1435
2297
8226
9024
1671
667
6315
7898
1068
2223
5535
4613
9068
5275
5977
6329
7940
1889
3623
2537
5709
7869
2622
2221
4242
1529
4182
4907
5433
7987
5305
5685
9680
4919
8260
5627
9078
1638
1559
8721
6851
3832
3679
4843
7348
4205
5933
20
5831
6255
3715
6303
5871
451
5978
9556
3285
6319
2771
6668
7579
101
328
5784
6766
2189
6942
5275
9255
4385
874
1833
1118
9234
1117
8903
1469
441
8973
7281
9468
3719
7873
4538
9517
3805
488
6238
3638
5256
6663
5172
2343
2212
781
3471
7591
8545
1173
52
2256
5139
5912
7077
5699
2083
2316
3868
6633
3011
2589
2627
8647
8383
8181
9392
7069
2207
6331
4415
331
2057
742
8343
9168
9299
7197
6302
2321
854
6332
3416
3107
3246
2324
395
9845
1629
4464
6862
284
3520
3904
5536
9756
1658
1332
1092
704
4860
7127
7306
4071
2806
9333
3145
4059
5143
1754
1769
1391
1647
9080
3661
5396
7318
7716
3677
8856
2150
9294
6545
7756
8195
7852
6394
9600
1995
2914
5579
1965
6521
8191
8356
910
4947
8023
5455
7004
9475
6216
4867
9077
7282
7580
2934
4632
4848
3707
2448
3952
7217
2313
7642
8747
5473
9571
1269
4101
2472
8145
7671
9222
6281
7113
7489
5956
7828
3936
8220
6550
8619
541
5521
6375
2034
6380
135
9811
80
6892
487
3329
1714
5734
2780
925
1630
26
5559
881
8612
2648
9151
4015
7153
8471
6980
3646
1645
2245
2564
8766
3461
5612
263
2441
3475
8589
5861
985
8185
140
4424
8112
2476
7864
1964
583
1005
6789
5506
3191
4067
6952
7780
2798
3940
1950
3619
1118
643
7481
2716
7000
2786
8281
9993
5472
7433
3
1091
9629
5807
5488
9605
3135
1141
9844
5708
4189
5218
8856
5899
5835
2073
1175
299
5780
3671
3522
7648
4634
5656
1217
5766
2375
5721
1607
1178
6478
9640
4176
3461
6899
9671
7498
3235
8036
208
8845
6754
6995
4274
3111
4694
7857
1930
7768
5545
6472
669
1912
2592
3557
6321
9824
7833
496
6828
6460
1247
2633
2500
3098
8224
7265
9797
4447
2566
2354
5777
8615
850
7820
2065
6582
7463
3693
1386
9152
5058
332
6075
6370
3751
7379
1811
5083
4230
1718
1247
1834
2957
1748
3009
5157
5719
1097
2668
6451
4690
8109
9036
5543
702
2909
3762
5753
9713
4612
2973
2482
1112
3989
932
5956
1096
7608
160
1221
9699
1151
4263
3958
2005
4307
9443
8708
8254
6160
8881
8585
8810
985
1716
4896
4412
6778
9498
1796
9033
5097
3671
9171
2369
9927
3037
1204
5432
9048
6253
3858
3458
5053
3607
3172
1742
2298
2030
3883
4313
6297
1687
135
5523
9931
6527
9750
8015
5782
3452
1786
5923
335
9340
854
3168
9157
6282
7157
3547
6888
2047
5383
1738
5076
3620
408
7594
5470
4966
4463
7709
1721
5555
1536
4929
9829
8976
5502
8859
9622
8413
5969
931
2300
6128
1743
3145
996
7406
3387
2037
4938
856
6823
412
5257
1074
4278
6703
8033
1599
2579
285
6500
7384
8263
6344
5421
2283
27
5797
6381
3040
4651
5885
5171
8535
8371
8865
8
9021
2681
5530
3332
4702
8854
5246
6976
148
6818
926
2921
13
779
9693
5885
8555
2546
4012
4518
36
9170
2096
4688
8122
78
9540
169
1621
2197
6458
3700
8972
8469
3709
9257
1379
1065
4947
8301
5551
6192
1406
7177
2724
4220
7073
3418
7999
1075
1840
9892
6527
710
2336
5763
3774
8060
4749
7152
9054
2186
3707
7389
9615
3745
6260
1613
3517
5892
3583
6835
4662
5348
8386
2325
5832
6442
6030
2588
6921
3248
1305
4923
240
1900
1209
8938
3873
3770
4508
3614
7063
8485
4885
4278
857
4018
3905
8709
8303
809
407
6135
2413
9393
2461
5873
8638
9047
8119
42
1708
7163
3787
3328
2316
8999
5360
1528
9543
4332
341
566
7874
5259
1406
8244
6639
124
9256
9059
1084
9663
6334
2796
6137
8109
3924
498
7304
8617
3025
1446
7805
6281
793
7365
5461
2267
776
9602
3522
2054
635
412
8116
3550
3465
1835
3284
5875
8223
5101
5866
487
6888
8871
1262
8938
827
9770
8987
100
9022
7140
704
5598
7545
6224
2304
253
4037
6619
9945
3644
3076
3348
7777
1541
5594
2383
8717
1931
4872
2837
4396
3415
857
2380
4271
1469
4070
1567
8124
1211
5428
7754
1544
3886
9981
6788
7025
352
7484
1208
6878
6290
1490
7762
7518
369
517
1571
2605
2744
5096
3457
1077
483
3654
4910
8401
3339
3224
1796
5069
5074
7910
8650
5369
3693
6890
805
1836
1497
816
9165
1445
7019
9625
9034
7613
9112
1503
284
4537
3246
8195
5348
9307
9981
34
2723
1063
326
5606
8380
9603
8462
5913
696
2104
110
996
3495
8502
4875
3909
6350
3251
7165
5695
3281
8900
9790
8427
4333
3252
625
6445
2802
7281
1084
6929
4940
358
1523
5268
5566
3139
3682
239
4458
4777
1895
574
2334
3889
2186
4304
8638
6732
2810
2902
8681
629
2598
446
2635
2019
7476
9753
7696
7803
6529
8344
8080
6146
5990
9702
8603
3087
8771
6271
2465
8575
5819
4494
9854
4210
3003
1315
3585
3571
3048
8852
6088
6934
4692
7098
1674
4121
5581
188
6096
9580
7346
3194
8481
6429
6243
7408
4984
2285
3220
5578
5860
5390
4317
9798
3100
2222
4945
2116
8333
9581
7865
9307
2881
5481
1901
485
782
9211
3758
8891
4200
6042
6707
6027
6484
1134
7821
1413
2538
4223
1065
4117
3701
140
6370
1643
8859
5127
7553
8903
2740
6109
3842
7055
3273
9332
7764
3043
8986
461
3644
23
139
9288
2982
687
9580
1191
1098
3530
8532
5099
3159
4229
169
6090
3567
2128
1903
9906
4510
9102
7947
1448
3127
5126
8210
1929
2669
1926
7266
818
6844
6295
9581
6154
4642
2395
7182
2188
4701
4691
4698
7203
8561
509
2676
8447
2918
5259
9948
164
7676
3839
9221
5825
3868
3346
8209
6110
9373
5476
3324
1134
7168
7869
2738
3876
8936
9938
4366
9810
2937
4132
4336
9133
4300
8546
9753
8700
9452
8910
1622
3359
8528
3901
7879
8157
2037
8312
123
21
7799
8864
7162
9030
8029
5550
8814
4346
6078
5464
6415
8893
7539
4656
1562
860
603
8471
4317
6296
6501
6446
7505
2009
6941
5981
197
9215
246
7644
3443
1524
8928
4526
4721
6926
2087
62
1734
4192
7208
6146
5862
9680
5296
7692
6284
9395
722
1376
3060
7540
1173
1007
4178
4580
2792
5345
5394
8316
7955
5762
8525
3966
7019
1907
9492
7289
2401
193
732
9930
6905
3443
2215
5936
8114
3484
8619
1080
1894
545
8513
8999
4815
2021
396
7526
3140
7023
9795
5479
9487
5837
3533
2454
4573
98
5832
6923
3265
4330
3046
7996
2197
2479
4181
2960
7214
2020
921
9870
9818
8254
1833
9075
5017
2627
4514
9714
8453
1658
5340
7237
5328
562
7895
6786
5625
9791
385
9418
5114
8031
9703
5259
1649
3482
933
3812
7864
4504
1836
7784
9811
7388
15
428
3542
5678
7690
8123
4544
9751
1696
6842
5816
4373
9760
3109
3667
5422
1426
5815
5471
514
5171
9945
6352
4281
5867
34
8372
3803
4439
1356
1476
9566
8424
583
6617
7002
2792
4871
8137
8809
4484
6361
1645
1098
9274
4131
480
2036
3616
6024
4102
4488
3758
3867
8294
9455
5754
8683
2198
3554
46
7405
4513
7145
8568
1608
1288
5483
30
5625
2482
8068
6155
6006
5937
5636
7499
640
9715
580
8911
7633
5953
6660
5405
597
8744
2304
6039
1174
8913
4481
5990
6703
4527
9023
7667
2450
2229
2980
2897
7460
4977
5996
9467
2518
5833
3769
1270
8991
1393
627
1938
1813
69
4284
1746
3995
5897
7121
582
308
1115
3020
2833
2502
786
326
8876
7641
3685
1323
9878
8110
234
5366
2534
3837
3769
3419
5455
4374
1965
6931
7886
281
887
7922
9811
2690
9838
4276
3082
7228
9111
5270
7317
6822
9516
1298
1416
3250
7404
5234
6464
6538
7856
1237
6608
7422
2981
2975
3866
3688
827
6250
4855
4753
2793
9307
5987
2204
1226
1968
5656
5615
5336
4197
4741
1603
3619
9253
2426
7313
158
6109
2003
9372
2023
6381
1791
4045
9745
9304
9451
4201
7808
1515
6960
7456
3424
826
7622
3854
8242
9014
2611
4052
6419
2155
3429
6801
8859
6917
4007
4809
2799
9026
1443
3256
372
7859
6276
5104
913
8364
1255
5469
751
1803
2718
4266
9280
2933
4896
2365
904
6076
8801
6573
8749
8556
8633
6052
6471
4757
8467
5359
4307
7763
9204
4818
1034
3737
5430
5400
5481
1725
8897
4328
2317
3308
9717
9588
3724
350
5733
3771
7299
7924
8579
430
5208
8142
3109
1040
9547
8889
513
9926
3726
5894
6059
5742
3437
965
2631
4987
380
1232
6524
7614
1341
8692
6328
5873
8250
6202
6522
4750
9876
5077
3808
9228
9065
2755
9837
4377
5836
9206
4006
1187
740
3997
5434
4512
4690
4331
6172
2829
432
3225
3342
3491
3411
6743
7004
5702
6125
8717
1282
1416
18
2832
7178
7979
2804
5489
470
7539
5133
4959
5782
201
8728
236
8263
4076
6893
6573
3465
3985
5223
6299
906
9564
1540
6631
1908
4855
7416
8427
6640
8607
9022
8731
8918
4350
2093
9146
9571
1906
3218
9624
8373
1213
928
7065
6181
7254
2736
4049
5889
3212
7447
5932
2533
3243
515
2490
9189
3479
4641
8887
5258
1333
190
5657
5303
1833
3879
2610
1879
266
1200
8758
4518
9234
3662
2230
3400
4290
1218
9082
1769
1266
8978
8990
5697
8901
5941
4467
8883
8123
9786
8838
5060
6720
4501
1470
2435
2753
568
6127
6313
8719
587
1595
2333
3869
9975
376
4228
3684
7044
4221
932
9253
301
9702
8436
3630
3309
5511
8514
9286
1960
7884
560
9058
6440
3471
7099
3194
7379
6243
1098
7158
933
9294
384
8625
8447
7187
8189
7872
2860
8589
7399
3116
