3425
1203
8760
3891
6268
5873
5428
164
6186
5091
7245
9151
4485
7024
7301
3349
7265
1901
6397
939
3137
5088
4595
2959
1351
5828
3591
5538
6855
8598
379
7315
2598
5723
2055
9245
2516
644
6903
1814
3587
1738
5666
1400
5747
5476
1478
4269
700
8455
5733
7811
9031
2477
6038
1855
9417
4286
8426
9294
5709
7627
5452
3894
2653
3690
6116
7578
2813
9707
488
3117
5172
5416
7519
6894
2648
2203
4884
2370
3876
6938
7731
3920
2248
8366
3027
3861
9918
3490
1552
6184
5572
8822
2708
7975
2475
3650
1393
3856
1819
2568
7901
4220
5568
578
8843
6949
9414
5739
5490
1993
5516
5466
4620
326
5576
7912
3229
8677
8391
5507
7582
6996
9999
8907
1221
9579
1571
4937
5395
6897
8130
112
4905
2070
9036
1963
1560
3424
1682
9206
9908
36
2873
281
5188
7306
8235
5807
7704
2948
8330
7637
6551
3655
3249
6253
6037
119
6890
194
8333
3057
565
4966
6289
1745
1307
6599
2667
7108
5232
6465
2206
6264
8254
5213
6190
6208
6100
7062
1625
7684
3003
1772
7440
8853
8896
4226
5766
7533
5266
1682
3236
7125
8666
2624
8535
4480
8674
5035
7735
533
9044
8928
9460
4138
80
5817
3727
9435
6105
2035
6994
6954
2732
6605
829
1153
2718
6924
7022
1795
9554
475
332
7792
7331
8656
4592
8823
4516
8218
1633
9878
7890
278
7627
3740
4066
6385
8987
8624
156
5752
5801
2491
660
6523
3074
7391
5921
9280
1712
8139
8491
7811
4137
7639
134
1963
1617
4154
8614
4680
6269
1435
2765
6457
4965
7124
5416
10
5717
3650
5251
4314
6112
4153
6532
8762
7730
6773
59
4145
6576
6203
3907
5549
1294
6621
7845
597
7293
6381
5658
2297
142
7977
987
9899
3080
9396
5607
6919
6530
3478
272
60
365
9961
8034
6303
3089
6852
7697
4549
6659
4997
1662
9726
5456
4791
3749
6321
72
340
4663
7650
3977
6035
3999
5265
2807
3042
1122
3980
117
8783
8040
2868
3891
4688
1218
9965
4261
6627
7479
8478
3595
6495
8159
521
3042
6633
7690
5397
6102
7331
4990
7382
8162
9566
7676
4142
9478
4465
6782
5309
948
7234
7823
5748
7527
3424
1863
3544
5824
691
7761
6129
2430
3292
7770
8018
9689
982
9864
3507
5483
3006
7749
2441
860
750
9399
6648
4921
7284
6430
271
3393
6082
9321
4689
1275
5599
6197
852
3622
5915
8995
5906
4191
9471
4068
1677
6633
3506
4979
7856
2636
6489
6512
5264
9692
5414
1269
3761
7893
689
6454
5
2112
7412
1706
1983
9349
9375
1472
8502
2669
4589
8576
309
3346
8126
9264
1007
6837
179
9807
703
2220
4696
690
1726
4086
2891
1848
1150
300
9003
3019
6755
7686
1515
4134
1906
3559
2038
3197
5185
4055
9277
1486
5981
2779
8556
2867
8187
8354
5194
7584
8182
1054
4111
1887
8743
8493
5904
2293
83
1044
4549
2128
7950
3095
6700
9552
8941
791
6983
7760
2105
5272
1312
816
1759
8238
124
9487
7301
6612
701
3914
2439
8296
9522
7499
1103
3574
4073
8304
771
2816
8085
5162
3337
8151
8043
4446
3893
3416
9525
1580
4498
4134
6521
8553
6415
1247
3908
4923
1057
2862
3808
8576
823
7965
4933
3516
6779
8245
28
925
4564
9348
4286
6428
8504
1129
6218
5523
1598
1902
262
8485
2417
3395
3661
3550
753
9603
6535
8681
9396
1685
2566
9784
3930
7970
6716
1043
6878
4157
8314
5056
2216
9140
340
5243
4159
2946
2576
3282
172
1310
2525
9968
5433
9795
1024
4340
9401
4573
2633
2077
305
61
7476
5284
5156
5945
1772
5686
7724
1987
1514
8572
1956
7876
2299
7193
3811
3941
2399
1584
3618
7274
9405
1776
1071
5692
7509
9005
7770
7441
5006
7243
6172
7257
205
6729
9112
7128
9687
5112
7578
3931
6317
4695
3628
3801
9942
9245
7895
1447
1836
2338
8805
4936
5692
7977
4453
4159
9168
4622
9785
3699
3418
4536
3034
7358
6758
4667
7083
6209
8146
6766
7242
1400
1402
8484
4387
1525
347
2952
2783
3484
2890
4298
7562
59
2077
5952
737
1283
1158
3627
1594
3879
9216
8968
8318
7888
5282
3023
2161
5002
1393
2011
8147
943
6211
7654
8718
3518
909
3280
3535
7016
1133
4285
3954
5926
2516
6025
6999
3674
571
3400
5105
7441
9510
8685
6892
5666
1030
8791
3310
3958
7353
2179
2422
2532
6940
2802
2705
967
6480
4841
1404
6798
8906
6159
6004
8656
9269
7558
7849
4121
5618
4665
2097
4246
8127
9774
8184
1593
3126
407
1813
7737
4284
4699
4105
7018
9786
189
9920
9492
2312
2662
9801
8786
5701
5859
562
4762
2036
3341
9437
8820
8400
1217
47
8136
1535
5804
7271
2537
1317
2965
5708
8280
3264
1127
9630
550
2336
7705
6975
1529
2057
3083
4891
9674
8497
6911
866
2553
7477
1250
4598
6382
376
6710
4751
5405
6139
61
6908
3093
8183
3172
3893
7333
1143
5257
2156
5323
6819
6795
4337
9915
8871
9309
4644
856
355
4694
2790
7538
123
2440
40
2076
5071
7226
5605
5368
1349
4405
7180
5394
4849
216
6469
9318
278
7736
4228
1886
423
2279
1403
972
5095
5199
4410
3121
5182
3067
2
8136
28
5059
9960
8305
2664
6451
2405
9469
4162
7974
4329
1491
2279
7188
9215
1630
498
5205
3468
9667
8543
4481
6833
5026
9755
9126
3648
1304
6295
7876
3356
814
3564
8008
6409
4099
7096
2979
3602
8849
3974
775
8025
7438
7836
8541
4297
7297
7838
3254
7415
9870
8751
76
6663
8304
872
4308
5531
5074
2097
1043
118
6346
1085
4810
6095
7059
6946
1039
8097
2198
5253
8985
4287
2644
132
9864
645
4131
1053
9438
6921
242
2029
6190
1457
9562
9234
160
1358
6851
9889
3310
8261
6560
8564
366
5566
3512
8955
4427
1190
4914
5987
434
7663
3644
3732
9095
8680
8808
6661
6322
6823
452
4970
9690
290
2564
3453
5515
5949
5982
699
8503
8829
5730
2437
5799
2139
3812
3302
76
3125
3943
3861
5574
6366
2312
7552
5599
1062
5812
3512
1077
8804
4743
4540
2307
8239
1522
9070
988
7036
3704
9410
3747
658
3413
6660
6313
7673
3964
712
3075
1793
283
9277
2264
303
6605
9595
6084
9666
8476
2380
4156
3428
5200
5687
4607
7180
6985
8119
9684
224
1525
6730
9318
343
5566
2037
793
1613
3475
5909
4039
4383
3521
2336
2284
9366
2110
9722
2970
4001
6771
9540
874
5179
2291
8798
8608
908
1852
6397
7049
2284
392
6584
2676
1985
8864
5052
2522
8889
2094
64
8859
5075
1326
1251
5431
6376
7057
9824
421
4904
1661
3603
7475
7614
612
838
1019
5461
1486
2005
8942
5684
5302
6160
2145
8404
7087
1678
3536
4259
6433
1485
3507
6145
1924
5656
1692
7576
1783
6626
5657
6152
6206
8111
2940
8816
22
6450
532
1865
4085
769
2616
8620
4083
5157
3824
372
5983
7037
4560
4206
7360
2593
4882
6061
5049
6772
3583
6026
727
8931
6042
7592
650
3723
1624
9669
2925
2615
7615
6925
5012
8358
394
873
9858
2971
1799
9205
9380
8286
3166
9871
926
9600
2110
7338
7887
7052
8581
9714
4275
456
5099
1707
9541
9947
4220
6082
4239
6104
4720
2661
7744
9273
841
574
6056
3319
8873
9946
3779
1461
5757
7544
879
5773
6713
5981
188
194
3473
1749
4208
7925
9842
1700
6484
8099
6971
378
2910
1658
8043
6612
7963
7116
4392
4095
1193
9629
6009
744
7838
9783
8593
2895
2953
5645
9464
8794
3555
6316
5976
3382
5233
157
5953
2088
1993
5686
2857
2993
9775
6737
3348
7152
4267
7157
8363
5089
9976
5040
540
115
2107
7686
8047
6408
7086
1859
5296
3221
6376
9116
3805
7353
9163
2548
4413
4443
6970
4858
5499
1579
7909
3216
6990
1419
5539
9222
2775
5575
8778
8581
3079
1215
941
4552
2858
6197
8723
5668
3123
2354
928
1848
5604
3123
6258
8767
5979
3888
2106
8498
4084
1229
5669
7547
9247
6506
6822
2069
2719
5493
7298
2431
6716
4943
200
6863
5366
1100
4395
3715
8070
6932
1645
6354
7442
5126
5434
6081
2509
4269
7501
4034
4793
7642
6691
5159
5418
5968
6458
4437
2616
5935
7430
9011
6000
1944
9712
5473
1224
8432
8139
2117
1565
6288
3813
9840
8459
4808
3526
9791
1560
5956
7144
6782
4061
4118
2706
4136
5714
531
771
7449
6885
26
6424
4436
9015
6959
698
7776
2675
9318
1383
477
6412
8858
8827
8357
4785
2029
2474
8461
7952
6922
7373
4650
4692
4198
8727
3265
220
4933
1779
4775
5338
3833
8204
167
5589
7605
6200
1218
1948
5040
2722
9552
7974
9877
7987
7204
9915
3767
5564
8254
9416
4562
3858
5898
2051
5421
1862
2886
7100
1803
704
7650
2156
7632
7223
5487
6845
9169
6352
4537
4822
5428
225
609
7633
7831
6641
7107
3338
5980
9822
3607
2870
9842
5130
4739
2158
5087
3570
1053
5878
7081
9084
6845
6879
852
5741
8177
9941
1925
3941
8459
1477
2037
7272
8565
463
7010
4025
4469
9284
6400
4644
9707
8413
5020
5704
5399
8919
7136
1776
4375
5854
8818
1917
4910
8165
3720
8370
3313
5088
4470
1291
6010
1038
6888
2810
6688
6134
4363
751
5774
2780
5765
5764
4015
1248
2757
1171
9435
2452
8325
2900
2298
8648
1180
5830
7112
4036
1776
6393
5666
4929
5128
7318
1340
7172
1536
9612
612
4968
694
9288
2289
6759
7425
4496
7702
7685
3265
28
5283
4649
1873
9969
7818
5880
6409
91
5487
288
8720
8279
9416
9982
3007
490
6276
8332
9809
594
9336
8987
6966
4791
5268
1896
1719
2332
6261
3518
9315
2216
3635
9481
5816
7132
2698
6386
6462
9009
9703
5516
9549
1039
1336
8185
8767
9260
2806
4329
2767
4079
2814
6353
4961
2576
5226
9380
2379
7166
7327
272
7409
1564
9648
552
7071
1193
9007
457
6255
938
2915
8780
8378
1430
7766
5927
699
6510
5877
2272
9087
2536
7483
8911
7625
5943
8887
1822
6642
2152
4713
8288
7741
3978
9212
6091
1144
1179
8797
915
9407
6668
5257
5636
7371
3280
4117
7772
1336
7014
4951
596
7668
5792
1906
4073
8371
640
5615
2506
3039
6206
9910
3072
5740
2392
172
4021
6490
5063
4694
4722
8179
3593
6908
8826
6837
5729
8985
1308
9370
1607
2223
9625
1202
8541
4119
8035
3586
2383
1638
6557
8310
6198
619
2277
3346
9209
2196
4346
2870
48
2289
3324
6031
4807
8800
1663
3594
3948
8215
4347
3044
7077
3121
4948
9134
9617
3567
4160
1388
1961
4576
3018
923
9010
4859
403
9154
914
649
6207
3426
8940
7888
8115
8839
7498
7497
7977
9697
7942
8035
4413
7916
1829
897
4488
9818
160
4734
3638
67
6096
3057
5334
6675
6118
4939
4941
3714
3957
6413
2248
6032
1021
6311
1804
5087
2612
2171
2987
3883
3010
1792
4358
9732
3737
2547
5689
4780
8959
3607
4008
6300
6842
8525
3556
7121
871
2415
4025
7332
9031
5126
8599
8615
1847
411
7739
1194
3018
9402
6138
4334
8293
4819
8378
737
951
6939
9100
6760
4914
1247
9145
3051
2138
8360
2248
89
4633
9258
106
6684
269
7894
4882
9032
1071
624
6884
9341
9281
4667
7577
9693
499
3839
9564
3927
8529
8861
308
4320
205
1945
7935
8179
4900
3078
247
2208
5504
4608
2179
3936
6602
4131
5229
6217
4713
841
875
1372
2043
8000
3885
9372
4079
41
690
4249
7213
1629
38
5786
3411
2266
4396
986
4221
9435
3156
3385
623
3142
2410
4659
9682
3039
267
2365
3577
7834
2036
5195
8382
6350
8392
6847
110
1972
1934
5997
6958
3855
6245
1497
3337
2789
1093
274
5095
1260
2420
2488
8219
5376
2241
3672
441
1936
4720
5304
6114
7128
9219
4558
8541
4569
2513
8587
7028
3989
901
789
7320
1943
8966
2690
898
5199
6702
3056
264
7819
6186
8625
9592
4177
3597
8868
5859
9448
5025
159
7561
6887
4379
3080
157
517
8954
2195
196
5600
6875
9861
6128
8633
5276
2344
3603
3148
4155
2199
8690
5581
2154
793
25
6862
6178
8362
4245
6493
7025
4021
2449
4602
2274
4494
5568
2327
9591
4907
7795
8808
8309
8835
5000
8217
5243
2655
8912
1983
8352
7293
8043
214
6809
2307
4099
2554
3364
7392
1793
7666
7461
8846
8927
4630
3466
7012
9451
9777
1580
2120
9189
1073
9957
6786
9638
379
3400
9883
1261
1308
1745
2692
4758
907
282
3603
873
9594
9623
4072
4829
2986
944
190
2807
2990
3416
3086
6707
7016
4478
1677
557
2624
543
6853
9533
6371
4854
6769
3245
4776
9490
8785
8920
3294
2066
7934
5232
6577
9359
7607
6972
7483
4246
3226
9772
2071
9217
8703
7147
1153
193
5614
8416
2089
73
209
1633
5446
5162
3268
8709
4343
711
7736
7667
1876
4244
7319
4636
3316
2672
8065
226
5592
8092
7301
4612
1780
3351
4428
3959
7598
8407
240
5810
9183
374
8042
8838
102
6599
264
9176
2700
147
7852
4365
1986
9221
450
2977
2726
6206
6842
9107
6101
6133
4259
8608
8714
6175
9753
3563
9524
4022
8261
8406
5718
6234
7715
1632
4296
3601
4305
4763
8411
8620
8787
8056
4890
375
7203
4178
5340
2668
3157
2339
149
4134
9641
3015
2716
9757
8938
2891
7720
5474
8435
305
2851
6120
593
7124
8577
1085
3556
8562
6521
8596
8191
7866
4210
865
639
5859
9337
976
9480
3127
7070
114
9658
7035
5103
565
5827
4412
3612
6830
9838
9879
6522
5254
7689
4052
1011
2750
8420
6320
5386
208
5429
7558
1004
2644
5481
858
498
476
2037
3218
451
9981
2810
4721
2391
5274
9207
6816
6342
7246
1896
8027
3726
2038
620
2502
9507
505
549
538
4513
5205
521
4224
1934
9991
5973
8681
1195
3093
1200
8375
7576
4252
8093
3548
3575
2722
667
6029
3000
3255
1879
6466
5220
3069
6753
3101
8166
6577
9356
8100
1331
3109
6366
9837
9738
8651
1159
4133
9431
2256
607
1292
9089
2962
7976
2849
6563
9919
5011
8358
2920
2876
3422
1136
815
2447
9643
109
1374
3098
9612
9489
3555
6261
793
9631
438
5974
2244
4801
5034
7039
612
5781
146
724
6078
5684
8976
1383
3859
2207
1480
4450
8994
2936
6516
7904
3661
346
49
4377
9257
6134
4950
4361
5663
5244
6500
9243
4543
2066
2249
3095
6021
9476
5567
6325
563
5288
7282
6300
9230
8156
8910
8236
8805
3583
4374
9348
6636
6952
3857
6641
4647
3927
7631
5060
6481
8199
8490
5119
8941
2044
8664
556
3555
2286
4460
9769
7644
9298
300
2532
3961
8546
7661
3550
7309
2440
1354
9759
8556
1564
7476
5063
6955
5687
3299
5132
9206
980
923
9045
4288
6274
410
610
4549
8760
9917
6693
9036
7734
914
2097
7384
963
4777
6909
4382
1176
5507
4725
48
5097
2700
958
6952
2635
6294
3908
3904
7511
7546
8466
942
5049
2883
9052
1022
8085
9942
7260
1287
4295
6873
7272
799
2053
3781
6653
3962
4803
214
8106
3278
4243
9183
731
818
9271
6650
8239
1013
1220
701
7897
9146
7909
3145
4864
497
5305
7099
8099
1
5754
7909
8861
786
3467
3319
5744
9271
669
6679
6337
6264
3742
5616
7824
4461
3614
9446
7971
9991
7919
5639
3214
185
5705
1485
3873
2579
8280
5745
3181
9583
3971
2761
9796
2308
841
850
6588
3720
7353
4489
7792
1507
5310
4002
68
4270
37
5084
7394
5034
1805
3516
6854
3326
2666
2917
5682
6840
3158
3386
3151
3284
9525
6298
2673
5194
1267
7562
373
162
9756
9488
5497
1554
3287
9915
3544
6376
6512
4928
5457
7780
5329
3808
8708
125
2732
7701
1224
3411
1943
6107
7371
660
7973
9243
4375
2168
4733
5634
1134
3943
4089
3361
322
5355
9646
4894
1042
8704
8914
5175
8309
8823
4895
6343
7804
7226
4002
4624
3448
4074
464
6232
7000
6148
5958
5169
2060
8498
5820
5904
1643
8077
7173
8768
9277
2368
8421
9295
2438
584
7984
6069
6000
2712
1371
1812
627
9226
1233
9675
4980
2271
9252
2165
5367
7878
766
5631
562
3067
2194
9511
368
3031
7524
656
5231
7462
6802
9297
1543
8934
1582
5709
7063
8923
9129
6493
349
975
6317
2874
3649
1863
9415
4247
3983
4785
8911
7162
3183
4841
9589
75
259
9578
8986
421
6332
49
3880
9642
6649
1870
1359
9204
5358
9956
9901
2741
2445
6304
4105
5087
9315
5750
1421
4544
3137
5830
8173
3574
1061
3454
9112
800
4949
6265
7786
7189
9544
3877
2283
6877
6593
8882
3784
653
3032
3654
6108
8160
535
8878
5402
8417
5038
527
5226
774
7059
1179
5837
1062
9577
5070
223
2922
5036
8056
505
993
7415
5653
7599
6702
6050
5752
3820
3996
3867
7110
8056
546
8607
6783
6116
8450
3206
6295
6962
6987
4744
7250
5907
510
640
7087
2142
6381
1643
9723
2634
6735
7325
678
6089
7105
9056
5203
2017
8583
6378
328
6023
1631
506
9238
6282
8198
4110
8162
9674
3796
1685
1010
6179
3411
108
9859
2122
9133
8423
8519
5346
5443
8429
5548
5595
2890
7168
8519
2489
1839
3784
528
6332
3772
9708
1623
4433
3906
4076
7364
2500
1718
4445
5436
6992
2280
4882
800
7429
7742
6131
655
4741
7376
5549
9627
8523
1533
6790
201
8776
6539
7259
5266
4075
9899
9880
8871
3596
9018
5090
2193
3782
7699
8021
9638
2543
9283
4998
216
8789
4853
228
5303
8230
5835
8175
2647
2348
1246
5732
3708
7891
7996
1445
8081
3353
5729
1138
3640
9937
1649
9526
2316
1795
9361
3344
8387
7523
7461
6331
335
2125
644
2125
1459
4474
1176
7241
6611
562
3201
9761
9172
7774
7625
9739
7426
8872
7810
7214
6513
9378
3996
3530
9131
3999
3234
6626
8999
8210
4772
9255
6075
5281
2928
5906
9624
5861
7289
2413
2884
6561
3130
9310
437
6461
68
5489
3657
6830
2882
8193
6371
3219
4302
2803
5984
3790
1660
1552
6695
5101
8964
3309
9934
6821
5821
2472
6345
5354
997
8224
878
5133
4381
4433
9604
2899
337
6475
5658
1613
6853
6047
9156
1737
3467
9878
2543
4005
9218
4253
4598
6491
6888
5120
397
9677
7999
5634
2635
606
8494
598
3685
4315
5886
4382
3476
8533
9125
9901
1752
5563
2256
4795
3159
5016
8808
5
8094
3462
8631
2077
9512
7230
9381
5989
3644
7006
2235
4564
3488
7717
120
7619
6252
2014
5105
6359
7642
7014
4339
2555
505
779
1669
1705
8224
6228
3273
3141
6399
1895
8913
5957
9633
7355
6926
9073
6879
2763
6275
7251
6686
1442
3128
5419
7800
7593
1419
2562
5160
6315
7296
5945
143
466
9753
2174
4195
9440
1937
6425
5719
8987
5811
4809
614
1573
4408
5286
4025
7319
9596
5027
9048
2346
1826
4530
9485
930
3550
9091
52
9096
7024
251
1519
7730
3825
109
6789
8113
4773
8983
394
5446
2609
4476
2874
9425
5830
3401
2223
2264
6091
2566
6563
4865
3961
5948
5359
77
8383
7741
9169
5472
2614
7844
8060
4737
1279
5770
6489
6234
345
1938
5820
7116
6878
3170
6193
4419
8125
6158
7045
2129
7090
3427
1970
6906
3537
4012
4114
988
8274
3188
628
5800
9351
3738
6299
4977
3801
5466
3924
7440
6719
621
3232
7602
1232
6047
6496
6671
336
5033
9327
711
4919
1179
5273
4010
7983
1704
5881
2084
2588
477
6975
3156
5590
1135
6225
4824
9233
1280
7320
9479
9662
7406
6812
8522
2730
8984
1802
4520
9188
8318
2609
4316
6780
548
4412
7749
1879
5586
2521
5594
3135
2363
7624
2184
583
2024
7744
1849
4829
5489
3739
2194
8040
2391
6130
858
9936
3377
3891
3170
972
7041
6782
7846
7287
4145
751
1390
444
3040
2150
897
8305
6019
8851
3175
5888
170
2252
664
4511
544
1441
1671
4625
6350
102
7701
5926
3661
9263
6083
4285
1365
3163
7671
5098
8391
7431
2634
1347
3732
4324
4653
6756
6072
2930
2389
418
9143
4091
938
8461
3618
5212
1543
4238
9765
2510
7151
8000
8688
2979
8797
4619
4832
8476
9365
4427
5849
2535
9837
1807
4323
1350
7522
3197
6879
6731
6792
3556
52
2511
1169
8473
6713
2
9657
2691
6833
6316
1084
642
4879
9090
6325
8857
3668
2277
211
9836
9452
6884
842
8485
9169
2961
6724
7505
314
3089
3138
4727
4309
7997
51
6585
4172
8454
8111
2947
1094
1445
4192
7888
4989
5840
398
4331
4887
3977
5750
7667
2323
1233
4358
8200
8850
9817
2487
6866
912
9753
9719
1042
6909
4761
8995
9472
6557
4988
1486
7746
6840
413
8768
2590
4190
4626
4749
9670
2971
7901
8400
4403
8547
3634
2180
4141
1994
2258
9392
3846
1106
3941
3405
1270
2178
1927
2373
6113
9232
4601
4809
6613
8507
120
2590
3328
4471
2907
2950
3726
8181
5365
5527
7199
1294
6075
3018
8311
8445
2352
9841
2192
182
7995
2854
8954
6247
2778
2445
3938
1913
5504
517
4736
562
2442
2560
4442
9995
2639
6172
6422
2505
9125
9581
6637
4731
1280
1625
411
1262
2134
6896
7491
4272
3470
5270
6320
3887
935
9295
5526
77
8373
2582
4470
8771
2742
361
3840
8895
2658
5268
387
6283
1329
1336
6352
6795
8918
4264
253
1955
2441
2064
5701
867
787
2979
6380
7616
5410
5583
3792
7471
4845
6799
9660
5729
9073
477
6630
4262
7529
2769
7080
8015
8428
3435
300
5892
9136
2041
8368
767
3341
5973
1929
9923
8269
4479
7731
5484
831
9698
7734
2244
8026
3653
7045
1423
2943
1872
4640
3460
3047
8393
9370
2009
2171
3258
6773
9274
8211
1521
2040
9381
3398
5892
6146
5829
1328
3438
2937
4920
2898
2091
3003
8639
3202
9356
2374
3475
7939
263
947
1918
1856
4334
6716
4749
386
9882
5710
7088
8945
5107
1290
442
1351
7071
7398
1372
8208
2166
7857
3497
6302
6366
5747
6085
5145
6503
5362
2399
5459
9588
2049
5368
2073
5012
6675
9102
3845
2109
2637
7434
7520
9509
7578
7730
3110
1756
3992
812
4114
7609
2671
8321
3288
1663
3170
2905
5617
6683
6654
200
1937
2061
1407
212
6020
2145
7378
2658
2919
6009
4949
5069
2516
3160
6107
8562
9269
6606
2188
1306
6489
5483
4792
8837
3732
738
2764
4591
64
6348
8221
7634
1298
6725
8866
9512
5624
5079
8094
251
8430
7296
1306
8412
383
1603
9905
4140
649
7785
869
6137
441
5041
3472
5416
9637
2043
8261
3180
6505
861
228
209
4441
9168
492
7224
7910
1050
7930
2511
7820
8504
1488
8443
9319
5592
4802
9429
6245
2705
249
1710
4375
9263
2650
1488
9265
5743
6961
6595
7137
179
2278
2985
8412
8930
7954
1575
2580
6111
9099
4000
8230
180
3003
9551
655
1628
3471
1792
8255
2010
8187
7420
1301
4873
2795
9568
5546
1840
9316
3689
6730
1633
5720
8446
1789
9823
6425
7641
2517
1514
5621
4675
6655
1465
4511
1323
6763
5218
9438
5635
9513
1992
2559
920
9417
6706
9094
1644
6149
6836
7058
7361
3739
1773
8446
4243
4225
3356
9443
5539
7181
2527
2811
3644
9837
9161
9648
4052
2832
4799
6499
1217
4360
9952
2057
2741
1063
4735
6064
3719
9590
2494
2767
6079
5365
6937
747
1310
4908
9787
1238
8504
5296
4465
2337
5295
9346
8890
7666
4365
8801
2855
2689
7581
1919
8101
7501
8071
6481
35
7436
3511
160
4898
3391
7256
8301
1257
9203
9826
9890
7570
8836
1308
9603
8581
7116
560
2755
7566
9066
8219
1522
9581
8733
6141
100
2299
4543
5187
8541
9636
9759
3374
5385
3861
1558
2543
9528
1506
6091
4866
9030
8660
1635
2212
2665
5982
6240
8659
5539
9723
7914
1185
1672
9158
8331
4723
249
8390
1219
9276
3327
5843
2348
33
5939
7209
840
9577
7497
2888
7767
9779
1933
6805
629
5940
3798
7761
816
3979
6232
1508
9287
4339
8998
9510
8333
5797
515
7962
3245
1846
9801
8103
1640
4004
4323
1652
4346
3753
6085
8287
7626
7482
9851
8874
3472
8687
2591
9506
9713
6142
548
8526
6101
9334
4208
3728
6298
3397
5526
6171
3473
6598
3457
9330
2022
411
2477
6760
782
5635
6094
8202
3577
8537
1988
5637
6358
3897
1655
3909
6214
9790
2412
8651
1880
5293
1898
5930
8740
712
2886
9934
6131
9936
2810
6537
123
8554
2740
9307
4793
4748
7898
6158
3607
6213
2364
1004
4445
198
4210
1405
1059
9457
6660
5984
6693
6780
8233
8773
1359
5298
454
3717
8056
9703
696
4175
3819
4757
3981
1408
7599
9815
2317
5614
5049
2098
4726
6113
3688
107
3604
1487
1678
8489
4992
4242
6190
9128
6143
3528
1856
3191
1516
2870
2002
8559
9360
825
8217
6672
9308
9148
3541
5513
7353
4111
9234
7620
8839
122
2154
