1143
7265
7975
4999
7506
5325
9207
8047
2415
4160
5851
9936
1022
4567
4900
1678
9583
7959
8736
4522
396
7566
781
8949
7683
8740
5973
2204
655
6657
235
2289
4466
425
1424
2426
4689
4002
6481
6882
1740
518
6673
4958
5032
1508
5839
3498
5531
3360
6628
66
8804
8987
9467
3469
7252
9789
461
5699
7389
735
9528
9503
4277
5141
3163
8959
5414
984
1921
6824
8150
7154
23
7383
5439
3266
8315
4818
3370
7872
4676
4189
3692
9419
8952
2505
7341
3213
8062
9319
3536
3824
5697
6714
5316
7209
9709
1817
855
4515
5689
1812
5170
5223
33
7150
9205
2743
4958
7225
3023
7738
2180
1840
9833
8017
377
5981
5024
408
9805
8939
1630
6585
4170
1445
3892
1322
7449
7277
9814
4278
638
5578
5683
2457
9378
3368
511
4469
6715
7539
5551
9218
3434
2894
4256
2931
9680
1533
9572
3795
3422
5396
3994
7069
6200
2534
3849
9771
2020
2175
4280
7415
1285
7213
8621
4557
8079
841
8353
4897
9798
7524
4125
4301
5704
3548
4803
8627
6675
6254
9130
2817
2036
2341
6583
2754
5421
8144
6181
6848
4754
1586
5570
6136
4033
1715
1301
7734
8411
5652
5663
2575
9139
8496
6861
1950
610
6813
7495
70
1813
6082
7625
7542
9060
4067
9723
7834
5743
4311
3310
3470
1799
4763
5462
4045
4934
5567
863
1400
1660
8926
1645
5315
7863
6427
3460
9673
1790
7462
608
8655
5866
1150
3554
4134
3009
9713
5672
2074
5777
7471
6184
1960
3958
4669
5225
8780
5048
821
2173
9304
1796
8698
95
4288
436
2889
6405
2514
5134
667
4034
1348
8246
7831
7931
4278
5697
148
9571
8438
951
5628
2390
7410
20
5645
8814
519
8875
9753
9429
7161
4647
7261
7416
2540
1840
8254
4085
1294
6134
7791
7249
8743
9181
5791
7767
9305
4934
3936
6272
1458
7701
3634
4268
144
1748
4670
4779
4116
4851
3423
9755
7791
474
266
2030
425
5950
5326
1303
1104
7099
9526
544
7405
6756
8236
9643
6259
2500
1384
9604
7089
3456
9685
7215
4759
7899
8996
7747
3445
805
3515
1314
990
4609
7653
5236
6283
5218
5229
6175
6348
1473
6181
4181
6538
7934
7968
8826
5272
7440
3216
6705
8712
3290
5113
7986
2970
717
3733
8745
6670
3236
9969
8830
7259
9744
5396
1709
9576
2528
5487
5362
1447
7212
8016
6083
8802
798
289
4825
4157
5566
3677
8315
155
4137
9043
5897
3981
8749
7555
5923
7381
1556
6357
1044
1672
6282
6361
2398
1954
6924
4952
275
7140
9839
6378
2989
184
7946
2657
3435
4309
642
5427
2376
9326
1200
2565
377
420
9440
4850
1395
1100
8041
3883
2743
7148
8932
3880
1516
798
6923
8220
7847
1639
95
8535
4744
4833
1221
6598
4276
1252
5423
885
4523
756
3683
740
4118
980
746
9511
4031
4152
7207
295
1436
2312
6769
1606
521
3392
8767
5952
9697
9140
1264
6956
1913
8945
3956
1906
9289
9071
1674
6999
3655
7811
2726
2100
6354
9440
8878
8805
6345
6013
2786
2013
8726
8770
7654
6070
2554
8156
382
7382
325
4944
149
6749
5714
1500
7129
3915
5085
6777
9094
8351
4402
157
2301
7865
9731
397
6017
1729
2998
367
2239
4817
5257
6749
7191
5661
1155
1925
139
627
7352
6302
4211
8621
344
3926
8698
9412
9780
4102
5928
7326
2894
1847
6909
9608
125
1501
4151
958
6922
4241
9808
6807
6842
8125
1912
5823
8488
2529
634
3292
2669
6914
5741
1633
9503
3090
2121
9392
35
3691
6724
6282
1201
2772
3049
3795
4643
7686
7939
1169
4345
1256
4411
8163
4156
7015
652
9727
556
8226
799
4515
7273
1873
8808
7948
1531
9573
8188
341
3518
3658
1773
9479
2365
858
4788
9503
6105
9323
7354
14
2039
1192
5123
346
3492
9630
2984
6241
2053
7981
4783
9213
9967
8014
2296
3731
5231
1027
5094
3286
4280
6553
1817
1465
4103
203
532
993
2180
5889
2992
872
631
5429
7852
9518
5797
1574
1119
9594
774
5893
5644
4575
5971
2829
7345
6505
1601
7168
8988
7735
5445
4092
2665
4546
5811
3740
9980
9931
4519
858
1160
9332
3919
6003
1499
2932
7587
8995
3590
3630
2610
2688
7580
6987
3050
6210
9254
2435
1524
3631
192
683
5625
1125
8740
9753
6117
5361
4305
3427
1735
5884
8935
7669
3169
5125
7058
1297
5555
1770
3217
2352
1646
5136
6610
3927
8488
6978
6491
3589
1387
2741
8007
7800
9945
6202
1932
9712
7265
1149
2869
4283
1431
3243
9809
4815
4851
7248
1623
7063
9528
6894
2259
468
6239
7946
8850
3573
6287
1424
2278
3362
9131
5030
4838
1441
6681
5006
9382
5019
6523
1973
6686
4489
2427
1337
2137
3640
5111
8200
1804
331
3591
8371
2929
3872
4663
7233
6432
7499
6165
7456
4217
6350
7273
5910
7952
4490
2028
7686
4821
6175
7126
4110
4895
2687
632
4012
4532
5345
9442
5793
7463
9730
2851
1902
367
2005
6875
1867
4528
7563
7230
9943
6505
3806
4599
7561
8809
8327
3318
5412
1534
4415
9768
3242
6091
1235
6865
2663
7574
1184
8281
3854
2971
1982
8368
7954
2864
3690
8543
7338
7911
347
2637
711
1129
9765
7546
6914
4485
268
9420
1774
9701
1760
1043
8125
921
7239
8331
8767
4482
6009
6846
565
7965
917
7731
1395
89
4832
8359
4803
2263
1197
5286
2454
2462
1000
9302
2502
6792
4189
8641
2456
77
1846
1501
4109
7626
3185
3929
3671
7037
3472
6326
1032
1983
5977
143
1269
7486
4318
6807
4410
3142
3239
1662
5528
7324
1291
7775
2809
7015
4270
1113
8804
4635
8900
4168
2668
7107
724
8623
563
458
3191
7541
7819
5767
8544
4457
2669
5154
9766
8210
9331
4279
6812
6840
2175
2902
7633
2105
7135
1989
5571
9625
1576
1779
4111
1049
9855
7289
9331
3410
5591
959
4981
6894
5844
1159
1276
8068
8750
2906
652
590
4897
4478
1983
6696
7425
145
3599
2632
3499
4981
6784
7636
1271
5816
7178
9972
762
2398
7316
8117
3863
4829
8684
4679
9557
7541
1619
5108
6604
618
1301
4206
5737
6559
5270
3043
6465
545
6392
2111
9875
5085
8057
6559
7701
63
793
5757
3840
4392
3226
6973
9192
2091
8368
2147
979
9572
6568
9150
5164
1237
9348
6149
7199
2063
3892
7853
2212
1913
113
388
3401
8704
3698
5885
4391
4204
6786
7272
7591
1866
9481
9709
4941
4379
9302
5397
8258
2536
3358
8853
8720
3552
4206
920
5591
5424
7885
2168
3133
4030
8253
5849
4689
4147
1712
4210
7616
1634
2230
8809
2513
4888
3701
4617
9691
6450
1298
4515
1302
4278
9659
830
9775
4911
4519
6924
8117
5672
693
9643
3968
3156
6865
5620
3889
8312
7397
403
1220
3894
6540
4516
963
2727
6849
3494
2116
2051
6471
6687
4419
6624
9682
1804
202
8293
2914
1779
5404
7594
5727
5575
8465
190
8848
7255
8059
7300
1894
2148
1480
7660
5685
6332
6736
1961
8131
4760
686
9636
665
9982
6844
700
1559
7172
7287
6503
5283
1794
5489
2186
2353
2466
8661
8513
5263
935
8549
4652
5735
8151
5039
6119
6456
7687
4446
8564
4942
7777
1629
678
9421
2180
9462
780
6989
7785
8889
3545
879
2829
7560
6700
6078
9184
767
1825
4929
4920
9681
3507
4637
2322
2429
6684
3383
695
4975
234
6742
7927
3603
1488
2071
4725
4821
9334
5930
4207
9828
4878
1530
7208
8228
8437
6282
9475
6659
849
9419
3390
7443
9101
1114
1609
8998
3902
8406
6417
4248
9057
2223
1934
646
5732
2138
3493
1452
3310
8833
6363
4828
8507
7207
2967
2971
5303
857
4913
6565
4502
5264
6605
6785
8830
7523
7567
5327
2226
9562
2138
3741
4541
2285
8665
1689
6935
459
2920
2561
1606
6758
4304
7014
8595
9643
4557
9967
7672
271
6238
874
3572
741
745
8781
5355
4925
9016
3035
588
1462
3716
3234
496
1588
2764
6720
3452
141
1538
2534
1091
6333
7202
7685
9916
2425
480
7477
6747
4896
4797
9621
6158
5278
70
8428
8214
538
7353
7374
1168
3983
3892
2602
6895
4280
1996
5744
1528
7765
742
528
7450
7866
8742
8813
4824
1846
3186
8081
9764
4464
2130
4746
9273
7086
7815
5826
245
7504
2949
5340
5505
6265
3902
5034
4623
6413
2828
9916
7311
8310
2394
3763
6334
8561
8160
4115
2827
5989
7801
4567
2647
8900
3426
6254
3017
4361
354
7987
8043
9585
6224
6794
340
4455
4694
5510
9794
9704
5264
7240
8708
8085
9521
1538
6642
518
2146
1082
1866
107
8647
106
4904
9646
1825
1268
5633
2820
89
1330
3580
5347
7791
2043
8780
2061
512
8130
8270
3051
8621
441
8908
8677
7742
7075
8700
4781
8754
8758
7593
2939
6225
9007
3868
5891
9297
640
70
1395
7025
1156
7036
3752
566
675
5919
7569
3023
1281
8662
7163
1015
2225
5275
4443
9798
4664
912
4762
8644
9308
8012
6490
4828
1882
4693
1159
1208
4678
5067
4265
959
8157
3615
4646
6488
5911
8830
7492
5113
4489
8495
5052
1680
8950
724
7242
2557
8294
8480
2065
907
7086
5174
7819
1546
6799
2537
8702
5434
6555
1525
5643
4101
3793
7929
4304
4265
4666
1840
3052
5088
3100
5083
8466
654
3564
5068
7543
2663
2752
737
7094
8123
7858
3180
9699
1328
3905
5899
3485
8937
8482
3272
9820
5272
8116
7775
4921
8077
560
8999
6749
1626
5471
9567
1954
7637
6005
9783
4534
9128
4572
3240
5709
4233
9164
529
9510
2481
1573
2143
7430
6204
1791
4056
2337
5468
3625
3716
2823
6361
750
8184
2682
3593
7173
9312
2862
3624
5719
2616
6250
1044
1676
2936
795
5160
6366
6890
6311
2819
3183
8777
8686
5940
3559
7992
877
7573
3589
764
3437
737
6518
4166
1240
6018
4052
1697
9915
7259
7846
7636
6951
1167
9221
4581
562
4141
9726
5163
8730
9897
7315
430
2266
1527
6188
5421
2693
2166
9916
1275
9326
3127
8766
6950
1994
5657
7710
1686
9486
8419
8820
7695
2626
1101
6971
7395
8247
6155
1743
9847
5620
8246
9525
9008
1052
1497
5301
6682
8236
2885
4546
8181
3360
5730
8074
4620
6629
6098
7144
9843
2329
7459
9431
1388
95
6002
3681
8502
430
7062
118
3283
2937
3408
1048
4021
2778
1053
5171
4948
2135
8693
4170
8494
3990
9299
6012
8620
7245
9889
102
6012
3426
8992
8914
7152
8833
8049
1261
8371
3916
2787
2741
8323
6220
8361
5569
1488
9126
5511
4364
5215
6729
2185
1049
9035
5540
2272
3866
8137
8212
8442
9643
1558
4987
4029
9337
6319
7340
5920
9585
3036
8531
6725
195
1579
4706
8775
4676
6789
4453
1948
4195
5870
5783
215
1747
3246
1678
2925
7879
7863
833
4241
1373
99
9050
302
8321
9532
6694
1137
7314
1159
8488
977
3793
3918
910
7692
437
1384
2172
2767
7516
2903
8869
3249
8444
4829
8360
1420
8392
5676
1542
7306
7630
9385
5809
6360
9212
5084
4992
6777
1731
3143
608
4858
6676
3552
3861
925
3143
7245
1566
7604
4923
2091
390
1644
6152
6107
902
4772
7391
170
3735
312
7891
2731
6134
4782
7841
4131
5473
2236
2698
2512
2861
756
7745
2471
6858
2014
2400
4217
8622
3376
213
3841
7646
3356
2634
4028
5932
3702
8882
1638
5033
673
7887
5117
9947
7413
4961
8644
9978
7518
3737
7462
8021
5636
1339
2069
514
9523
7154
494
9186
4551
6093
2347
9762
1269
4231
5621
1118
7704
2261
2083
7216
1271
1288
1555
422
4176
6098
9204
5154
3587
69
3726
6682
2461
7879
9294
5984
384
1650
6978
2476
1563
3735
4702
6598
2907
6147
952
4368
2126
1338
7734
5247
5455
5632
5778
5930
6611
8023
3510
2234
8719
8242
4090
2690
5508
8487
9160
2537
4632
6803
7448
3282
274
2456
685
1229
6114
6882
5547
9862
7915
6247
3299
6266
7037
4348
3644
3338
5123
6276
2032
6857
9030
1891
48
3344
3836
6113
8021
5184
6193
1147
5444
3575
1584
1475
1549
8891
4414
1591
4897
6260
7043
6527
2365
5783
7254
2208
7943
6236
3523
2974
8147
1521
5820
8974
6451
2951
8522
5913
1209
4074
2350
3420
5898
6447
72
988
9618
1125
1042
6071
7485
9982
2475
6150
6841
311
1324
4159
4262
7203
3768
119
710
6182
868
1605
2887
9405
9936
2257
490
2059
8322
8507
8063
4061
8334
6952
8511
159
3476
6838
8150
9720
982
8785
779
736
83
2879
957
9731
9749
9686
283
4333
8548
2781
6304
324
7029
5007
1530
374
6882
3132
613
7927
3991
9897
665
1196
9590
72
765
7782
6040
531
4870
6710
401
8066
192
8527
1279
3660
8743
4506
8462
1114
2930
1410
1114
9574
2829
6143
7667
434
5090
1296
1446
4630
6420
6705
8654
9361
455
93
5334
1952
1807
2716
6073
7165
5779
2301
5368
1807
1485
9840
2328
8927
6034
1658
7077
5434
5609
8939
8823
7826
2585
1180
8208
3952
2979
497
4894
2308
6889
6543
227
2989
2441
9639
2911
1348
3979
6816
4871
3042
5955
3203
3140
5537
7698
3488
6506
9376
1632
8222
1875
1025
1470
735
6776
3404
9659
1921
2379
3238
4389
2705
660
2701
6202
4475
2550
5754
1914
4764
6301
8985
4410
6728
9527
3892
6184
3255
6348
3419
9974
6187
5403
4192
5541
317
2034
4367
176
9029
8697
1115
9489
3783
7548
3652
8788
8122
452
7700
838
1573
3264
312
4905
2307
501
1580
4727
8693
6671
303
96
2438
995
726
4275
666
7859
9244
7573
9967
1836
8967
1648
870
6960
7478
2363
5099
2619
4550
7954
6143
5284
1636
6498
6503
2690
4253
4979
3901
1368
1
5618
4068
9775
9206
2426
3946
2878
1368
8079
2406
5864
414
6006
256
3555
632
3844
3088
8272
5092
5666
9278
7772
9184
6330
7369
3506
6938
8241
3027
3370
3796
624
2969
7682
1875
9168
5969
5448
4150
7601
7660
3457
1347
4712
7755
4041
2125
2979
3469
9479
9634
3162
1638
1052
3233
9988
268
7608
1544
2275
2571
4570
2092
9629
5848
7554
994
6440
1683
484
4138
7969
21
4395
5883
4872
7145
8951
9689
5820
3575
7684
5363
8127
3979
5929
6297
7381
8181
9306
8603
1327
4009
9434
5197
9950
6070
81
7719
2374
1028
3622
6024
401
5382
1977
2058
9548
9855
2672
640
690
2626
7067
8668
8899
5025
198
9598
9201
7495
6491
9671
6311
8817
1441
8908
438
9958
629
8853
6638
8872
9251
4261
7909
9651
2577
8276
4551
2418
6264
7511
490
7505
4928
961
6892
684
6167
9747
5243
5575
4158
2208
3617
9223
3201
8347
4507
4925
8448
8833
9908
3555
3854
2163
7506
9039
405
2076
6397
6101
9476
2977
2903
5048
7959
1334
4733
1969
2769
4781
6024
8280
9337
6057
7728
415
7646
4849
3982
3951
119
6880
7149
4921
6060
3849
524
3918
1771
6007
4306
1611
136
2258
591
524
3652
15
4794
6834
7864
7583
3548
9263
5726
2279
3400
7661
8316
9327
1030
1758
5262
324
6779
143
1056
6488
6391
902
4549
4185
8762
7738
7206
223
227
8849
3130
9727
4391
724
2302
8653
9019
5695
6098
7358
8958
165
704
459
9829
4769
4714
1217
4596
6199
1710
1750
8038
7544
5384
3942
4122
8708
9460
555
3290
1306
2767
8539
3944
3867
4186
859
5112
1053
6169
7874
8068
2795
2702
5704
5504
6266
6380
6413
8987
6502
1355
2966
1838
682
216
3697
6964
7375
518
3274
8518
3932
1685
3447
994
5388
4061
7182
7079
8109
9879
6902
4656
3476
7992
778
6458
2637
8155
5514
9140
8896
5978
4316
9986
9280
2537
5920
6478
6990
3151
4321
7756
5050
5345
9094
1768
7817
5725
4905
2878
5330
4384
6415
757
2098
4773
214
8425
4959
1210
413
3603
8490
5376
1020
9175
1853
5919
3605
2603
5284
2659
1602
2783
7305
4200
3582
2125
4775
9725
3744
4015
3360
5512
8577
6567
4282
3894
4479
6510
1396
6701
7290
2781
8342
8176
5323
2785
8278
2510
9957
5263
9847
3159
2291
4452
5068
1948
9409
8887
9051
7058
3255
830
8684
7395
7632
8026
6528
5985
8185
8144
607
7447
2900
8948
8634
4190
4428
2884
2655
7433
7123
286
6618
1182
5640
1055
3768
6162
2324
5001
8439
6511
2163
9440
74
3636
688
3890
9049
570
9448
5649
2324
4782
625
8574
9096
7679
5860
8451
9610
230
2597
9372
7105
2061
1507
7235
816
6750
4619
6984
7393
7609
8039
9465
4925
8881
3684
7508
5399
2531
337
9846
8808
4020
7155
7438
7221
1719
2197
5299
3422
9495
5613
9326
5888
3751
9130
3766
6697
2196
3369
7958
2779
8147
663
6125
2842
3804
3425
8210
8031
5043
2935
3282
9951
9695
1647
5352
6086
4424
9589
9511
7053
6194
4048
5335
5898
7904
1472
8121
5895
9991
5956
265
43
2737
8440
6767
2884
4155
7627
1874
6870
4299
2030
5306
8316
5761
6457
2048
4301
6152
8344
692
3883
2185
2002
7290
1413
9325
1578
7555
4205
3085
1470
5555
2531
2296
4029
9060
4415
7680
1846
4743
286
5441
9771
3250
9588
31
6692
5114
176
3147
6352
4142
5837
8241
6246
8141
8692
6321
3818
7558
3311
8633
3868
9738
2169
1019
2906
9968
7841
6992
3605
4661
3693
6505
6945
3565
3082
2765
4053
171
7058
4996
8243
1208
8663
6334
4178
5412
2571
4849
4182
7414
6210
3710
9249
129
5055
7823
323
6390
5419
319
5165
5440
3109
853
7988
6368
4835
5839
4080
7685
2886
4759
9252
199
4556
1540
8872
8401
5166
8144
5586
5609
6250
625
7587
5565
6651
8919
8493
5643
5620
4545
2546
7004
8236
6828
856
5343
4402
4185
4041
7310
8226
201
6583
1007
4640
7143
1997
2073
3361
1907
3168
3265
4314
4599
4932
5072
4592
6743
283
5842
9310
1546
3320
9358
2388
4799
8866
9293
8828
6990
9636
7225
2969
4173
1841
6644
6088
5835
8293
7697
1112
5100
1654
3922
566
1042
7369
6800
145
836
9489
1537
3133
5054
6883
4345
3699
6164
2677
9999
2085
228
2340
874
5294
5031
8245
2137
6392
468
739
2748
9592
1586
2135
2034
9747
3447
2742
911
2836
7905
5860
2890
8374
1760
6326
9345
7643
3263
8021
5241
9919
7053
2047
9653
6471
9036
8919
3986
4035
9014
9996
5806
4851
6550
4311
4275
1029
9930
2239
1923
5468
4659
3991
4705
7948
2822
6310
2282
7314
1235
7223
2718
6529
6015
7511
1231
2503
2784
2667
7797
6318
1908
9940
2603
5214
2014
4507
2409
5071
3087
4343
3119
5965
3469
1438
763
9700
8786
9015
1528
5019
3636
3629
4675
7453
1596
7504
3690
3378
8438
2710
3892
9116
7124
1119
583
8893
654
7510
3306
5638
8506
4995
6759
2314
3636
701
7996
7010
5866
2445
5103
7033
9863
5374
6940
5367
4458
6256
2732
3755
9122
1019
3683
1906
5864
9489
1910
4036
3289
9468
632
6653
4830
3767
3664
7977
4410
6905
5976
1113
2800
3979
2068
7794
8223
8395
4204
9268
7531
2297
1864
9496
8872
4671
7800
7427
1525
9293
5117
9944
1987
2850
6407
3689
1537
2599
3180
5933
102
9221
9074
733
953
2759
633
8313
816
554
7832
5608
1940
656
242
8204
3565
4276
8485
5796
8207
9464
6831
7883
9537
7995
5180
5485
7318
7846
641
362
4233
8933
9215
1667
410
2723
8340
8498
415
4190
5443
5654
4185
217
1614
3035
8421
8896
8350
7720
5322
2406
1328
6034
4534
2011
2523
7326
768
3945
8849
6964
7417
2190
4130
3551
8485
9892
712
8161
9151
7883
8435
6563
3966
8200
4689
4985
9058
326
696
3108
810
7115
2052
3777
134
742
744
1488
8036
388
4354
5503
7242
3042
800
4004
1407
9485
5753
9353
4613
309
3034
5970
8934
624
4477
1146
9131
7515
2535
5131
8691
9275
8943
9293
7478
6321
6214
2374
3719
3963
5047
5583
9039
5640
4269
7127
2059
9988
9627
4560
580
5185
6716
1111
4423
7190
1416
626
7985
8465
8239
9682
6041
2985
7045
9336
2778
367
2970
6964
4939
5250
7013
4520
7724
4945
6236
3019
7375
4219
1699
4457
9633
1826
8030
9832
5636
8494
9829
8197
4778
5102
2243
3933
2544
8522
4443
7608
3668
8308
7928
1711
693
9436
7294
1278
4166
2963
8210
837
7070
2071
8179
9640
399
4092
1780
4102
9408
7660
4856
1959
8154
7382
2504
287
9467
9842
7827
5423
8283
6644
2371
2859
5193
7743
4152
1557
1808
4432
1603
2744
4859
9179
8657
1105
5858
5076
6802
9208
193
6196
9669
8732
1427
4011
8290
8492
272
2836
1987
35
9936
6740
9648
9691
7291
6812
7701
4353
8638
9791
5090
8697
9260
9149
9472
5512
5215
6397
859
7200
9257
6841
3168
9001
3340
1475
2500
5033
6177
4150
8686
662
1833
2503
4546
4851
8622
2362
8043
3447
2117
3953
2693
5899
2147
895
7268
3793
3305
7835
836
5074
813
8064
5006
9456
7958
609
9139
2442
2292
1562
2296
414
1033
2705
7934
9224
1352
7148
1069
5641
3225
2492
2637
723
678
7526
6561
80
8165
627
4640
51
6897
7309
6625
9686
3799
3370
6258
1298
8011
1413
2933
4973
1493
23
5912
4142
5580
485
7296
6764
2396
5267
6001
3540
2375
7766
1259
1017
8710
279
164
390
6345
1300
7871
2943
7507
6080
1351
6870
9611
4891
8106
9065
5424
124
5044
6136
3645
3850
3654
7124
117
8522
3555
9795
8171
675
3719
5649
3408
1165
2436
608
8057
4280
427
9984
1341
9353
1267
6425
9000
5823
8345
9557
1151
1940
3045
4555
4913
6271
4788
8374
9397
5254
3207
3732
6726
6560
5992
2858
8120
6041
4052
2229
3765
479
8713
7931
8873
841
5533
7664
9254
983
3112
1876
5509
1764
5552
5370
3930
5800
8255
2532
9266
7690
115
7674
2108
2131
8609
7497
3169
4765
2039
3528
8737
4635
3021
7749
6251
7362
1351
4174
7129
2837
7034
7660
2742
7582
8344
5962
2717
3480
2746
6067
4735
8986
9401
7481
2065
9950
616
6898
3103
5935
9890
2925
5633
272
8348
1203
8969
9866
7670
6472
4245
1166
3715
176
3479
760
6594
6222
4414
8804
9401
7080
1297
2442
7773
1798
3048
9429
1729
8777
5815
6082
4952
2313
9000
628
6280
1015
548
5060
8925
7489
7949
9829
3527
7332
8315
4438
5794
3211
3073
6848
1552
7413
7787
5471
6805
181
5959
6718
2094
2227
1517
8955
5710
384
7516
3673
4471
6870
3218
2580
8785
8926
3559
6048
4379
4347
9719
2922
5371
4964
8458
5952
7555
6240
2962
956
1587
3129
1344
1531
8644
5506
2964
8717
8888
6837
5919
7093
6460
21
8486
8831
6406
9474
8166
369
4705
4011
4894
5914
7506
5966
5917
2488
3943
9387
8425
9846
1051
5719
7081
2881
2824
4347
1888
8764
8201
8348
102
4650
4491
2918
3477
7304
3504
1074
285
781
7551
3767
484
7369
6747
7308
6798
9003
7886
956
2692
191
6242
8418
9284
9988
9373
9635
4789
6220
3062
2715
3782
6028
4440
8271
2578
2739
7586
7986
8369
8584
8760
515
2958
6492
4954
1219
3120
5678
1054
5397
8904
5533
4028
9742
9222
8312
9191
6540
2360
1105
2451
6643
9265
8193
3863
7714
4849
3781
6945
8485
6102
4757
9904
6707
3535
4309
9746
6503
5369
693
3594
6348
4360
3507
5117
7985
9812
2784
5146
4924
9901
4016
7923
5243
6972
5627
4861
853
2279
4753
7216
3839
6561
1610
7899
8747
4076
5898
3687
4955
3723
2148
7622
8627
4905
6374
2920
9244
2704
5090
7370
2005
1495
9292
843
8804
3643
8447
8988
4731
840
8635
6996
8149
1268
8697
7725
9391
4936
5615
623
7619
1468
5118
9206
6992
9118
4600
370
6294
9551
2736
5147
1837
4234
4938
3215
8709
9297
9393
9946
5559
4534
7527
6913
875
4
4839
3595
5155
8375
1494
6396
4725
1838
6744
9727
2646
1947
6015
287
5761
1973
5007
994
6102
9851
732
6514
5904
3828
9637
8186
7231
5639
1482
5738
5764
1860
1703
8631
5019
158
6309
3074
5586
1638
8214
5731
3800
37
1535
6530
8721
8405
7746
5921
9830
9101
4856
8585
6745
7751
5230
8704
8438
8879
1991
2916
6932
8810
7135
2999
6027
4945
4271
5799
3952
2760
4780
2760
3868
6367
8346
2224
8667
1541
7982
542
8560
3556
2482
5832
8709
9885
609
2768
1167
5569
4914
5299
401
3353
3697
1486
55
4466
6024
301
4131
8712
4558
3073
6533
366
7910
2412
3954
2648
5496
4524
2183
7445
1804
6178
6167
8252
1794
5279
1328
7921
7119
8410
7500
6788
6018
1424
8420
6663
6709
8584
3630
5402
5231
9234
5751
4501
3174
5675
2907
945
1394
3775
2945
5955
6764
972
628
5190
6645
9023
9932
6964
675
8398
9020
625
7942
6289
1428
4084
1369
7982
102
578
2372
6063
7093
3641
2366
2881
3530
8102
3760
8812
7409
8179
2485
1306
1856
6640
8461
2678
7351
1565
8993
7571
2162
4146
6593
582
9164
8652
7896
4720
9390
3876
9313
5740
4021
1836
1187
3010
8578
9673
2072
7893
1642
2872
235
6927
1694
5647
7584
2871
9893
9313
3229
6972
4725
8764
838
5921
9232
3811
151
5461
4235
7283
2154
4110
1978
5525
7928
8001
2407
3295
3276
2416
5906
4263
5107
4976
9714
6245
4448
8358
7562
5667
636
4302
1014
4756
7610
3832
7492
5870
7673
3215
3136
9045
2802
8119
9992
1317
6049
9267
9662
1244
7457
1664
1612
1618
7680
2257
3329
3591
642
1783
7914
5911
7761
2653
3228
2204
7089
1502
1165
2720
8274
5955
7298
684
6207
4589
5635
9394
6035
5803
9387
7988
4347
7801
2252
6160
2182
7333
9727
7993
601
6255
9209
1730
3712
4460
3753
6089
7631
9767
461
5277
4518
4069
3828
4638
3731
4707
8431
6080
2945
6798
8145
8203
3070
4943
5782
786
1210
5217
9567
8830
2123
448
2363
6119
1917
1808
6449
4639
1319
7719
7050
1834
5786
9560
6331
5133
1794
3373
3792
946
2303
432
3157
7333
1661
7526
4621
7151
9775
3769
9798
7916
2106
7712
7732
91
1133
2765
6153
3713
3855
3058
5638
6074
5169
1393
1755
2382
8290
7919
8234
9580
737
692
2682
2486
5485
7218
4279
6488
1321
8096
7287
726
7467
9922
4216
2305
7523
3254
8100
7157
8713
1901
8742
3410
1951
6227
2615
8133
3445
4510
2289
2771
4140
1327
4533
8577
2594
1016
7015
3203
5772
2075
4279
7327
3986
6282
3323
7789
7875
5904
4631
4942
3754
682
1871
3685
7032
3540
8435
1830
353
5676
1177
5690
7747
9701
2777
4940
7984
1531
6705
9507
6029
3405
2905
109
3970
7820
5425
3108
370
6062
6406
5519
9397
6575
4595
3144
3121
2358
8788
3669
1576
9055
7638
3621
1978
9546
683
8810
8442
2111
3337
9165
5422
5787
4226
4850
3745
6828
158
3577
4467
2214
2660
558
4784
3647
2040
6414
5981
5213
8254
6374
142
6570
6173
6873
4789
9025
8334
3054
2646
7672
1539
532
102
9097
1733
9539
7121
2943
9014
6673
6586
4505
3270
109
6317
5774
4016
6811
2337
8302
1348
9277
1081
1041
7680
218
2361
4174
5543
781
5494
5898
4964
3165
8726
2219
4919
7476
2343
5799
189
7615
5035
254
4447
289
4193
7873
5649
308
3295
493
59
7597
4635
2296
5380
7994
3721
2119
9305
7707
8639
6985
2942
75
7908
5636
11
2585
1494
3642
216
2087
6955
4039
707
6798
6848
1306
8222
5116
2669
5966
4182
1196
6377
835
2205
96
6410
6014
8569
1532
4308
8090
294
4626
8739
2217
6182
2662
9604
1211
1497
1950
4509
1129
4120
8
4205
1263
8810
7640
9870
9348
1562
412
8055
5463
9344
3613
9598
8007
7067
8132
4379
6447
7520
3767
2583
7629
8924
6719
7155
8862
9333
9975
5925
9959
9007
8723
734
3586
5675
3099
2295
8947
2890
