8060
4834
3118
1576
7771
899
468
4760
7413
9747
3684
3643
5243
9658
4548
6822
2060
5749
9547
4601
4382
9893
4065
4349
6485
2228
9989
2423
5310
7651
8554
3577
283
959
8527
9576
4860
4194
6298
1784
1029
7222
2064
2275
9521
7076
4419
8088
3955
8843
1577
2832
7685
380
8773
1085
5168
4433
8916
2251
8678
5838
5638
2264
9279
9504
2326
4480
7374
4513
9544
5648
1103
206
5934
5484
7007
9888
968
2749
5368
9894
4502
98
4632
8516
3674
3799
4173
565
5823
451
8175
8155
9616
6603
3913
4695
8726
5252
1397
9012
5218
870
6068
7870
1971
4987
1335
4976
4629
2343
7550
1051
1207
8786
5306
7314
6742
8865
5184
2882
7467
3794
6716
9423
7581
2982
6831
2522
9493
3801
5079
6207
5933
8380
2922
6826
8419
2836
8319
8441
7232
4027
3929
4189
3167
7877
2400
6970
4524
1325
6062
3294
2283
3069
6707
5950
6802
6541
997
6908
7156
5026
8055
9541
3499
7160
8405
1943
5201
9546
1401
9231
4507
5566
1261
832
3699
5342
7838
5536
800
3969
4458
9292
7220
8520
8502
2236
7458
6803
3677
7074
1802
4196
7961
3451
9090
796
439
5688
8530
8530
2171
8838
2556
6242
895
5929
3671
9474
5385
1239
5399
5071
3288
273
8218
5206
2954
5597
113
6622
5918
9534
1353
4163
7360
2805
2709
926
9511
7569
9818
7839
2343
6305
1846
4573
3731
3659
7166
5684
4707
1797
4435
1101
829
7440
368
2811
8355
9588
4467
3169
3913
7638
7061
9906
7634
6599
1224
8304
4758
6566
2732
918
9042
6470
6110
6401
6236
618
2445
7897
4128
1596
6122
4317
8204
9629
5371
4684
9445
6294
2028
5888
5060
4925
1684
3989
1521
9620
2191
4280
2842
6492
8205
6426
6960
807
662
8036
9214
8458
2728
7988
5782
9649
6111
6405
1498
6364
1503
7549
9060
4711
1825
5679
4019
7784
9336
2737
8162
5665
1519
7321
3287
566
5696
8960
8277
6104
9139
7880
9390
2016
2274
8874
9448
6231
9478
520
3962
4946
5215
449
3732
7051
1924
7267
745
986
9669
2634
3018
483
6106
1702
3887
1752
8891
5195
6884
7503
5194
5939
6575
5007
3360
9422
8794
7588
4819
7609
7313
3010
7265
1788
1801
3029
8459
6574
3130
759
5617
7315
2171
6267
1270
1253
1657
1367
8464
9984
3891
3950
6254
8983
9061
2283
182
181
9007
4858
5930
3854
6898
1472
342
8996
5606
1947
8697
8453
6075
8035
990
9377
7050
8720
3958
5257
4774
9798
227
8819
2965
6139
2115
4538
949
1289
5543
8226
477
6350
3839
2378
5009
3888
3125
8298
657
2879
5266
9420
9759
51
7872
9127
7867
8228
6286
4822
4668
89
6697
9303
1421
2392
3965
2415
402
1147
2712
6474
1158
8756
6423
3377
8883
2423
5824
6181
9820
4422
5242
4519
698
3066
3053
7210
6785
9148
3922
1536
1679
4452
7686
3584
4801
9737
1761
4937
5377
9063
877
5761
6751
8879
4597
7575
6027
8600
6619
8118
3549
1603
6870
826
9297
6268
6951
4301
6034
5100
3846
6458
978
1068
670
8851
8259
9284
1089
3902
5685
1521
5769
7738
1452
8900
3517
5391
3293
5127
6076
6420
8774
2476
9256
4266
3831
5726
642
2661
6689
3992
9791
5050
3017
9092
3828
6084
3896
9483
4867
1633
5234
3051
4017
5946
6514
8504
3059
8495
4222
7913
6901
7920
5724
7155
9702
1305
7153
1411
8211
9477
4289
6484
4223
5267
9513
3136
9804
2278
6916
3699
9929
7958
4253
9547
8888
9588
2898
3244
5067
3546
9186
97
5338
7265
1523
317
2243
9244
5490
6159
4366
6530
5000
531
716
6057
1381
7844
5660
6462
6779
4848
3865
3857
5338
5621
7060
1836
9171
1671
825
9956
2860
4515
2496
2745
3471
6957
4643
3400
7135
3926
6439
703
1432
1130
7577
8080
5857
3573
7318
9999
2593
5158
6742
9269
7723
7451
9607
2599
648
8556
8946
7265
6384
9940
5419
2188
6532
7145
8490
2751
1339
109
2721
945
7126
3437
794
3068
5442
534
3727
5277
2682
2056
3205
1352
8903
499
2949
8649
5669
4302
6184
4645
498
3862
2687
1535
7670
3091
2333
9782
8170
9271
8705
5948
8934
4735
1891
1
4267
268
8346
574
970
6603
8392
3933
5407
944
1443
1733
5837
7634
5025
7316
4183
7423
3407
3333
3449
6976
6846
4322
4801
8584
8715
6515
8061
2486
4281
9795
8177
4761
5756
4931
373
4275
6117
4840
6473
8342
7093
1344
4198
5404
5136
5090
6163
5811
9792
1699
1904
3924
3171
4149
995
8676
9218
1354
9820
8516
1694
8694
343
6547
6409
4883
8542
8292
9102
4429
7688
5658
5503
2893
3042
9327
5241
6884
4617
8100
3126
3421
7553
195
6926
8789
3732
7488
107
1206
8538
238
4296
9358
594
2670
4868
7407
7659
2721
7705
8208
5761
3215
6244
7585
3991
8896
625
2892
4349
6344
3316
118
670
7472
9861
5604
6569
591
489
4635
9274
4232
2282
2288
7573
7052
6067
9326
1294
7056
7177
9973
5031
6377
281
7823
9591
5812
4698
7199
2979
3842
79
9379
8892
9664
9068
4360
8006
9109
4209
4732
1984
8869
2568
6830
3668
4851
8695
3874
9916
1507
7059
672
3343
5388
1937
6204
3671
2701
5386
8049
3776
9271
5818
5879
2960
7559
8293
9619
6477
8567
823
8557
7103
1882
5798
6301
1012
9798
7559
1823
7801
2015
2633
9670
2364
5293
1441
8028
1195
6191
8147
6790
2920
8105
7435
7014
8556
3289
6949
6203
8004
7224
2655
9252
9789
7915
7256
7025
2008
1641
2117
3434
602
8679
1344
2681
6322
7887
7549
7522
6055
5088
6651
8131
2462
6126
9827
5814
3109
6298
145
4243
5871
9932
7308
5346
5708
2908
6339
7967
1876
3873
2229
3190
7841
9313
3037
9278
726
5767
9801
3122
1199
2898
7381
5290
7846
5881
4681
2824
5039
6413
7484
942
5793
3111
8963
9230
5490
8337
2633
6985
3021
6145
8205
8072
1602
4655
9747
3545
3963
5575
3560
1745
1031
4650
4470
8480
7349
5103
5535
5411
7150
7479
3705
4642
8398
4558
6071
5513
2481
6061
560
4980
8583
9677
5343
4020
5555
5062
2022
9710
774
9701
6575
6707
9922
2524
480
4506
9726
8083
6250
2248
9638
3500
3503
7474
3675
1540
7837
3962
5518
3846
6971
8421
7940
6409
6431
525
8279
7914
3850
7282
3066
8116
2785
7467
6646
9419
3641
2394
261
1833
3997
9822
5482
8176
1951
2082
971
5486
2505
2322
5949
8782
8254
7054
3163
4794
2387
2471
1650
7438
3299
7511
7195
6777
9539
189
2085
4989
1027
5813
3135
1429
5645
599
2752
2358
3582
582
3539
6846
3614
8312
5202
8681
3102
9189
9165
7571
7196
8344
3399
4312
7990
306
3182
3590
3817
6478
2053
2308
9268
7616
303
5676
9486
3895
1050
7603
6129
6641
518
2090
4289
8798
8241
9485
1133
7436
8592
7000
6417
4737
2028
9562
997
2472
2150
4465
102
3058
9736
2549
1887
8589
3178
5601
484
435
3934
347
7498
2633
5352
9797
5974
1656
7693
3468
4481
5801
7576
1262
2804
2648
8595
2713
7814
1803
1112
5982
1727
5852
4067
3812
7000
4690
1635
5032
2626
6766
6542
8658
4719
721
1518
7124
5200
6715
3868
5227
1580
8990
2567
72
1722
5601
2753
8824
92
4400
5159
975
344
5953
8794
9844
2596
4834
5007
8598
7501
669
1775
4076
7875
2669
6571
4553
9269
1259
1793
7518
1220
3073
6292
4170
7463
8607
1066
3421
5163
2300
647
8858
6036
1876
3697
2922
4869
6224
5809
861
3624
3716
8037
492
4250
7233
1748
9946
902
5435
2255
3113
6908
6596
8416
9560
3806
727
2274
778
6679
9857
9309
7090
2856
4522
1100
9322
2257
8482
9917
7475
1176
7526
244
2839
9225
9921
8812
4650
6410
1279
5404
2863
681
221
3457
1031
5492
5884
6733
6580
8453
5861
5244
1852
3240
3958
1823
5304
4411
7066
3256
6524
2769
3527
384
7281
1970
1281
9880
7966
4579
9068
8346
3430
2637
5999
4347
6778
8525
7155
8207
5695
6583
746
1081
5402
2311
9725
8190
7576
4166
2798
3045
5530
2454
60
6877
5678
3307
1077
4490
1785
21
2566
6126
5680
2622
573
3232
5957
6796
4720
2540
8782
6675
7782
7831
1698
2954
2146
6605
2381
6217
3505
2856
1363
6300
7577
8079
1681
3894
177
7641
5471
6310
8080
7772
5585
8574
8029
8887
3693
8486
2005
2328
2391
5692
6524
266
6807
6181
7162
5167
8125
1477
1511
7638
6747
9191
2001
9049
3808
1753
8329
8966
7268
8152
6063
4648
8495
7027
4898
401
9957
6894
2665
1302
1404
4310
1311
8823
8654
9563
8393
1930
393
7343
9859
8899
8724
6970
9017
705
957
2007
9650
2759
8653
8767
6390
2118
364
272
1984
9252
3201
8473
4798
7292
9442
2149
7317
2434
5082
6369
3794
3600
7688
6348
9787
4577
1972
7514
6388
3993
444
9605
2110
3600
3453
3600
3609
8106
8846
4729
3882
4132
437
6923
1544
6780
9981
2557
817
9645
3951
5595
4009
3942
5901
4223
6802
2470
5822
795
983
8343
9427
5077
9330
7540
8024
175
9390
7672
5798
579
4374
4964
438
968
4332
8044
8944
4867
7014
8910
7089
3516
7203
6272
4443
139
4492
4822
6134
2336
5589
541
6004
7053
962
1479
6195
5104
6823
2595
4251
8000
1399
2520
7847
5491
8846
2238
1664
665
5738
6217
4389
2489
9108
7538
2071
2711
589
8356
9121
8494
3955
1536
8309
4031
787
7278
801
2774
1928
8865
5840
2918
7777
9797
5820
5281
1889
359
2257
2133
2800
7425
8238
454
7791
4608
6117
5332
1577
8052
834
537
5876
20
7864
8449
8807
7708
806
7542
1478
116
2696
4759
3400
9118
5114
4149
2730
3563
5479
1690
2876
8762
7024
2150
2825
1198
2361
6471
7796
139
1437
5956
1197
1229
9041
6
243
3365
3254
308
4500
6145
8056
6425
1408
6407
1700
1124
9932
4894
182
7356
1826
9321
7216
1982
4453
9840
6422
9301
5330
2348
550
8708
8450
3471
7382
3986
284
2494
7158
8595
8215
9261
2132
47
3005
6597
7998
7426
779
5188
4305
9295
5814
5361
5584
4946
3639
5306
9569
4384
7319
8924
9138
2909
7942
8798
4009
2490
3028
3531
8569
4664
4002
9354
9535
9294
4499
7275
9116
1458
8077
4033
9582
5848
812
262
5158
2853
2117
4959
5918
6302
5831
5598
1652
6402
1245
718
9727
5120
6192
5966
3939
774
2394
8573
9135
7592
9334
6862
1763
2825
9539
1384
606
745
791
6285
4278
4972
8720
5973
4049
626
4102
8374
7424
6968
540
9570
2636
8250
4469
5822
1960
1539
7155
5658
7350
7491
2346
5745
3574
1531
2676
3167
5384
3336
9949
3738
2082
314
2079
3118
7438
7536
3672
1465
7723
162
3543
6704
7188
4427
3365
1196
7341
1665
2976
4469
233
2161
6307
5593
3353
5388
7793
3064
3887
9176
6193
4783
6976
5284
1475
720
936
8493
7553
2554
9352
9670
4641
7386
7578
2247
7926
4318
8469
2548
6726
8402
1692
872
8806
8793
4432
5311
961
6537
8086
6333
6088
5475
708
9326
3123
9645
7956
3195
3701
5454
8507
2245
8782
1446
1763
8258
1931
9079
5252
609
552
68
5090
8363
2357
3365
9888
5048
7926
4548
3650
5707
4708
8775
6368
7692
3665
9530
5590
3248
1689
88
6584
5046
4403
1830
755
7440
4807
9532
3551
6364
9482
4977
9105
6430
4981
8946
4396
9997
8804
4110
9463
3415
2234
3233
122
2337
33
7675
1250
7054
9807
7164
5300
2011
5460
7247
302
3013
1600
2240
4249
7944
5345
8587
7899
8470
3754
131
5368
7488
4672
2187
569
8947
6526
7924
3205
3458
3832
2356
4539
5883
9836
1935
5650
8297
5204
9077
5960
3878
5368
408
9990
4411
5185
3848
148
8933
4489
9820
8841
5221
7629
7359
2715
6469
5140
7637
6837
2802
185
4697
4295
9402
3188
885
9830
2691
5416
8716
676
2326
8869
9031
74
7158
8829
8458
498
337
9796
4514
4642
8722
1008
9310
8434
9872
8736
7159
927
8566
3945
2942
1800
5088
9308
9264
7813
2671
1027
1896
5767
329
2314
2897
3018
4768
5418
9782
7160
4237
3152
681
1719
8441
9405
7020
4594
1096
1223
1087
8518
306
3884
950
9986
4399
5318
8854
8770
142
202
7213
629
7859
1483
4667
9161
3243
8139
4080
1945
3405
658
1059
1933
606
8727
2077
4447
4913
347
6512
5790
8953
1541
2615
4347
9181
3464
8459
3505
8071
5344
5966
5970
8840
4363
6616
9052
2396
3461
7164
1034
8917
7724
2983
3062
7719
1730
7988
7373
2383
6913
3934
3211
6848
5481
4147
6181
3884
1684
850
5382
4140
7546
6337
1185
5612
4752
4349
2821
9382
4924
9118
1694
201
8052
3110
2984
9014
9796
1783
8527
3606
7149
2814
9666
6651
9947
6880
262
9906
7263
6223
1318
9762
6683
6168
1607
8196
6141
5117
1690
4862
3186
3402
9867
3646
3884
6758
5767
7183
2894
6200
7258
779
8164
1699
310
7438
8239
9696
8479
3858
8334
6567
3972
1660
2248
4553
2728
3955
2438
2572
5054
776
1582
9892
2755
2406
2202
6475
4469
7511
3222
653
5298
9857
6680
3122
5643
8732
1307
1976
9671
6192
5619
5597
8724
8799
6869
6614
8632
1116
9103
1663
9574
8039
2514
5952
2155
1943
6784
5207
8568
5282
3248
4408
1019
8748
8975
1182
1606
9961
9168
9004
145
5521
9332
7029
4298
7295
821
8852
5771
9045
8412
777
5860
8560
6530
6033
9399
3236
6084
9537
8899
3716
1071
8670
7112
7760
443
6475
2650
9739
5925
4112
4720
5175
3604
996
7483
5264
7340
4167
2708
3314
5953
5919
7854
5415
1427
2013
5371
9841
8040
3034
7355
3824
9384
6291
4334
1169
3666
4910
1371
9492
6523
2472
361
872
4182
6093
3258
7413
2447
5555
4264
5637
1250
5780
4519
2751
377
8406
379
5330
4226
6040
2210
4795
8910
3083
6913
7395
9750
8203
5581
9752
1705
9736
448
9671
7440
8757
3484
4162
2050
7596
7163
6035
5155
6956
3284
205
903
4673
986
3755
933
1919
4558
8057
982
5946
6597
9355
7229
1908
9237
4445
1056
6916
5977
5575
2517
9087
8419
8749
3560
9446
3601
5137
424
8300
4728
1637
3010
642
1165
1313
2420
9729
5907
5645
2708
8820
9438
3420
8825
8911
1750
5941
9783
8351
4823
5487
4776
4944
9381
7784
9254
5621
9149
594
1765
8120
215
138
7213
4430
408
9271
981
6085
4051
8476
5867
9228
2031
7737
1184
2080
7508
3652
4400
2143
6991
1792
4287
8843
2469
8983
6975
6397
3988
1882
1774
514
1461
5601
2540
9831
750
3505
8347
5308
4708
9865
8399
9816
6845
5384
2468
9802
2836
4208
2143
5558
8741
8015
2909
420
5320
7888
3399
593
8474
7325
2823
5504
3047
8558
917
6209
1701
9891
9322
540
2361
841
2325
5067
780
9709
5755
1505
9512
699
2137
3850
3773
1105
6278
4400
9393
2565
9236
7031
9331
8559
7413
2758
7936
4692
6921
7986
303
2657
3109
5849
2279
2464
7904
3960
3504
9914
8280
4297
5862
9865
1906
4045
1402
8665
7229
4130
7988
1770
631
2961
1939
6404
7306
999
2164
216
6639
7309
1937
3999
5106
1174
9040
1698
9637
4980
1037
9780
2143
2296
6034
2816
1309
2020
8962
938
6824
4271
5333
2165
7927
7524
2429
1473
3835
8311
9832
5214
120
102
846
5841
5444
7335
4346
8066
2280
9891
8038
2032
6147
6127
3326
3810
8990
2915
7671
5035
9514
9050
3161
1688
8854
1236
6694
4169
6044
8939
4559
6905
8347
1648
7628
6380
4351
7521
2408
8325
7628
6218
3712
8545
9226
3364
9952
9747
4362
1998
4622
2957
503
3319
6594
1863
3544
1446
4738
5087
4594
2870
1245
878
3802
5553
4685
4307
3319
7895
9903
974
9558
2011
1695
9979
4055
5482
1532
5960
6821
4281
8922
6469
9011
939
8343
9096
466
172
53
6569
2559
4620
5238
9537
2841
2235
1478
8762
3216
1981
5394
3378
5369
3099
5446
4770
3070
8454
3684
8117
2130
4712
8673
7656
8322
1497
4089
4893
4983
618
1635
59
6584
8450
1679
8517
8029
1619
3963
9541
9022
8760
1557
3317
7961
8973
5867
2954
3043
8923
8766
8670
7110
7935
5749
9704
792
9765
782
490
5196
7958
8319
8263
3042
9131
6027
8431
2265
1837
3824
6808
3269
8059
6748
314
796
8327
6992
9480
6394
7790
3757
4822
5012
9569
6699
939
585
9844
2345
4996
3237
6899
2110
7714
5487
5500
3822
1058
6530
6717
9320
1064
8937
3435
9500
3287
6387
2412
5930
7758
5783
4658
997
1986
3793
9764
9815
5300
7721
5690
6526
639
4661
6229
3828
5185
4421
1448
3388
8979
5772
3623
7560
9783
4702
3163
472
1613
6645
9807
6157
818
2606
8875
3723
517
2368
1914
76
5127
5260
8218
9298
4239
9648
3919
9509
855
8342
516
5066
5062
7466
1151
2164
6203
4104
5072
36
3347
387
7254
6940
5527
6067
8734
4578
2533
582
1897
8384
4169
3335
2312
5671
375
5131
5430
2900
9928
8872
4275
2571
9167
7504
1769
6816
8423
3420
2317
2501
3323
948
1891
8012
7121
746
9022
6910
243
934
5987
4197
5468
9020
8649
5364
2540
3194
9871
7638
6408
1757
5385
755
929
3219
5001
4207
9711
7228
6518
4077
1113
1770
4028
2946
7620
1911
383
9171
3302
8485
7533
2464
1366
3872
9072
5002
1522
9456
300
8351
1675
8299
6075
2791
5297
3735
2162
7351
2775
1613
80
2898
6051
3033
5907
607
6436
3102
7974
7510
8736
630
3259
5716
2969
1079
2193
1407
4476
562
9186
7795
758
6308
476
2938
9554
5695
570
7914
6179
595
2222
6552
1275
8166
9245
2618
4054
5923
7335
7818
4358
2478
7377
7751
2555
8390
8081
598
4751
9763
9765
4677
5163
8782
5089
9552
4041
1728
1187
7053
9192
195
1492
6129
9445
1252
3230
6053
6829
7514
9556
8804
4763
209
2627
3419
6383
9711
3987
8691
9822
8903
6201
347
1520
2924
3101
7325
4362
7933
9394
563
664
5727
1047
2259
999
4456
1290
1334
5804
2119
6500
9798
8101
4498
9941
3653
2330
1671
1052
1355
2686
4852
4242
2391
5144
8770
4132
7062
2697
1403
7308
2754
6345
5788
6763
8721
5011
7158
1157
4415
5833
4927
7880
6070
5429
293
8810
121
7806
6019
1103
3264
2179
1388
1492
878
1047
9107
6891
1982
2489
8525
7459
7468
8334
6767
2706
8864
1789
2401
3570
3220
7767
3524
294
8871
7202
991
744
651
4385
3461
7136
6120
8641
4723
4659
2323
5409
7109
8197
3322
6703
4264
5324
2422
2155
1338
9443
2307
4299
2350
7927
6619
1771
9867
1762
5694
5982
36
7073
3470
7301
6866
5780
5847
5803
3534
882
9948
5435
8907
6679
9756
2286
463
4027
6916
5029
2898
5103
9982
5903
4704
342
8582
2887
9865
8206
7965
8990
7735
6203
199
9776
495
8846
6335
6133
9792
9687
7195
487
2121
2020
9770
1723
8647
9780
5689
814
1276
6588
3925
3421
3531
4885
7466
433
4416
1809
9898
533
93
8856
8730
8565
6830
3219
5334
6997
7886
3604
7413
795
3795
9696
5143
6330
3732
6794
5211
8860
5322
7182
4588
8139
1060
7222
6955
6940
8885
3996
3833
8856
9209
8301
5675
8920
6613
8070
400
7565
3595
7534
8686
5546
4285
9504
5496
2046
6825
3747
8812
6945
4898
3351
72
8603
8479
6975
9421
7275
5917
7605
8620
6395
4752
6558
9645
1726
2006
4876
1455
3714
3116
5018
3065
6792
4331
8631
8543
2508
1514
6194
3441
7059
6087
6206
2877
7729
399
7890
1764
837
3978
7328
5321
8225
5237
7599
2342
6265
5671
3000
1785
151
6533
8650
828
8153
657
2170
8706
4488
6668
4058
7837
9861
4172
1188
9645
6162
8329
372
9203
3227
6418
5680
531
2031
9437
52
9400
6239
2027
782
1857
9585
1337
2003
7369
2033
4755
6412
9540
9797
8131
4256
3398
7516
5943
2431
4654
8306
4161
889
6959
3586
23
3609
8911
8025
1243
5137
6472
8578
1717
3139
6171
5476
7692
2041
7013
5412
3029
6753
5466
5912
2338
2857
9982
7786
7179
4403
4403
8005
9961
9269
9884
8703
7615
7567
2271
514
1012
1402
8713
6456
6507
3722
9292
7235
916
7503
9332
5783
2827
6622
2855
2117
4365
7911
4410
3924
4059
3747
4320
7966
9544
7339
3629
2772
4732
9336
7993
239
1307
914
785
6037
8192
2647
5847
7251
9474
5211
2505
1197
9705
70
6639
5311
5066
1823
7678
2991
8685
2883
7385
9778
9168
5457
7416
1239
356
1493
3057
9300
2645
9679
4978
9995
9831
7967
8768
9544
1020
3152
2713
9642
8003
8222
9926
395
5466
4261
6493
910
2292
2039
6627
5652
8133
2266
8335
7579
5370
6460
4697
9556
2005
4915
6209
1391
5462
7174
556
9989
4886
6897
1512
1458
5357
6553
209
8557
2019
4733
2717
549
5284
340
6017
2778
7564
4105
6311
4036
4113
368
8439
8212
2160
9268
4066
3238
7664
686
5613
1135
6259
6580
2074
265
4987
1436
1155
1896
2761
5707
4416
7352
3072
1550
3352
7509
4616
8596
5187
7319
975
8614
7342
4984
4586
1876
7384
179
3609
7134
2777
3994
1288
2475
9635
9636
161
2233
8288
3249
7967
9858
1179
6235
6974
6296
1531
7580
4878
4221
9881
4470
3719
2593
1330
4691
6966
968
9400
1529
3429
8855
3508
7001
344
9515
806
1925
9140
5239
6605
8700
4426
8808
8209
9683
4561
7062
2765
2385
6418
9497
4251
55
4557
949
8680
5082
6984
2372
4486
1710
3544
8255
8512
4913
7624
6633
8168
6498
4182
7751
7613
8940
4205
7872
2104
2515
477
605
9301
4937
4039
2732
4094
2701
7956
8231
6643
7249
2470
4956
1942
9334
2182
7081
8963
4742
4315
8679
9005
2814
4556
8591
7364
6966
1629
9469
7170
9742
358
2192
3540
7303
1410
9610
854
7420
3490
8187
583
1403
4177
2116
3132
9219
1747
2090
3568
3387
9990
602
3913
1965
6443
3219
7430
4621
158
9844
5188
1914
3456
9971
5504
416
1638
1239
5047
3768
1770
7987
489
653
5055
6416
8379
4827
1619
8101
6588
5141
269
3942
8736
4963
8597
9878
5240
887
1123
9034
2194
8138
6479
3995
9692
6552
9368
8263
8516
1413
832
2629
7755
9194
5668
8516
7209
7264
4026
2031
8874
888
3523
4894
1653
5828
3967
348
4525
9958
1424
7793
1280
8483
6135
8891
7516
5235
4843
3678
4642
1671
2088
7557
3939
2151
5155
1139
2936
120
3180
6075
9038
5287
9516
2808
1965
485
4494
4426
8777
1070
9562
8590
2545
6631
188
9432
901
9924
8803
3472
3733
8339
6598
7686
597
1720
9425
7203
604
3702
1133
4701
6700
247
2365
7415
3900
4104
7140
899
1168
6356
6853
8149
6362
8396
1810
3397
2394
3663
38
7728
8129
7884
2798
2076
5811
5777
7457
4870
91
2270
6769
8906
456
9083
5434
9454
3061
6963
4999
5772
7479
3020
7924
5946
9071
7780
557
1799
6447
7274
246
6036
4378
6485
900
6764
7091
3733
3080
4065
2679
5268
2588
8741
2391
7913
4326
3427
8846
1577
6921
5224
7377
3674
171
1424
5764
1477
6642
3825
3561
2039
4263
2414
2419
4421
1452
2297
2841
2153
8505
1673
917
8845
1794
2419
1900
4083
4389
216
8553
1870
5872
5003
466
3697
8591
1757
5500
4690
67
1719
8299
3051
1246
6307
5361
6477
9754
4968
7495
6672
8745
8192
4649
6780
6823
4375
2412
6301
1852
2786
171
7271
271
6186
9743
9462
9828
8324
2669
8095
3877
7678
2057
3401
270
7687
2744
8770
9714
9916
643
8271
6028
4971
8567
8996
3712
9094
5657
9228
4879
6213
7800
7078
1353
3848
8059
876
8765
8328
7129
1537
6044
4457
4167
918
4188
5519
2507
8889
984
761
8048
3962
5093
9246
8643
9483
6831
2130
9657
6932
7441
5381
1283
8817
4
6697
1050
6552
2447
1359
6853
9802
8988
9628
5994
214
1548
2093
7392
8788
8240
2868
4770
2773
8360
3277
2784
1796
7833
6770
8848
7161
7575
9718
5522
506
9475
9490
4960
9774
7613
1211
1236
7840
7738
7324
8772
2812
3120
8021
41
3721
4559
5840
7486
739
3994
7771
1315
9380
4835
3415
1568
7310
2916
6540
6951
567
3929
4647
1746
9666
844
9953
8668
2646
7608
3501
5388
7997
2847
1341
4299
9451
4359
1538
7143
249
4655
9406
5328
6301
3103
4615
5103
7432
9933
3195
8759
6107
2060
1243
2723
9639
8799
6181
5711
5408
3228
8818
483
8093
3387
4440
1690
782
6669
4029
5281
5562
9018
4393
2970
4564
8818
9174
6320
4122
5717
3351
4901
8970
9231
4962
8680
4689
4715
235
5954
6802
2488
4095
7087
1759
681
9690
7609
4982
1605
3173
1632
1051
5183
7087
5495
9950
8673
951
6216
2393
4417
9251
5815
4633
6454
1776
5699
5846
4867
8071
6825
1600
81
6904
5347
9016
3932
1142
4590
1800
4596
2975
2681
7376
2947
54
3001
910
910
8638
1817
1001
4469
1893
6447
5210
8836
8122
5690
6296
1420
7501
2551
7247
5020
2754
7779
5099
1080
3042
7035
8375
2748
2622
9615
9308
6202
2000
1829
4104
7615
8336
7529
9533
4932
6095
8690
3555
1807
8324
736
1020
4298
6865
6850
929
5035
2689
6500
9822
4163
3456
4917
9926
9907
3111
3718
8100
2567
7986
1646
3936
1142
8048
1947
1659
3570
9974
6260
4167
5866
4993
9578
8101
8495
2294
4332
620
4964
5607
7097
2931
6510
