2268
6327
9681
8842
3519
4632
1269
9708
1823
2669
3
753
7194
3855
6678
2359
7547
7779
4703
2977
4164
560
4481
1059
1595
1419
2808
1242
1518
5326
950
8857
8371
5767
1708
3310
2208
2252
5873
66
1235
3869
8242
1920
8816
7298
7894
7373
3542
9235
5325
6069
3356
4870
2372
5703
2973
291
2920
7590
3996
1940
3173
1424
4886
2392
3817
156
9043
263
5385
1756
4280
31
3536
9394
8461
9532
4608
5343
8822
9687
2390
1510
1712
8485
4879
8640
345
9248
6832
856
5484
8100
1447
9062
5993
351
9068
9753
3533
2283
4051
8845
9730
9528
9280
6285
5477
5346
807
9922
9136
2770
8512
3657
6132
753
5732
4050
5669
9542
6310
5173
5218
9168
8352
1183
5951
3744
2249
2234
7281
6878
368
890
421
8412
8712
9172
8573
7575
1824
6073
5432
5801
6158
512
845
8748
6919
5106
4788
3833
6925
4671
7313
6239
2662
2654
5310
7439
8069
7537
3571
19
4567
3847
9605
3679
6300
4778
296
9983
6975
6505
4418
1392
6532
2337
3870
1260
3806
1300
3946
6909
4122
8955
765
2722
3867
3495
5928
7647
7058
3315
5288
6862
8650
1030
437
2436
4942
4421
6187
1263
5960
2789
8850
7035
4246
8766
1788
5572
91
7547
602
773
5183
2797
5035
6623
8420
7568
9219
5029
4406
4021
8276
68
4494
5822
4331
5536
5268
8872
3129
90
1278
850
2892
7054
425
5453
8154
1016
1730
9596
5530
5798
2194
3386
206
3017
3028
6794
2257
4725
2852
5145
6681
8376
9110
6177
5145
7239
5200
3575
8598
5892
2389
9252
3428
5356
7951
4752
3868
9789
824
9450
2860
6116
4678
9092
1787
5732
2368
8027
5223
7971
7569
6757
8333
6190
8775
7235
5892
2733
9048
3462
9239
1617
7091
94
8333
9610
4334
8765
3079
5350
1857
6153
8837
3091
2286
4849
8325
7605
4924
8023
6841
5362
9695
6780
7508
8011
1269
2217
2225
4646
4975
6361
4799
2086
8970
6356
7053
9740
2121
2646
6446
3751
8977
1183
4617
9254
5281
2563
8257
5214
6763
2129
8315
6984
1859
8161
6913
4818
5220
2231
194
9173
9161
4932
8691
5414
2079
4555
4486
1750
580
2977
8998
4180
1979
8253
3436
6675
7888
8400
6737
3142
1554
142
9857
2423
7762
9306
8696
8823
5671
9776
4444
8367
4011
1915
4854
8133
8165
9255
5422
5611
3987
7472
3586
8914
7796
1386
1826
8620
8512
378
2652
7422
3237
9393
3007
9540
9279
1225
2094
8542
1346
4936
4323
8520
9271
4722
9357
4200
2881
9371
8503
1312
2123
7865
5286
6948
7168
4680
479
1061
8230
8247
9251
3676
2103
6079
5417
3938
3854
5124
1046
220
9899
5140
1371
3764
6259
8749
3834
8770
7255
7147
4518
3561
7374
6703
7751
1630
338
4811
6583
1940
9780
3801
2268
7395
6237
1932
8034
4487
1427
478
3732
2404
5796
2200
6487
4822
2417
1104
5428
3975
1786
5276
4223
9930
6754
6630
9560
9269
6175
4424
2158
6747
1328
6182
1659
1607
955
9946
7200
2245
4226
8011
2205
7818
8081
8455
2125
4868
7911
1039
8556
283
4047
8578
358
7911
7818
5345
8062
9851
1258
946
5623
8224
2349
321
4339
2924
1844
176
7509
5569
8799
5870
1237
9202
9704
2774
5104
2288
6328
926
3192
1875
9722
176
8383
3395
9498
8326
8620
3335
4152
1710
7608
8596
4415
8477
5272
2391
2029
2688
2295
1199
2927
701
782
9745
6843
6600
9859
558
1881
1234
508
9234
798
3995
5054
2659
9542
1128
3110
746
2349
9088
8099
8894
3163
7760
367
2827
1274
4110
1096
1522
8165
3803
4143
5722
4398
7282
3259
5972
6124
9565
5835
1292
976
9046
2071
4011
6866
5675
1249
5450
877
5579
6078
5137
5155
7085
3131
8269
9438
6063
1357
8895
7397
2188
553
81
5815
4023
797
8820
8599
4644
1705
9382
9859
4630
5677
111
8755
7891
7393
4634
6155
675
6843
7136
9581
8231
3264
5311
8814
8935
7802
8714
3555
4596
1714
8107
3784
7468
6923
2436
508
3547
1035
4258
6253
3678
4166
82
3787
8500
3816
958
5292
4973
5471
6064
6604
1876
6179
199
5534
8361
5219
5895
7683
2535
46
9691
2581
7444
8778
4742
8673
5639
3092
6823
5776
7827
9444
9466
8800
9762
8652
8074
1443
7949
7022
3557
6084
9479
5399
1593
8913
826
2572
1178
5593
5337
8047
6261
212
692
7582
2254
9001
6922
6776
6502
160
7113
157
8201
9685
4305
5713
4547
5557
6502
1932
658
9305
148
5889
9767
7036
7373
3225
8822
218
6590
8571
669
5959
3103
9771
2946
9160
5817
2220
4149
994
6803
9811
1860
2574
21
730
4220
4182
5405
5581
2765
2831
5247
6612
4327
2290
7255
2846
6961
7016
8234
8902
5512
9506
58
7685
8852
8195
7465
4292
9894
3258
2501
4571
1854
2639
7058
4075
6058
2713
3109
9269
9816
2666
2444
2261
2940
5721
9819
3422
1229
7913
6033
339
5225
6410
1401
9055
4713
3452
1212
6178
7408
7900
7796
6185
3485
1261
1692
841
8543
244
6627
9015
3560
1487
1151
7735
3050
3090
1741
7791
2686
7344
8119
518
2020
4195
1679
6047
2837
9865
8520
6636
9332
9611
8420
9857
9187
938
1479
3751
6257
7016
7306
4009
1697
5233
9292
974
6502
20
5203
8259
5498
7649
6800
5956
1134
3857
6912
2151
7644
9373
6751
150
4792
7292
5304
87
6101
2220
6343
7897
5603
9964
9327
8285
5574
7363
9575
5839
8899
2225
2351
8575
9843
6705
9792
33
8970
2119
2033
1469
2657
812
4327
7107
8767
658
6852
9695
8838
950
3648
7492
4474
8018
9909
3001
173
6940
7092
6861
1877
9422
9765
120
6351
3954
6475
2015
5148
6266
1206
8419
4601
8186
6226
4055
2717
8595
3757
9388
1980
6844
150
6204
6601
5502
3185
5583
7640
1661
1015
3228
1056
8110
154
2128
5759
1386
2758
9764
1912
2430
8002
9966
760
8331
2742
7751
3559
3648
3031
3348
473
7666
5230
1395
1604
9078
5910
6644
1356
1211
9380
8289
1497
3303
3105
8028
9162
8316
1779
9828
2035
1990
4682
979
7090
3571
1286
7398
7280
5568
8229
4410
1650
2973
8170
3711
9727
5340
4825
3900
8012
4491
7151
5456
8707
8314
7663
4992
9011
1243
4167
9457
7728
5079
1457
6564
5131
3639
8741
2441
9276
981
1596
3505
5147
4399
495
2324
3215
5620
2334
9259
1166
9039
892
3404
8099
2558
9368
416
7997
1982
1430
482
4403
2068
2972
3078
9542
3402
9577
8675
5679
6580
3343
5870
1608
926
5873
3893
1431
1572
184
4677
5508
5293
4016
7545
1067
5637
2767
3503
3981
8966
2549
1448
5441
8642
2062
3404
3624
8224
6261
8024
4926
5872
8259
6102
3068
7036
6021
2470
8971
1470
523
1310
9091
7496
6061
9035
209
7556
2984
6355
1159
1560
870
8105
3565
8853
6140
780
1813
2301
9212
2045
4092
3902
395
1867
9293
447
9709
7708
6703
3654
5900
954
7903
4980
6888
9239
3048
2526
9928
5823
5390
3769
1630
9321
9707
8928
2745
7017
5569
8277
6228
1925
6285
9058
1436
9986
7677
3675
1295
1306
9320
8930
2991
4428
4875
9157
437
6065
7733
8888
8035
8390
232
9179
4242
1339
239
6489
1370
5622
7183
6188
1440
7621
9158
5807
793
351
864
6802
5997
5413
6761
7396
8919
7786
7597
3584
4345
2236
3466
6278
412
1230
6439
7076
2372
3011
3454
6737
7970
2841
3332
7335
5636
7952
954
4395
4791
3973
7932
697
237
1968
3094
6000
3065
7222
455
4328
9126
8268
4797
6203
8519
2761
4624
8967
2698
182
6299
9599
1286
3716
7492
5720
580
3610
4845
5927
4058
2522
6115
7653
5073
6703
9268
524
648
4518
1838
2464
8625
2661
642
685
6250
1148
3399
8040
8486
231
8602
6533
90
8781
4803
5237
2932
9240
803
2794
1636
9281
2330
5177
8223
5031
6022
1929
6264
2124
4821
9582
6383
7740
6219
7133
6838
9595
3375
1740
6446
6586
6480
1000
9409
3878
261
9009
4872
1133
4001
7990
4028
5245
8069
7337
2009
8939
2432
1742
3791
8781
1154
4597
1506
8245
670
6706
9586
9450
9229
5509
7589
7044
8767
7787
383
8852
4077
832
676
5886
8858
6127
1060
1108
4904
8185
3541
6720
7446
3549
6239
5725
5079
8985
4112
8275
7582
1598
1295
6717
4229
9657
4878
2185
5469
2211
7465
6667
2944
2423
4588
9134
2450
7947
7744
3560
1606
157
9877
8169
7053
9883
8332
7888
3161
495
3787
1802
3904
1349
6580
8008
811
1851
431
6523
8158
68
3587
2207
3058
5464
9108
2545
8030
156
7798
6543
6469
9017
3535
7210
7016
764
4443
8394
7596
2697
7753
4367
8118
5261
995
2607
8211
7327
4907
4352
3332
9345
8208
1636
9991
7705
7408
76
9665
534
775
2219
5703
2834
4054
8232
6907
2083
1135
3711
2819
5725
7452
4693
8694
2056
3168
9637
5328
265
1045
3852
6917
8911
8868
1309
5730
5613
4276
5058
1711
255
3833
7025
2448
330
8830
662
2283
2949
2365
9138
6420
7310
7546
5600
8963
9306
576
8384
6871
6397
1155
3058
3477
1794
901
5488
3512
7432
6596
5736
8332
5929
6976
5429
230
1383
5546
905
5451
3813
9160
3193
1713
2304
7926
6725
8754
2809
9846
9250
268
1375
2392
8694
4678
1789
1716
1840
5230
7390
2484
8929
7037
760
7391
8075
9595
4188
8464
1700
7215
8969
2085
5159
5311
743
6243
1943
3270
2071
6935
705
3155
9428
1528
4157
2606
8181
7720
6560
8517
6659
9016
2962
1317
1778
1995
215
5556
6333
2531
1419
6139
9826
3592
8703
6482
4391
8999
4139
6019
3048
9255
5791
3392
9663
4678
7530
3136
9454
5794
4582
884
9115
8484
606
8
1577
7175
4524
4693
5375
1479
4563
5268
807
5860
8662
3389
8997
4901
7252
7229
6993
9433
3809
9654
9012
168
770
5104
395
8361
5748
5405
5611
3373
345
4939
4385
5800
4336
6578
1428
1856
3952
6365
7770
3117
2129
4517
4212
1377
6742
6185
2902
81
7915
8202
7287
5537
6904
483
3729
2062
1615
5222
7638
3509
2248
1520
5695
7777
7477
4047
9266
2930
6820
6074
2704
3912
5410
9934
9223
5118
5446
7418
9723
1140
7889
9408
3468
4853
2992
220
3252
4616
923
5136
447
49
4862
6814
6215
3415
2417
2255
9724
6049
853
1488
8252
7993
7998
444
7812
370
5960
6100
3923
1878
583
5740
2343
7464
4879
9455
679
7049
972
6482
28
7990
8479
5126
333
6686
4070
2119
9670
0
1287
3985
3907
1251
9705
9155
7358
7600
9486
5532
3299
4522
1073
5985
7789
6238
4744
976
351
7749
4278
9087
4129
8342
7664
4606
7956
7512
7449
7003
4116
294
2669
4244
3929
3387
1158
118
9978
9916
143
8420
4255
7141
2434
4580
8160
2523
2464
3588
224
145
4653
4746
784
9654
9332
7720
865
8684
4495
8382
9466
8084
6971
8346
8690
5524
5707
1274
3962
2570
7612
5666
4378
7210
4208
7993
3862
5315
5178
7774
3677
6656
2212
1448
6302
1899
3488
7451
2440
4492
3338
4758
9852
6671
5542
473
4097
3379
907
1635
3700
1150
2555
2586
6729
6190
5150
1748
9730
4314
7834
1682
187
5463
6865
2621
8992
6183
1527
3592
2844
220
1695
2245
8383
2235
6465
8451
3626
8363
7897
69
5434
9212
4015
9934
4831
9508
79
857
6888
836
1125
8181
6813
7066
8967
9965
4105
4944
1790
1125
290
785
9985
304
1350
6604
6704
6831
1955
6129
1307
5620
9618
4600
3101
3188
1265
2833
4536
9947
1181
8150
7694
9402
441
9196
5753
2251
2765
3368
2424
6933
6813
8335
1158
9019
6404
614
2360
8350
3086
6824
9619
9427
3567
7910
5144
6751
9667
8344
3662
1391
3779
2242
4794
5061
833
8818
3868
5692
4816
3189
7161
1292
5666
1705
1313
7049
6527
6925
6413
102
7376
8885
9847
887
6373
4234
8133
1828
7497
6478
5235
4889
6736
2141
3324
154
4313
5999
4277
7828
118
1354
5702
2303
4037
4964
8789
3023
667
1413
9169
2682
9276
4795
8073
5412
6697
2456
6791
6390
5990
3894
4108
5997
5047
667
7096
2782
2982
8647
4902
6375
8484
5530
2290
9553
8330
3091
3112
178
4634
4147
5259
6734
5991
7551
6062
3726
2813
1476
3058
8121
9935
8805
925
3406
955
4609
2003
6756
9020
7232
6596
1720
4284
971
9026
726
308
9579
1580
2675
5153
1641
7916
8839
4021
9909
2922
56
7431
8578
9387
3793
6391
767
3994
577
9491
49
0
2576
2639
8475
1427
8029
2404
3136
7369
1218
9320
7519
4647
713
2277
5052
4282
7624
1081
9056
1889
9975
6522
135
7621
7155
7827
6759
5446
4363
7872
6992
2996
1303
8898
6463
7943
5160
879
6396
8843
9274
5385
1668
955
822
7657
8705
6232
1797
4280
1236
4871
7135
1162
3509
1509
545
4199
97
9607
2445
4391
9139
1554
3276
8986
7181
3219
8382
4625
2965
6765
4129
8492
3181
8333
7792
4017
9146
459
7587
3542
5446
9407
6132
555
6833
3038
434
5799
2802
240
5070
4813
3084
798
9603
4954
2236
6477
5250
4222
6014
7986
747
4981
607
6209
1657
4001
2781
9366
1748
7638
8026
3391
490
5489
5392
9700
4919
5990
9854
9188
4768
9188
1600
8301
9440
3383
7070
4072
5690
251
4091
254
8253
5671
8269
459
9141
1165
9308
2286
1150
4653
4435
7610
8660
145
5876
6396
3270
9176
3384
7288
1192
7954
6468
243
9224
8981
6343
6871
7480
5386
2304
3239
3322
3783
9964
1439
170
5882
3868
3862
1701
462
4758
2531
2439
6093
5490
1097
5666
3251
3221
2337
3002
8442
3498
5778
7566
2519
3948
3600
6705
9473
7632
574
1734
3657
3567
5393
6938
3258
3234
8034
8315
3407
6262
79
1511
3963
8799
5968
383
5513
8312
4737
4986
4320
3464
7920
3046
9523
176
7509
8201
6691
5473
7465
5701
1153
139
3508
6298
7859
5985
9447
6934
2514
6168
2355
408
4334
5901
7780
8482
1183
6262
4669
2108
7337
3456
865
6852
4362
5288
4427
8260
1236
1254
6475
2316
6610
8532
7182
3758
7736
508
3032
9465
1915
6879
4529
5373
1834
8354
6489
3229
5384
8338
4361
1619
5511
3208
9112
1837
5923
4824
4134
6261
632
7875
9001
5758
6784
9901
6337
4442
3373
1449
74
3481
575
4128
4686
8923
6707
9936
7572
6087
6777
3537
3513
212
1872
5491
1401
2772
1376
9427
410
8817
259
6332
2102
8863
3937
4890
4771
2961
4182
9514
8928
6600
1858
8526
5006
5254
1342
1645
6296
7425
2086
7174
9953
1939
583
5124
9145
1390
9765
2893
6171
1772
793
9461
5606
2100
119
848
4214
249
2616
7845
6686
4812
296
5438
9077
3474
1565
5179
6570
3809
2146
6646
8037
1299
784
177
4955
6013
6408
9195
1053
122
2527
8866
8222
1904
2390
9955
1647
116
2181
8093
6441
4537
2660
7443
9606
4259
4662
6880
5373
8250
4258
8196
264
9674
8895
7309
7683
2455
747
4081
308
6862
5304
1319
2033
2775
6884
5366
7090
6551
371
6837
8196
4033
2587
2290
5911
2572
7692
7582
5413
5136
9834
9909
7712
3402
264
2011
8374
5039
5027
6594
8851
9629
6968
233
6132
8733
1779
4750
1123
5205
6437
1459
3620
3146
6928
5326
1803
4754
1587
1035
3367
839
3757
6525
3679
6024
2111
5697
968
5114
883
5171
4992
859
1331
1066
2154
5831
9383
6430
7478
9267
303
2954
1612
8743
3641
2828
8661
6137
1903
7290
9991
8180
7152
5199
619
408
6761
3218
1084
6987
528
7303
8237
3036
8989
863
8951
9432
3350
7387
9695
8582
3749
7262
5953
9437
6935
3456
1739
2213
8996
7486
2167
2922
2807
5663
3926
2333
633
6162
6038
3238
3966
9187
4080
4628
5899
5500
8352
7140
401
3864
3922
9632
9083
1523
2949
6814
5857
2493
8815
2089
2151
5373
5885
3998
6837
8626
901
4781
819
3061
8346
6511
9856
6234
7451
5830
1279
9173
5465
6496
975
7482
3074
2293
3606
4509
9151
2432
9993
7735
3974
907
1242
7386
9389
3186
8287
7756
2924
6506
7419
911
4925
4330
651
1809
5859
7575
7615
8767
1828
3726
5186
436
7013
6507
7096
1040
6480
3078
2388
6403
4548
2909
4243
8777
7258
284
1448
8016
6319
8489
1701
7940
8147
4860
7731
3051
7548
7643
1054
8828
9591
7269
2303
9595
557
2324
2391
7743
6494
3557
5813
8293
3309
9572
5909
4525
72
432
2470
2994
9266
3853
7189
5112
4222
2169
2571
5053
6634
6518
5664
2241
4758
5174
6362
6290
1040
4085
742
9280
1117
1520
4481
7120
2885
1347
3124
7116
4060
7872
9498
1415
4697
5660
8464
5231
6277
5139
744
5771
561
9276
793
5971
4292
807
4470
1230
6528
7282
8505
7670
7088
2395
8300
3641
4352
7984
6964
3001
3753
1874
9131
4403
4647
8040
184
4301
7449
3056
6413
9160
757
2752
8765
7220
3237
9722
3144
8755
882
3198
372
5733
3243
2842
4202
9667
5602
8813
1418
6616
8147
4489
9787
4633
6002
6278
995
2502
5040
4963
3312
4584
1274
3335
7313
4538
8270
8486
723
1748
2058
8815
284
3634
9619
3362
3790
7507
1871
8095
3288
4029
5279
5065
9759
1774
6877
7402
1428
2702
8334
7456
7155
800
499
853
5175
3927
3154
6556
781
3061
2780
967
5363
8591
9515
1190
8060
9356
9690
1962
5236
6028
1377
1191
299
6981
6155
4311
9263
3177
3813
7196
6298
5396
7206
7677
4325
2609
758
9986
9720
9483
7292
3883
1055
529
7847
5178
9258
2115
4889
8785
817
3545
3707
8022
8786
9219
3665
419
9017
3403
7708
6313
314
3143
1557
7573
5230
2378
4956
75
3480
7626
6702
1103
227
8060
7868
8130
746
4043
1310
1961
899
7928
5427
4298
7065
9692
1747
5936
1588
1224
5924
8078
2087
8173
4918
8815
3334
8728
4635
4779
1266
7893
3109
646
9827
404
7950
9363
9553
5897
7102
6118
1134
3549
7645
2023
9731
2690
8278
1155
7910
6740
4019
4508
4309
9531
8395
704
2225
4157
5813
2247
9194
3889
3399
6326
5155
8829
3903
2016
8690
1072
6317
8444
7159
9036
4428
5538
2181
8076
268
2191
8418
6756
9149
8841
4087
4197
8169
5292
8020
7247
9390
7234
1092
1793
8038
8913
3575
8492
7718
2350
2962
8597
4560
8975
5440
8826
9620
6270
9555
300
3386
8314
6395
410
4757
4408
4530
8078
628
4262
433
2273
794
3168
3555
2473
4136
4140
2068
6147
1012
8383
5621
5004
633
8706
8207
6169
8362
3920
7201
4470
2995
5382
5256
4427
6303
9309
3625
4347
3344
9268
8718
5526
1470
8981
1115
1679
3503
8794
9757
7447
9375
8633
9326
5400
7900
1131
375
2814
5009
746
6626
4367
6653
8040
1706
2380
4319
2092
8337
7167
2081
2824
8750
6644
510
1590
1890
1204
4976
5537
5221
4573
474
5727
8898
7197
8815
3484
2315
7437
1166
4050
5674
7627
9755
1796
5430
5327
1211
4986
8574
4527
1195
6311
7813
1230
12
5846
6042
7199
8095
5683
5954
7095
7770
6470
133
1968
5509
5065
1106
9802
3764
8107
6895
861
7360
2910
9249
121
2676
1786
2852
5518
6161
5828
3239
9432
6815
2841
3096
6737
8336
8133
1784
4122
3282
8545
2298
8197
5442
5272
3021
9082
4199
7130
2019
9369
7282
5337
8493
8143
1936
4241
3830
369
8681
4213
505
4869
8072
6628
5455
1537
2759
9787
3145
7787
6903
1908
3046
399
7577
5867
2625
1679
6572
2017
2747
1380
1107
5610
1808
6291
6818
4849
2713
5867
6741
2796
717
3163
7677
2938
7252
5345
8152
5752
9674
3548
3004
8579
1469
7251
5504
7687
4995
9438
630
7446
2234
4866
7561
3829
2109
7467
6815
1808
0
7185
2539
5550
2025
2573
7474
2671
7643
9413
6887
2929
3648
1843
6293
7250
994
7028
137
4160
6422
9244
3818
3565
4645
9014
2726
1646
7896
1545
9482
498
6864
5911
8189
6751
5008
3423
2954
6439
1191
3538
1496
2443
5502
3714
7671
630
3946
167
9369
7498
2590
9355
8027
2488
8240
2869
3551
8
4038
3955
5863
4153
3821
4608
8352
3730
230
5045
1865
5767
8109
8700
2622
855
5271
623
2037
9618
5000
5615
948
6296
895
785
1805
477
6398
5794
7400
3897
5481
4747
2427
4859
5434
1104
5240
317
8703
4211
6483
6162
8881
8918
975
1180
2338
4589
8932
4683
3730
3361
8654
272
4701
3520
917
2079
6772
2402
8405
1411
7735
8103
4042
2907
5964
3900
2297
6434
1935
9325
7853
1436
1574
7540
1837
7261
3792
9679
4999
5828
3209
7920
2651
4644
796
622
5302
7251
8502
7544
1754
2554
2163
2202
8742
7165
2935
136
7559
966
299
5159
3691
9082
9761
6267
3581
9709
8534
4907
5762
9889
6772
7185
303
2473
9729
3517
8853
9499
8247
4825
1130
6836
1569
4119
9077
3942
4222
775
9334
6317
6389
9701
9072
5823
4070
1439
9556
7921
6217
2932
6394
3590
949
471
5886
7714
287
4099
3829
5245
764
6937
9499
3396
725
6036
1595
5097
1431
3198
4266
2586
6835
603
5504
2463
824
5635
4100
2829
2859
5581
6386
2167
6433
5447
3340
7045
2265
978
7147
4204
185
5050
5872
9005
5299
4580
5611
6282
3955
2640
4070
3442
7080
4813
896
798
8652
1260
9106
3844
9554
9772
5103
9161
7116
4260
5212
3220
2437
9712
490
6397
8417
35
5292
1300
1135
7019
2009
94
7449
5633
3840
1609
2040
5791
1427
8881
6902
7549
242
9244
9601
7540
164
6367
3497
8675
3828
4628
5287
1648
2166
7475
9785
8134
3044
9068
4766
3292
8490
6519
7691
6887
5242
5107
9735
390
5389
8219
1081
3083
5479
2631
8732
2825
7782
4014
4173
4280
3110
2728
6817
3221
7379
3378
6437
2119
317
6699
6979
9357
9441
2763
2381
8035
7770
7700
1610
2372
4339
8640
3626
1033
4231
2842
3768
8719
391
2040
8043
998
5336
5558
9608
229
4839
5198
9992
3259
8553
8515
4786
1905
7795
5086
4693
4556
2994
95
5011
1006
4328
4965
61
2492
1493
744
5303
6874
5294
3363
7304
8209
4076
9248
817
1603
835
1484
9367
3350
5261
8217
6575
1692
7731
834
277
4420
6871
8057
472
72
9041
5804
4005
6183
5300
8663
6127
5613
716
7427
344
3343
1127
7371
4255
867
8717
7103
8486
1211
397
9969
7422
2
1253
8845
497
5855
1533
3974
7500
871
1249
4428
279
847
8378
9401
3539
2094
55
5610
8942
9665
1389
8299
1766
1689
3128
8731
1112
5471
8669
7295
1235
2775
2910
3682
4654
498
2168
6282
6243
2125
1581
550
8743
6711
265
595
3878
1152
5299
3406
912
2141
5506
4980
442
1113
8825
5013
1922
2885
4305
918
3059
1647
7441
5542
5600
5648
7292
6936
1057
1999
2776
8912
8936
5988
5526
2313
4607
6567
6995
4450
2447
2359
2090
1785
3727
9590
6835
5103
8343
5649
3500
2652
7264
8878
1923
3051
827
4622
2093
7558
4666
4306
5974
2428
2751
6106
1493
3631
9407
7127
4219
6602
9570
1650
2425
1887
1065
8694
7083
2959
3101
473
3924
2691
7792
2840
5431
9975
4114
7152
4351
4566
9635
7768
1548
2001
3311
6555
8442
9752
8139
6869
8256
139
8459
9635
1922
9130
1437
6572
8356
9881
3061
1358
955
4847
6038
8465
5905
222
890
3289
6133
3933
5839
3943
893
3728
1886
9294
1193
7977
9000
3891
53
6920
1919
4477
7707
1246
4622
2844
9330
9151
3382
8615
8279
6006
5382
5293
8998
2162
8743
5597
773
3038
1729
7377
1133
1839
8301
7349
3014
3526
3641
9574
4094
1669
7697
1397
8486
9326
7984
2186
4106
1767
530
630
5210
5402
7829
7904
2489
4089
7868
3905
3857
7679
527
9836
785
6321
3987
7925
8373
5843
6257
5554
5104
6119
8342
3838
3129
3360
1111
4650
687
2372
734
4703
3785
9072
3765
5711
1615
8038
6798
1049
1263
4290
6684
9466
3613
8970
2978
8177
9754
8403
1174
9211
8463
7968
9138
2765
5302
9302
4215
80
4917
2635
6366
519
5417
1292
4652
2428
4555
2862
2528
9416
9441
6508
3629
7681
3571
6847
9199
1965
3192
6428
4396
7861
8861
1767
2296
4150
5874
1397
8724
6561
7233
9423
3157
5505
7180
6722
2476
6796
