7744
701
1509
7624
7181
5147
3195
2961
4549
1436
7492
6790
4155
6695
2866
2573
9586
5057
7331
5009
716
3508
5976
8294
8892
3118
3953
555
7674
5126
6392
1944
8370
4585
4134
2791
1001
9554
3573
7087
7294
4153
1940
4314
169
3794
912
2233
7427
70
7989
3438
2673
3455
8417
5190
4062
2108
6209
1866
4067
7524
8779
5514
8118
5368
7111
3290
5869
6625
1210
6009
1245
7097
6848
5884
7059
6997
965
9610
1950
1440
6993
1584
3911
7427
8670
9893
8575
3855
8071
1559
6483
5133
3390
5812
1662
4813
8890
805
7212
28
3164
4933
7974
1937
9420
8287
4446
3653
9669
1013
8617
5506
1481
8621
8548
5412
2770
6406
2100
717
775
7720
4606
7893
9895
1129
6063
2910
6036
9612
1450
6437
6207
3557
6476
6148
9885
199
7613
2773
5155
5774
8502
9329
1347
1704
681
8679
4754
4413
3521
5896
2965
7104
663
6862
8
8174
2046
2317
2314
164
940
3378
7289
4829
6085
6072
8069
1096
1733
6681
6340
1304
3386
961
3937
2005
4732
9695
770
351
74
2757
645
6179
8626
3662
8069
4279
1245
8159
8175
6671
2645
70
3035
9202
8035
6863
3066
1638
4265
7478
6523
4391
3385
4086
2777
9303
7024
7472
6661
2064
6051
3703
8299
8885
868
1176
3187
7014
4081
7432
4103
6050
601
8389
8108
8791
5884
2238
4975
7093
6670
8127
3245
6224
4103
484
5647
6148
874
9598
2608
1571
192
5300
9484
6714
1136
7905
2198
4546
6302
9163
8006
8162
1981
9540
6238
6097
2690
4889
5144
6697
6055
3896
3390
1895
6200
510
8437
2463
6445
9006
7718
5197
3716
8494
4938
9158
7691
2636
3378
7853
9671
2429
113
8353
1540
5430
3766
3571
9754
4804
2265
9830
9784
3829
7377
1615
5423
4233
3904
2300
5182
3651
8972
5329
8805
7786
6523
2829
7480
7485
4618
7467
7810
4179
26
4005
1555
2111
3976
9506
4952
4610
5895
4352
22
3515
5771
7485
3298
4921
9717
7519
1584
3634
8230
3188
9478
8204
9618
947
2107
3832
9523
1953
8882
8558
471
3376
2717
628
4055
8546
9792
5528
5012
6347
292
3293
4976
4676
4628
6962
1526
5372
6039
5821
888
6057
8458
279
6755
5964
5785
6625
6209
9139
3434
2405
8603
9400
647
871
7320
4742
5126
3178
358
3915
8454
5055
8180
3577
