5076
7050
3555
2257
1949
1918
5577
7232
5190
6685
7965
321
6126
2819
3429
8932
2201
3942
7728
3555
8825
2507
9351
7264
4661
6837
9282
9742
9112
1241
9716
8662
4745
7357
9893
5770
2595
5918
2282
1013
6224
2577
2690
2497
375
8145
4719
5459
7054
4711
5391
8081
894
8648
1191
8563
8370
7144
971
7319
6507
6556
572
8510
5284
8589
1054
1765
1804
5193
2485
350
7637
5235
4924
1756
9896
4586
2737
558
5715
840
7856
2690
9265
7185
5243
3883
3652
59
2643
8957
5649
9660
4597
8341
5255
2031
3764
7542
4302
289
9166
3902
5656
9688
2542
2823
5207
1858
4942
4489
9675
6651
6983
5244
9685
6537
1159
1468
4062
8370
9629
3045
9645
7629
4803
1918
5561
3542
3257
7170
171
8938
4250
8761
8766
6162
4877
709
7494
9933
1803
4616
6891
1190
3703
9299
7616
1509
7039
7722
8532
8833
2558
5219
4869
5059
555
1357
3339
9078
2321
6204
1448
7850
8508
7491
4042
7127
845
2091
5131
351
5210
1679
5621
7468
3365
3866
7349
9593
7127
1672
5467
7021
7785
682
8763
1266
7199
5093
2211
5011
3874
1002
105
5203
6344
1007
8865
123
721
4972
8984
171
1889
2083
6592
4722
4581
1382
728
2281
6372
6316
6774
4281
1315
190
5348
6317
7701
7932
2693
9538
8766
4317
7490
8250
4450
2771
1030
5120
430
93
114
5542
8898
5878
4349
1723
5162
6395
4588
3592
584
8409
8506
2153
7088
5988
3204
2185
1056
789
7188
5238
777
907
7991
6211
5470
1650
3421
3212
3816
9553
1549
5076
9411
8061
1411
7563
5209
2587
2391
8204
4281
1619
490
5122
644
6816
8447
7450
1892
9812
3268
2595
8728
1304
8620
2866
1760
9744
603
5362
9442
13
4333
8377
6119
2045
3363
3622
9174
5117
1867
3959
5194
8126
7163
5415
1618
9221
7353
9699
6725
8717
9770
5741
3887
1815
117
1610
6989
1457
9155
6823
7137
9461
4950
1673
5858
8072
8643
8289
3188
6563
4029
8573
2687
5214
3743
4380
798
2536
5046
8778
6935
5219
233
6457
2738
3773
3974
5745
6887
4953
4394
4574
8121
3020
9724
4007
6329
3939
7510
3935
1368
6561
7377
8020
3788
567
2669
373
8718
6508
7354
1505
4750
2316
5509
7434
7748
9821
1922
281
5956
6620
9075
2059
5821
6102
3298
8648
8622
659
2865
5700
1973
8572
3467
9102
5014
3373
6310
2407
7860
4358
8728
6173
4063
139
5603
405
666
8508
9455
9926
1687
5214
5778
3426
5682
3768
8686
2480
9143
5834
263
2404
8896
4920
3087
1825
1679
6708
2657
181
6405
4025
8870
3106
4381
7252
2439
700
3127
6989
6399
6702
9076
4420
2092
5063
8491
6486
7747
6019
1799
1038
6253
3988
2061
2616
7441
5135
3133
1393
5519
6355
9236
250
8934
1347
4075
7803
3619
9381
1425
6373
8824
9267
1840
8736
2308
9215
6222
9523
7700
7636
2418
3377
3078
8247
3152
1920
7237
4220
9939
182
2166
7909
2374
4844
9278
1541
4880
1892
8190
3683
6825
5303
8812
4586
7565
6967
1791
6909
2332
5907
2790
424
1548
1881
758
5042
8492
2165
6783
4830
1573
9656
9129
5968
895
8740
3136
2925
7693
1795
3257
443
7350
3480
9344
8471
6865
1613
1632
4726
6476
2075
910
4083
5833
1721
258
743
2662
4779
4098
9143
5127
8923
973
5911
7698
3989
2657
9340
8567
8573
5322
5136
4154
6939
9624
6830
7279
8694
8683
8044
3536
6271
9022
4857
6013
7844
2013
6380
9265
4517
8868
2316
7229
9667
1701
2046
9284
5780
3701
313
2355
1012
3541
9302
1258
5157
1992
258
3066
2535
8453
7317
7197
7746
4619
4269
2557
7264
1083
740
7026
600
1815
6929
3452
8421
2774
810
5081
757
8400
1959
6659
3069
6620
8177
5161
4506
8340
2857
3401
5570
1745
1765
2311
601
313
3893
5212
1823
4145
7988
6557
9703
8273
5402
4455
2883
4707
1358
9444
3467
5542
8489
5213
940
8005
357
4412
7997
8928
5461
4557
2988
2276
6910
9089
6535
940
8227
1950
7607
2851
238
6230
9799
2228
5722
6913
9650
7984
2798
602
1946
5195
1668
9668
2277
356
6727
7991
1378
15
2155
6043
9818
3441
4134
3391
2241
3799
2540
71
7659
4692
184
1424
7611
1045
2438
7536
3159
258
1519
8751
6839
1971
2747
5404
3149
9004
7770
9998
1054
7287
2958
5192
5550
7949
4064
3303
8538
3168
2467
6699
6879
232
310
9104
3272
7832
8258
4696
6980
7452
8803
7446
6006
7938
4116
4937
4566
2945
4739
9636
6469
1866
3444
8518
6494
250
9281
1931
3079
9834
5998
3198
1863
2179
1466
489
7777
833
9970
3019
8223
1155
6784
4148
9018
3355
8017
2512
5685
344
4613
4670
4314
8478
2415
8715
2268
5359
5323
960
8571
312
1551
8165
3046
7434
1562
3520
9403
4244
9562
190
8746
730
5498
7709
4440
8004
392
8051
7519
5092
7156
2063
1794
1605
980
9354
9901
5997
3844
5833
9035
7440
1275
8802
7202
1793
6313
7065
4682
1332
7773
358
2187
2789
7459
3124
8883
207
5434
9720
9798
4362
4820
204
768
2036
630
9815
5718
8027
2175
9115
2523
1588
9622
8171
4126
3035
6588
7623
2113
8167
1088
9750
6980
7961
1457
9710
7776
8337
4462
7602
1871
1677
9209
3849
952
8575
3659
2391
3882
1370
5041
762
6462
7849
1475
819
3550
1260
9445
5071
6660
6000
215
4306
1547
3257
7511
63
8034
14
775
1397
6751
34
1464
5113
4000
8506
6101
8796
8268
1920
4573
9402
4744
6419
9336
1582
9078
313
4138
8197
8872
2498
9302
8702
1698
2682
9290
1626
5150
3786
5304
7477
7432
7963
964
5425
281
3913
4089
2380
3698
2720
9639
8766
398
2726
999
9121
8698
4693
3567
4684
8433
4210
3936
5502
8575
5199
9452
4452
1239
5801
1910
4423
9072
4575
4178
9877
7498
1472
2603
3514
4958
1407
5363
2170
6228
6166
5221
5326
7726
9316
1510
1833
1394
709
698
7462
3269
1884
7859
4272
8450
6127
1573
1693
6137
3071
7493
7944
2805
2563
2223
7850
8966
8000
5606
9700
3741
5879
6246
3115
5622
4763
9093
8080
9135
4557
1976
8331
7383
4086
131
3651
6034
3840
1768
3949
3657
7841
7361
3087
1358
3205
5576
464
8237
3416
4691
6014
9230
9597
6189
7387
5238
6317
4191
4308
61
3775
3150
4783
2171
8880
1646
6561
3724
9872
4613
7562
5203
8953
778
7646
3914
6204
3547
3936
3847
6442
1150
6268
842
2363
9935
722
4178
7551
1961
1498
3968
127
9632
9688
3604
7423
138
1982
531
8626
4910
9256
1322
4938
372
3096
7068
3930
5772
3950
4423
6154
9899
84
1861
87
4368
4004
1167
4996
6421
8982
9147
8145
4513
3801
1430
598
9258
8221
796
6412
6840
5051
3892
4744
6180
2898
793
9797
7247
1663
8963
5373
4543
792
389
2963
5396
8261
2895
1008
2345
923
8515
9977
7702
9606
4164
9321
8723
1667
251
4176
3254
4983
788
2440
3917
3280
501
6591
9224
8998
1214
1446
5405
6380
2651
1973
9439
5897
8455
9480
9016
3406
8475
2730
4035
884
2660
381
7447
2611
2851
7060
1038
8129
9309
7565
3460
6741
9923
9981
2570
8951
3420
1721
4041
3014
3534
7823
5412
9493
3435
5280
8887
6915
3160
8938
1932
9957
3257
6933
7724
1042
456
4474
8946
6108
3573
7291
2059
1734
407
4291
5418
3286
561
3515
3480
6600
2496
9574
2936
4588
656
4650
5401
493
8701
460
1844
3375
7623
6294
4149
324
3279
5367
1511
7835
3231
5991
8712
9398
7382
6149
7868
3479
433
8896
3181
3286
2245
2750
2927
33
3272
284
178
4817
2879
4563
8081
5141
4882
3331
7367
6381
3052
3887
8257
6404
3583
8500
7726
1195
5940
8647
2740
6350
4224
3963
3244
2598
2802
2667
3469
7738
6408
7354
8550
594
3858
740
8533
1210
2446
8449
2437
9232
8034
1174
8852
2618
8777
7143
8978
1703
5476
9725
3381
112
5634
1872
8874
3962
4666
6433
8070
4571
5621
6919
8922
4118
6185
5108
8725
4373
5231
3874
259
1922
5206
4848
1811
7954
4641
8803
71
6910
6971
8235
2116
5231
4955
8723
5033
5062
1026
36
2845
9062
2129
4887
9665
3551
5752
6485
116
7431
1001
7245
9973
4502
651
7328
1027
7822
1771
7517
593
3077
8508
1652
2101
1937
1823
4953
8527
8047
2590
4104
6087
5808
290
6463
7951
8721
3092
8300
6376
4197
9632
9027
4416
7169
1718
2796
2072
9668
5546
888
5572
144
2492
526
7932
7257
5634
4054
5808
8505
9825
8528
6760
9134
74
8034
8824
8945
6448
8397
3907
8788
1896
4411
7495
2231
2778
7447
8214
4198
180
8248
8325
3139
5694
3499
2493
4923
2744
3277
9966
4184
2287
5634
787
803
4494
3604
4449
5299
2241
3852
346
839
533
2678
9086
7803
7356
3924
4449
4026
4029
7234
743
9761
5463
273
5259
1164
8629
9778
5343
9055
3469
1264
1806
3475
7443
5018
4541
6331
1787
1932
9072
7265
4492
4826
90
9522
8319
1753
8412
1923
7
1289
1902
8799
3354
8530
3067
4430
1421
2393
3078
9955
1919
2784
6059
5378
124
4024
4145
7276
1633
4995
9931
5352
5327
3946
5949
5744
4568
8296
3900
3781
4439
8161
3294
4720
4924
3395
8945
2647
4053
3447
1576
1272
4232
9332
5279
3428
1676
1777
9887
1899
280
8004
4205
4272
8659
3035
1149
9000
3899
2070
9509
9173
2897
271
6972
9449
6945
4632
8689
9930
3999
3360
7911
9505
9725
65
4782
6750
9081
2889
2765
8651
9331
930
6619
8747
9676
976
6766
7295
9530
7527
8810
517
4473
2551
9371
9374
8076
8005
4558
8122
2704
9063
6857
2227
4273
1819
363
9586
7733
2324
6574
2289
9271
2707
7001
334
3567
4190
7234
9769
2124
8543
1313
8779
211
2972
6159
3187
481
8158
6029
4158
1660
8736
9089
8673
4072
1110
412
8950
4134
9671
8407
4273
9671
4777
43
8958
4590
1864
3695
1385
4387
7026
7532
474
4691
8658
8301
491
3269
6471
1058
3991
1688
4000
7828
2976
8440
6630
467
2733
8047
8966
5610
383
1192
7017
8244
9358
1022
6850
8440
1044
8467
4692
2144
8630
7054
9405
9144
1115
6747
1379
881
6954
9942
4906
7493
9028
1714
415
1237
4443
4324
3059
3054
9134
9437
551
2954
1442
8740
2033
6882
7774
529
2793
433
3987
4358
3010
4484
7078
8505
9208
2622
1276
7292
1314
2552
8929
8797
2340
9877
6388
3256
9077
1444
3634
6011
2935
479
8254
6082
8584
1440
8586
817
8660
2690
5685
8976
2597
1893
9857
4896
1800
3548
7183
3420
9901
1089
2938
2363
587
5673
9612
4929
3005
2177
8705
5893
6589
759
2438
7358
2524
1190
2525
7254
5483
3801
9489
896
5753
1136
176
8006
3977
1376
3065
1483
1198
6805
9491
192
3542
6275
7688
466
9841
1610
749
6608
5949
3000
5727
5866
7760
7080
1915
5477
1856
776
6313
5131
5666
7624
5926
7071
9549
4334
9213
1310
2138
1143
6722
7825
3211
1048
1851
4575
3813
786
1819
6543
3403
5620
9627
972
3656
1963
9799
6865
7145
8180
4771
4851
7716
8593
6264
782
9737
106
7327
8503
3348
4795
2153
4849
7228
5916
9049
5804
3211
5534
7374
343
7466
7760
1968
1990
4617
6193
7158
2191
3912
2448
8482
2334
772
5152
3706
3240
9457
1703
4900
4924
1825
2982
4845
9349
7918
9778
4038
9853
9898
2145
5531
9932
1632
512
4513
1534
1494
2641
4684
3266
4402
3154
3754
4814
1238
8936
2527
7136
5881
3163
766
5888
2948
922
8417
9633
7253
5264
3574
1670
9763
7758
9062
8017
9103
1592
1970
3910
3124
9020
2444
1023
8555
6812
3919
9913
3565
8973
8812
2347
4869
7704
2835
8742
7873
9566
6650
4936
8725
1864
7229
9659
7868
4700
4418
874
3613
5147
5719
2980
7926
9640
9515
7129
7959
339
4038
9617
2701
2467
9381
2700
1561
4643
5222
996
6621
3267
652
7998
8898
1647
6783
7600
7241
3980
6084
8204
2476
9471
9749
3179
8336
952
7036
149
6746
8939
9425
6540
4763
2959
9789
7208
6009
2543
5675
6045
4779
4079
6026
7561
336
3704
9537
4345
5053
868
9024
2139
1265
8214
7790
5534
5303
4496
6645
5366
3016
8104
86
9676
6938
5108
6617
5010
3096
6530
6054
9396
8479
8932
5257
8138
5155
7529
4662
7450
9884
7047
921
746
6128
3028
9832
4963
8318
2020
5031
6321
1668
989
3560
1495
7374
5094
589
9247
5612
8190
3099
9919
1358
6137
909
4311
2655
6068
6178
6471
4347
6602
1572
7854
9485
2415
2662
8093
3754
7865
2121
8121
6948
4495
6251
6416
2540
6698
4108
9235
9719
6936
2254
8625
603
5711
8633
3108
8519
2174
8153
7492
9741
9407
4901
9258
7148
2937
6956
480
7790
8114
4429
4483
9098
1538
5187
1434
6455
2995
2203
7921
63
4772
3668
2606
6747
796
5586
3732
9857
6619
6527
3542
5382
236
5295
3363
449
1239
286
7999
7646
5252
8392
6419
2492
266
3540
9083
1732
4677
7070
9405
7270
1829
1120
7449
6321
195
3116
8092
3695
3151
6680
959
4171
8100
8455
6444
4512
6541
9376
1280
111
3106
765
4652
8812
2170
7523
7126
854
340
6968
1868
9553
5057
2310
8328
5426
6584
4858
6783
3078
525
4105
5172
9439
236
8321
8698
3292
1231
8279
7958
9316
3775
3458
978
2655
1736
818
5998
5617
8805
4942
7730
6708
5098
4778
2398
3457
7616
5585
7762
266
8874
3525
3369
3447
3623
4048
9376
7931
2881
9445
1621
9106
7426
8136
6059
8538
4038
2967
2041
3034
4347
2020
6514
3747
9028
2240
5279
2338
6334
8981
4120
3071
2106
1936
4819
3382
3977
1177
1075
3887
8822
7072
337
2764
9724
9046
1688
2079
1992
5285
4954
3173
3962
237
7648
9634
3045
5740
8847
3082
8134
3465
6310
873
6529
1166
7956
8321
390
2847
1094
6670
1331
9691
9166
8279
7427
9118
3967
835
2628
6272
917
9812
2134
14
2450
7413
7488
5091
9458
4332
9740
3298
7120
252
4562
4227
1601
6267
2851
9800
4782
8234
3484
5034
6848
8262
2554
4293
7300
2009
2876
908
1822
2910
4804
7483
2265
4032
1688
7959
2076
3645
3909
4212
2041
2060
9139
2131
1055
9448
1891
9477
8655
9272
3860
6977
9179
1757
7542
3022
7530
3463
742
1198
6521
8596
2727
8871
2155
7910
2098
1950
241
2512
8724
5954
6037
7293
7910
4499
2912
6989
8282
4861
5500
4876
6385
9093
7379
2465
8857
5742
8614
1600
6116
8840
4538
8156
7684
3895
44
9853
3074
6091
2885
601
8157
9489
169
6978
4368
5221
1114
9485
2156
9570
6553
5146
8197
1352
1516
1685
1593
473
4779
5255
490
4560
6389
889
9837
8910
7503
5351
9867
9906
2396
4557
5461
1109
2857
49
2420
6383
7119
6364
1358
4713
3771
118
1717
7088
7850
8493
9945
6498
3518
1058
3614
505
3534
7840
7128
4609
1545
8345
755
2840
4123
6959
4991
1073
8296
4412
7064
1828
3205
3391
8147
9990
5654
1524
9205
9328
5826
1934
7598
654
6770
195
1746
5655
7769
4820
2040
3476
5470
5560
7724
3023
772
9844
511
2122
1274
2105
4734
2632
1646
8362
1616
4780
3037
4152
2584
3868
3574
2331
4939
6161
236
6655
6635
4302
6602
3594
9586
715
5056
6758
2523
6397
5420
1087
7465
2259
3732
4250
827
7631
5264
6943
8455
3616
6677
7813
2931
5368
4827
1785
2660
1358
9936
7819
8669
1187
3477
7765
5497
4249
294
4760
8819
708
3191
9940
7138
7537
4074
6452
2179
7742
2910
8596
7550
2325
9393
8913
6987
6408
2581
2027
3821
3690
1489
6521
9804
1464
3038
8713
8081
8067
7858
8546
5818
8794
3306
8136
7485
4648
6335
1979
489
6151
9019
8861
4808
3280
5413
734
3457
7937
8633
5110
6075
3593
4755
8174
6331
6515
7721
7995
6894
4636
6424
712
7170
1458
7911
1902
5854
1500
2232
3747
3411
8784
5405
9149
7226
9429
6039
6977
2700
6198
8105
6861
4112
5518
7675
2062
9407
3638
8442
7086
6836
9849
7325
9901
2288
8689
1411
9675
9322
8672
4824
3152
99
6860
4407
1960
3542
135
1688
2255
6062
3754
7146
4116
515
6974
5340
8637
12
6055
7430
887
9880
9614
7909
167
6600
9401
7395
4242
564
4265
6820
3110
5502
6207
4284
3475
6963
5931
7567
1242
8733
7123
6433
7424
341
1053
156
1934
1798
6922
7039
3977
5053
9102
4019
2729
5965
8832
9705
4232
9456
442
8735
1592
2631
5021
4082
8993
4338
3061
4638
4791
7659
4724
672
8468
6956
6158
7228
6103
2705
5409
8954
632
2408
9998
8699
886
1797
1624
6650
160
9394
8088
2638
6668
9108
6491
2620
8455
1064
9769
5289
4698
2972
6978
2973
9317
1595
9094
9906
698
8240
5857
188
5833
3356
1218
1907
8404
8706
1623
9227
7806
6511
327
7509
2037
9799
3515
606
9272
2570
7914
661
22
1782
9423
9674
4502
4982
7241
8786
1981
6232
7231
5815
2735
6877
4110
1036
7269
5433
192
718
7223
5498
6859
5590
6774
7381
7475
1340
7480
1387
6204
8885
6529
3579
1633
173
5051
9170
5978
1679
146
9597
4702
1344
6543
2095
1941
5036
2574
6542
1111
2201
9886
5623
4455
8728
2868
882
7206
6426
7148
8112
6053
8766
2270
8144
2795
8968
6169
8594
478
3534
798
3283
5186
6284
2140
7543
8459
5815
6899
6452
9537
2942
8775
4170
159
9085
2371
6609
136
2780
2567
5244
9991
7076
8176
3993
3904
1761
515
3242
7465
4482
6950
1117
2303
989
2714
3271
8038
3232
8040
7888
5776
8595
4839
9256
7817
921
4232
7064
4701
1942
9646
4914
2711
346
6429
9450
3111
2010
2430
8334
4862
9728
8780
7649
4345
8361
7550
8709
6648
2796
9889
4550
2058
4283
3553
9124
2839
401
3445
1417
4793
2444
3732
441
7368
2980
5847
614
7665
4249
4109
8691
9650
3915
3109
8129
7076
8818
811
6069
4421
6942
5842
778
6946
3593
7050
8931
5710
6329
5294
8441
81
6370
7582
5282
1807
1751
5876
1827
2547
1505
20
5276
9960
5448
4277
785
3317
7422
3142
5850
931
907
1711
6512
6396
8003
4453
7783
2785
8100
2857
59
8359
8028
222
8659
1808
5671
5702
2339
8530
8533
5032
2653
4438
1770
7311
8055
5471
8735
7906
2488
8404
5703
2795
4651
2460
5852
1431
5030
3253
4583
537
181
9185
9518
3259
1279
7086
9543
7634
3466
5968
5515
9020
2267
5021
9062
1817
229
1061
5723
2947
211
1180
8517
716
9937
9446
8919
7139
323
5022
9269
9922
9561
2370
6652
2662
7723
8782
7356
2652
2894
8035
4038
7893
2169
3220
2896
8022
4289
1469
981
638
5519
3233
6569
5220
8596
3262
7738
7549
4003
2303
3
3431
5004
4926
9882
9765
2585
6052
4889
344
3233
9678
4362
7446
6091
9933
8843
8009
5276
2603
8224
9799
4337
7333
5560
5625
4920
2809
7208
2522
4905
6717
3220
9470
1890
1113
4764
6924
447
6035
3107
4666
3017
9669
3082
8227
8149
3229
6619
5720
29
5121
2594
496
1196
6876
1701
8301
371
778
3653
1149
9177
1852
8989
9017
9279
6344
950
2254
4320
4688
637
1253
1128
2029
9500
1345
9596
7912
8901
2821
6279
6724
270
1535
8629
2876
3749
7445
3255
5685
3125
7194
5831
7695
689
893
9158
8781
9901
9983
2385
6526
9868
7039
7314
7704
499
3523
2963
9393
4493
7941
7629
2921
2312
7304
8590
2791
1324
7173
5529
7902
6556
9158
2360
5819
4549
351
9212
2094
1123
4
4021
4163
3891
6826
3309
348
3187
8510
8382
6524
7926
956
2148
9987
4291
1774
4093
9121
4173
7025
6525
441
8046
5845
1550
2676
6524
9041
677
5774
653
8320
1552
4177
5303
1228
3803
3164
1584
9621
3522
9807
836
4158
6016
870
7317
4565
2741
2415
429
4333
5559
4682
8111
8442
2016
3517
7275
6552
5125
7681
9136
5879
9398
2780
1259
3447
8849
4315
4590
3101
6641
3964
5996
7663
5124
8822
1201
642
2491
7813
1215
7037
4298
2742
4659
4457
5455
7259
8005
1431
3631
7675
2014
4654
5292
4985
3092
1888
7059
832
1777
9913
9745
3064
8658
755
6454
9383
1851
2888
3778
3175
8968
1733
5179
191
7982
7222
337
4673
879
6484
1225
4416
8508
7513
9845
1804
2310
9852
6580
2828
1277
3885
1078
1894
553
2878
2808
4557
7975
8315
3742
9928
6443
4872
526
827
772
902
8537
9285
9357
34
1013
5141
815
5466
885
953
9140
5645
3226
1636
8198
4510
1362
11
2022
5155
9087
2765
7545
4448
6131
1853
7677
6364
5959
2733
8505
8365
4059
8073
3106
2277
9000
1181
8441
344
5201
6531
4882
5064
967
2845
8912
1631
1275
1787
3276
5208
7455
6394
8981
283
4118
105
3409
7395
1674
1929
2145
3614
1884
8401
8242
4896
6821
6587
9248
2260
4235
3023
6805
9952
8640
6889
8447
9380
2661
7497
144
6143
395
5944
1151
1886
9610
9010
92
5938
842
3540
1216
5325
5247
5698
3090
8473
1522
5205
5494
4276
2601
1104
3073
2651
8073
6318
7400
5522
9090
3114
1525
9662
777
7307
923
8111
4659
2681
2545
2958
348
3376
10
6702
6696
2896
8454
4098
1361
2606
8481
8203
5951
5884
4937
5580
3013
2495
3021
1932
1112
5602
640
6167
4395
231
3053
2706
3957
6885
9253
9945
3236
8803
1587
8199
283
6847
5041
6432
6903
8363
9956
8542
6255
596
9777
487
7722
8033
7811
4135
7194
7045
5157
8047
7766
7088
7753
1130
3893
2536
9547
680
7142
6367
5728
9513
1309
8386
8232
7319
6376
2238
7650
6624
5503
7327
3167
5407
6234
1366
6878
1030
4892
5910
983
5370
8269
123
9523
1883
9046
1047
5192
4447
7957
7898
3731
554
1537
4910
1886
8955
2535
7069
2993
3830
578
3999
6500
473
5882
8947
7523
8270
7587
5513
2490
3932
6022
4538
1087
1722
3484
2949
1152
4290
1495
5127
7297
4509
8443
5526
2072
3152
3929
154
5652
419
893
7577
9879
1434
9725
6749
36
1698
2386
2324
739
3833
3507
883
6706
3498
2204
2008
7110
4964
6606
4539
1423
2711
880
5199
9017
154
3075
6747
1198
8027
9091
2592
5961
6484
2297
5863
9094
6454
77
393
8134
3109
2345
569
6942
5184
3721
9089
7230
8635
9006
5336
5023
5947
9586
3229
5334
2605
3494
2051
1957
4131
4632
9529
2033
9996
2368
5525
2718
6015
5176
3052
4854
1076
4300
5280
1048
1519
7399
4103
4445
7562
6685
3172
166
5933
5063
6260
2466
6365
4745
6263
8268
174
3024
9352
9136
8614
5511
2939
2638
9600
7208
3443
5239
2138
9295
1277
7973
6843
42
4172
5559
6292
6829
513
3497
402
7587
2791
3410
8237
9823
8121
5639
9777
2527
9905
3197
6950
5442
9709
8715
2350
8432
5951
6894
7418
504
1234
5111
553
4519
1637
1823
5438
7988
3717
5450
9293
5529
9515
4473
7027
7851
4206
5018
8031
3802
6439
7802
9296
7860
9536
1930
8332
8212
7303
2447
3338
7257
1925
7443
92
4945
5589
1274
5901
6452
7683
8959
5507
8396
8339
2620
7729
5506
2155
6248
748
2436
2254
7899
6472
7666
6166
9661
3614
6665
445
4973
3420
567
9432
6174
7513
7548
3233
2891
1843
7057
8975
282
2983
9251
8756
9839
9180
8312
8803
2887
1149
5362
7244
6229
321
1377
9909
9546
2169
1170
3622
7021
6101
9173
7377
586
5331
797
3837
2518
3301
3617
1118
8641
1358
895
2786
3092
9305
672
8602
3722
3925
8391
2643
4187
9009
6562
1696
1972
5488
1347
1174
6818
4009
9961
6451
7516
7838
2967
3452
609
6599
7286
2002
4327
5115
8614
672
8722
170
6591
8724
1189
2025
6567
7591
963
9834
8252
6523
3854
1384
4192
464
7265
1004
789
8723
7689
9823
8158
9523
781
8045
9285
7937
895
8370
6811
3747
9595
7124
1018
7141
140
9996
3062
3534
6158
9202
2482
3626
9294
3796
5790
1609
4813
4338
4990
3251
4259
8985
6102
8022
4801
8139
610
2638
3263
5096
1250
751
3060
315
6467
1170
675
7346
2648
9610
9746
235
327
3330
567
6248
2240
1317
4779
3759
8152
9177
9040
4817
3124
7768
5663
2709
9617
3677
6233
3216
6960
7672
2592
9474
2030
8861
8750
1984
3714
4943
4691
3770
6384
9557
6812
5497
7290
4119
9246
9255
6694
7415
3763
1178
5003
926
4267
5502
9429
6706
7987
5902
6328
4689
7539
7439
9425
8156
4369
2858
2151
9219
4068
8883
2321
6441
6019
2474
4593
5140
4107
5742
5086
7123
3487
9929
7471
684
7034
5820
9571
7009
2112
8503
3806
286
3730
9637
1550
7122
1201
914
8252
152
2746
2202
9341
593
2687
6944
7480
6351
4230
9223
1074
9824
9642
2721
8613
7813
2511
2193
7423
4366
9316
2799
6215
2469
3249
8663
2554
2771
2960
8190
195
3714
6264
9587
9498
4641
5139
8638
6195
7325
6818
7064
1575
8306
5207
5734
5120
5358
5279
1107
5661
6190
1203
5944
5061
2552
1299
6715
409
7444
7443
4402
1234
8679
626
2818
1194
9261
533
9400
8998
7586
7363
7971
4689
4126
1289
8924
580
4907
3438
5412
1408
3844
1840
7560
3646
7947
477
4867
5582
7287
1102
6257
893
137
3886
1483
6370
7289
3848
1683
2486
626
2974
9742
8595
8934
7734
3625
1269
47
2447
9545
1374
1956
9761
6099
9830
6580
2130
2916
4927
6545
8437
1439
3510
6524
9454
7985
1877
9162
2816
9122
7670
592
2887
3883
2242
768
1473
9246
4792
6943
9846
9030
9513
5250
1273
3484
9807
9349
5127
5251
7070
7591
1933
7201
6083
3734
7686
5994
1593
4898
6017
634
7034
2401
7985
8127
3730
8750
7966
5633
3520
8447
4440
6783
806
6738
556
9719
4031
6114
768
802
3968
9468
3288
9978
55
968
955
2008
4608
7415
4079
5646
999
8040
2224
8526
1303
9110
1328
5333
2769
5202
1897
7352
9320
8840
1070
4137
1433
2432
2399
4566
6793
2180
6011
9614
7686
2745
8752
1185
9439
620
5934
3923
4544
8314
3065
2956
2293
2316
2957
7055
5535
5005
8460
3365
4149
5737
227
3781
2962
1571
6715
9555
9612
6787
2011
18
2373
2635
6410
5463
9978
5189
1698
5452
2169
651
1792
8925
6175
4226
7080
5394
8319
9971
1894
7209
8815
7015
5247
5728
8013
2815
1382
6668
1998
3006
3194
9017
4615
7747
1020
9599
5573
3590
4383
3165
8550
2350
9448
6308
1242
3901
1157
7155
804
8313
6074
4922
7611
3368
2278
3837
2062
4103
6372
1351
4148
8151
3550
6536
7216
5765
1915
7613
3667
1972
7289
3019
9420
9080
2534
743
8090
834
2264
3125
4867
3107
1869
6251
9053
5343
8588
8496
4361
960
4202
1815
1615
5348
2457
4546
3429
8260
5643
7141
3049
4945
4692
5017
1662
1389
7021
7481
3891
4243
1973
3612
7310
949
1666
2335
8024
8864
1669
2686
482
3406
6700
7695
4454
6728
5777
6284
3512
3861
8207
4331
8715
9811
1044
5371
5520
1185
2258
8605
905
7334
7216
3085
7467
9618
7486
9563
6930
5440
5878
8202
5054
3620
8797
9333
1499
6838
3704
4665
6943
7563
7212
8275
9101
9341
637
4886
7782
6103
5768
6121
8351
6318
1533
5051
2173
95
1796
4692
1885
7377
9633
6441
3680
6311
9793
5723
3524
1861
868
5245
3854
2731
7749
1520
7762
6579
3204
7661
2613
4787
6180
9343
7706
9808
8528
3210
1017
2047
2857
7084
9678
6873
9339
2990
6125
6058
8942
7558
7891
2806
9543
6621
4007
6537
5358
6600
2832
2793
5259
7909
5120
4651
6234
4516
7710
7566
3133
959
7202
151
5473
1272
9897
922
4680
429
5976
67
2965
9066
3020
8046
7943
9020
2304
1609
28
2973
8089
5683
9271
8721
2571
7713
2845
8732
2799
3277
7656
6478
5852
9291
6270
4748
9457
6458
636
9403
8613
1667
3436
219
1653
770
6087
3983
7228
302
1859
3765
1122
9670
1404
2726
9291
5401
81
667
6656
4786
9414
1449
5355
5183
5335
8092
9723
2252
6412
3436
3208
9105
1495
7869
2976
5765
8506
4937
416
2477
3174
1970
4734
2101
3311
4695
963
489
5547
85
3782
240
8553
5367
9667
3750
4126
7371
5083
1989
9194
1074
6549
607
7017
7252
6258
5723
9254
622
3631
2121
2298
9161
35
5059
5202
5096
1799
8803
8735
2398
3477
9003
982
9001
6361
2405
7047
9951
4117
4919
3883
9075
5361
9202
6887
6884
1583
2280
6318
6835
8749
4903
1074
1903
3715
3910
4043
8302
8284
5499
1024
1050
6305
4695
7153
3461
6705
1023
7544
683
3037
7816
8724
9267
6927
9357
1365
5713
4795
1040
9286
5483
5150
6331
4051
5126
7011
5345
188
8092
7668
4631
8466
3196
8510
4072
2175
1935
3117
7401
5010
1506
5494
7082
3943
8213
7268
3366
7797
2718
2249
6999
4657
2779
9174
3544
6817
8754
7911
5561
8202
7943
9397
5161
5402
7674
7023
5203
1778
793
5139
8887
8123
3321
3717
8643
8314
685
2210
3070
7838
3361
7071
5586
5221
3926
1930
1363
5182
5753
7746
8880
8010
7538
6691
9333
7212
854
4313
3370
5151
1498
1830
1196
6279
3845
3182
4342
6831
5808
8591
1468
3762
9292
4271
5043
8965
8832
4573
6560
4337
6254
7514
284
6574
3249
2944
2896
8363
2086
2880
739
4443
8211
1738
3405
7321
9752
6037
583
780
2545
2126
8706
2069
453
6557
4560
2053
2430
3828
8147
6140
3925
7505
5552
9916
8489
7346
5102
5132
1484
8648
1985
5720
8106
4836
1886
8102
7383
5229
5371
9987
564
2708
7013
652
7726
3471
8076
4041
5891
2146
5887
7331
4769
4092
8015
6471
1549
8956
2195
3618
7437
5892
8280
4844
4547
6486
6898
4849
5030
8332
1236
7338
2206
5300
968
7707
5148
263
7611
8917
8116
939
6712
5883
8296
4286
6575
6450
8034
1763
8098
6898
9037
3769
6172
1017
8497
5270
8943
3663
9321
4772
9272
68
7250
274
4000
8933
4563
5643
3218
5805
2580
4803
3828
2728
988
157
452
9587
7003
3737
5760
7599
8352
2491
6834
4437
1864
3656
7766
8115
4948
1946
810
8724
4069
4626
1041
3646
