5554
7005
9312
2411
8910
4994
9496
8127
8954
3854
8729
1794
7895
9109
6890
5379
1230
4985
213
4629
9529
9680
4507
7571
4399
401
2197
5886
3226
9208
1992
8850
4471
6953
7812
5383
8201
1217
4666
4098
7242
2183
8839
1675
8351
4658
8945
7002
630
9076
3820
2443
1151
6804
6698
2480
7860
7946
1181
4982
8662
7107
5018
5503
5318
9268
4492
350
3885
9307
9026
9618
8857
4336
8646
1706
5444
5019
507
4070
6274
4176
194
5726
5495
8517
8233
2348
4610
8372
5553
4772
1290
6219
8954
7940
5636
7409
9517
7222
1518
6051
8406
4850
9371
8652
8811
6448
9067
4980
1518
1276
9239
751
9579
2
1062
4310
9806
5913
5534
5251
1284
2892
906
4133
6380
2435
8884
3876
3755
3536
1136
2734
1528
7093
3813
992
3226
5283
297
4416
4188
8654
2135
2359
9354
9692
5984
6188
5468
8316
4187
8572
9468
1891
6810
5925
6964
1345
2123
5105
201
7283
2407
9713
4430
4849
219
895
9415
3479
6320
5029
5883
193
4553
1867
9396
1872
7992
2651
7191
8489
8510
7249
3002
4445
8078
8847
5415
2835
12
7309
7036
7872
3175
7149
8795
6825
3951
4269
5957
6064
4277
5861
4830
6490
3023
5200
1053
865
1396
2455
1555
9829
698
153
4869
1213
8937
7783
599
971
2619
6283
8727
750
5667
5369
627
5009
5944
782
3481
7952
860
4837
5465
5035
8413
777
4952
3731
1815
5380
7684
8418
6371
853
3583
2343
9185
9392
4138
7198
9677
48
3359
1918
7985
4200
8379
4572
6295
6023
3622
1342
5417
5689
256
9274
7031
6346
4186
1179
1444
9941
3662
4533
14
8059
4829
800
648
671
1107
4065
8518
7214
8008
7047
7715
1933
1285
2304
4498
2954
5201
1244
3408
8068
8328
5161
6322
8807
1863
8429
7617
2831
3254
8995
2542
846
6626
5564
9635
8088
8326
9382
8456
75
3989
1435
1775
1389
8103
2816
2317
4494
7422
2878
8645
8460
7987
5550
3458
5076
4034
2444
5536
8822
5695
6446
8792
3090
1619
2190
8951
5599
8407
9811
5337
2347
1915
8078
8375
1132
7940
7872
1402
8084
4880
7081
3435
9811
9575
6795
282
3238
8752
61
6070
1454
8493
7131
1471
2700
7364
539
2374
4184
1386
8650
3341
7296
270
3077
2512
8253
8656
4308
48
4098
5948
400
4552
4670
5863
9414
7502
8384
1445
6003
2312
5258
8708
63
8935
6526
1976
4326
7765
6614
9412
9409
3303
8640
2978
9140
6286
4549
6543
608
1840
6235
1078
2264
5342
6096
8311
961
2530
2263
6420
6387
248
3103
72
2924
2949
6303
2372
1492
1688
1982
1719
7099
6539
7102
4010
9950
4501
617
5333
7480
1696
5875
6369
3189
8259
9375
1691
1202
4811
7742
3746
2240
5499
9793
3053
4312
1084
1200
5036
2872
7250
6276
6313
8139
590
4590
2874
4519
8873
6987
6487
7088
1908
62
5298
8298
7177
7037
5512
5852
8317
7081
1442
3791
5108
8900
3464
8117
3825
599
1267
5207
5225
6363
5581
4343
1411
1077
6200
4292
3742
8591
7047
4524
9343
9921
1933
9052
8245
2671
4752
2610
3419
7596
2921
9363
8921
3964
1436
249
775
4295
4014
4212
1216
6505
4023
914
3838
8278
198
4697
5928
7211
5947
6048
8885
2703
3253
2174
3227
57
5513
7530
4169
6795
6219
6929
2493
348
572
7495
9683
4676
2833
7652
9626
8144
4508
6768
7556
6037
169
2153
6091
9953
8006
9568
5323
4141
6735
4084
5151
9198
8214
1911
9291
1131
6588
2029
5940
2281
9358
2370
4695
8354
1375
4699
1917
9525
6638
7924
6873
7271
884
7417
5994
1254
8140
7425
7012
7389
8671
1588
7269
8500
8411
477
9783
4223
3583
1050
8785
5959
4630
3760
2842
8694
2061
700
1659
4124
9059
5924
6815
1150
2124
9788
923
1726
433
8581
6100
2965
6936
9823
9729
5853
8812
3599
910
5180
4345
9116
9929
4314
8118
6244
557
7795
5983
7419
2937
5128
9405
7555
3981
256
2389
4951
9888
5932
3082
1361
4176
7161
8143
252
8743
1150
7965
4579
1766
8020
8541
632
8081
9606
3299
5217
9510
5854
3640
2333
4732
2511
5362
1365
5588
6913
1538
29
7342
5382
3481
3833
7179
6987
3704
2124
3466
8651
3795
8140
9346
4157
8688
658
2843
3086
7074
1645
5993
3497
6445
566
1222
7907
5253
1022
3162
3363
5944
6867
2553
318
8372
6370
1274
1713
406
9526
1600
9959
6640
7630
6407
6667
9302
5421
5324
8023
6342
715
3257
682
6225
9657
8204
7497
3386
9922
3603
7740
4458
2396
4262
8489
3182
3870
8800
2686
7070
1900
7419
4023
6074
1677
1144
6800
6019
8254
3864
3445
5763
9311
9306
8437
2794
490
8129
932
6694
8997
3937
7263
3374
4653
5703
6491
9131
1922
7074
5286
9363
4610
7585
2335
4516
1309
5241
8770
1786
7240
355
3819
7709
1853
9393
4588
4106
7407
3019
5562
4363
4955
7115
3713
8422
1290
3024
3495
5071
9795
9027
4702
6235
3117
5604
7507
2050
2066
7391
9220
3840
3823
5201
3231
2456
8601
3025
453
6245
2841
7885
1165
4175
3480
5122
3428
6710
9957
6903
5667
4254
2083
7639
7225
7080
4352
8793
9751
7912
2800
5998
6170
9640
8665
6518
1027
3273
5158
4863
9619
4240
4543
2843
4578
5477
6512
2204
398
6644
2389
3775
7553
1373
9767
8563
1035
1598
9008
4708
9566
9531
8651
7480
1577
6295
3735
2565
4412
7282
6074
8237
1466
4463
7442
9512
6717
9809
9895
2701
4003
6833
9148
7692
9701
7231
8164
1130
8857
8498
5617
3721
4557
9181
8951
3635
9716
705
8144
3828
5470
5689
712
3506
4895
5158
2697
3274
7473
8167
3345
8039
8773
6644
8206
3553
6773
9095
2524
4720
5381
8648
950
2012
7048
6436
9176
2835
2959
8729
197
8325
6892
4369
1332
9024
4901
6792
1253
6163
5972
2139
4434
1185
9882
9375
9729
1780
1875
4219
1349
9050
3173
7204
5859
6113
4067
2691
9715
5819
8655
8724
8605
1166
4843
7470
6146
7771
9488
6762
3773
8456
7624
994
3006
3756
4165
727
2662
4487
581
1742
8290
4412
8621
57
3790
1515
9890
7838
7738
607
4470
2214
4506
33
5120
3140
119
2263
7540
7695
4131
765
2082
9806
8793
6958
5115
720
4963
6751
2925
1285
1766
1112
9071
3852
8376
3776
5544
905
7778
5780
123
2578
752
1267
3612
6855
8853
5801
678
9164
9275
6710
4341
709
6632
6251
3406
7373
9276
8304
8735
5586
4119
7236
9329
9504
1959
2738
4394
5544
7167
1933
8639
1821
7556
4584
5606
5932
6577
1189
8777
1109
7258
4343
7559
842
9469
1461
6804
195
2116
7742
6353
8763
231
6420
6374
8218
3055
5607
5756
5840
2886
6911
5767
8059
793
2980
4913
821
5455
6733
4066
2558
2435
4372
3738
2353
861
3475
193
6245
400
7165
6565
6850
9340
299
5331
6542
3923
7729
5410
9668
1513
4749
7032
8383
6676
4923
3472
7464
2643
6072
5235
8410
731
5377
6003
3694
5133
5414
1335
1544
6067
5553
9936
3965
7257
2861
5547
8512
3448
8581
4143
3319
3293
9211
9414
8798
7321
6193
9976
3720
3137
8791
1890
574
5718
2305
6038
1206
6207
6756
3116
1408
8050
3646
166
3455
8130
1231
8738
8595
113
3576
6840
4623
6599
6574
7843
4940
2555
3194
8141
633
4014
5952
898
6349
167
9946
9462
2811
6808
7473
8803
5185
4912
9320
971
5613
266
8356
5484
4427
9347
6604
3249
848
8265
9353
2805
5404
9102
8617
1042
2112
7292
4519
3080
7388
8419
2511
8265
6595
2685
2272
2848
4510
8610
8930
9810
3081
5015
9425
7438
1294
8258
9350
6590
1580
5272
96
2623
1267
3304
3044
5356
4159
4064
2094
7206
8735
5165
3731
5633
8785
3552
1221
8360
2316
4459
8338
8785
2825
1724
1129
5050
3694
2032
2969
4658
5448
2297
2600
5093
8213
3786
4429
1536
3340
79
3404
7042
4793
2345
3755
8787
8377
2711
7893
4702
7118
4672
8138
4266
9439
5629
1824
1143
7712
436
3147
1603
3577
8846
9541
4748
1205
4154
8122
5647
4793
9755
3298
6768
6191
5980
5867
1507
5759
7972
7411
9878
7241
8357
6559
7217
8673
8174
6427
1750
7767
2320
2799
3955
9714
4845
8346
2167
3656
1980
4637
9984
4076
7194
9878
6482
1941
7594
4472
2772
7975
3021
7427
7637
4785
493
7638
8732
6754
2147
3149
5517
3224
6584
2744
983
4263
3225
5371
7978
2658
5107
3499
2630
4904
5614
2124
7166
4126
5574
68
635
9750
3733
5482
2062
5065
9948
705
8013
3702
8304
379
6847
327
6689
8268
3890
1468
6373
1964
2553
1542
5076
1192
2020
9778
1900
4118
8423
2479
4645
3859
1261
6686
1279
8348
3237
3910
4839
4085
4634
9617
4105
4456
8288
3047
2431
3517
6506
6725
7703
8834
1337
4857
6098
4232
6943
6508
1465
1083
2850
1612
1755
3819
2251
3285
8433
3163
8638
6780
4098
4822
2420
2248
8402
5833
8692
6557
7157
2864
6705
6230
6258
6769
4925
1486
5746
1887
7883
460
6328
5516
1553
9769
9130
8495
8444
5838
3469
4205
7358
8574
976
727
8434
3886
8367
6128
608
7853
5767
9978
3916
404
6441
1196
3017
5723
4712
8481
1915
1620
3644
4335
5226
9416
3753
515
1170
7437
105
3334
7352
5137
5462
3870
9111
4134
5892
2628
8727
2522
6523
1149
4527
4113
1602
6743
7586
7425
5702
6290
837
218
27
9768
3664
6656
346
9722
2563
567
3144
7833
5520
8281
4039
5566
3254
1062
8117
3670
1342
5961
6210
1870
7966
9859
7328
1047
6266
951
3987
725
5547
7169
8199
2058
7320
5171
7137
3178
625
3694
158
986
9866
617
2135
8218
4900
929
1078
6076
7447
9918
9122
4833
1628
5869
5079
1263
6040
9519
8961
7056
4610
4829
390
8761
3525
758
2435
4789
416
9912
2527
1934
27
1206
3788
424
9509
1836
4651
6170
2136
2540
463
2121
5534
5395
2570
4419
5117
3070
9252
2117
9885
7171
1227
3962
6635
9581
1268
5584
342
6871
7102
4616
4342
3716
6695
9050
7196
4057
745
947
7765
920
1548
3420
2184
4442
6511
5064
7007
9543
4129
1209
5522
261
8442
432
9198
2411
5543
1599
4677
9713
2641
1405
8943
4582
1919
2693
9295
3358
8194
9323
7056
9974
7678
3821
9790
9060
3849
273
5617
5184
4108
3633
5779
5817
2006
1839
7043
5301
8736
8887
6610
697
2267
6768
8923
849
6133
222
2896
6525
5371
6231
9151
7465
4281
3999
4355
951
3484
1139
4167
8266
9496
8815
805
8578
5669
5884
5389
4479
2468
9786
225
5475
6240
213
2333
8009
1232
3527
3316
828
6921
3962
7717
774
4655
9992
1484
4390
9324
6081
8917
1852
26
8376
3948
1476
9754
1258
6176
3084
2887
4428
9478
7012
756
9137
8969
9409
8370
2661
9007
1918
9022
1896
1878
5216
7879
4522
686
3476
5565
7119
9408
3608
6197
9728
668
2739
1641
2830
4529
9425
9884
9987
5044
5198
6107
3783
9411
2014
1119
1404
4388
3895
7839
2662
4743
3293
7491
5098
9402
3288
3315
5138
1627
9123
6861
1019
4392
5251
1286
3227
3730
6130
2600
3138
7344
4119
2633
3052
1424
5492
4956
1695
3368
652
9329
3720
9339
6430
7383
12
8599
4051
386
1758
5931
7008
2424
1260
1269
4328
9829
6422
409
6354
1278
4989
8382
5010
6162
1347
259
8598
7613
1204
783
8303
6694
7392
4726
1994
5080
293
6311
3002
7838
5733
5186
5476
2391
41
4695
9511
9594
9474
3386
8054
1763
2871
578
515
9354
3696
1041
9833
4821
1518
5341
8086
2852
1732
5053
5747
8442
4022
7216
3730
4283
6781
3078
2595
9361
2293
370
4771
9881
7219
8391
7201
938
9877
1712
2878
8885
4616
1148
9857
696
9600
6022
7636
6077
7944
7970
398
4352
9446
9348
1310
8701
2170
1690
1792
6535
9123
314
3679
6038
526
7398
1768
344
5980
2395
2359
5832
9710
9402
7361
9739
2448
4573
6253
3239
1471
5867
4063
7182
5720
3191
5057
2904
8847
3027
4432
8032
5464
3890
5697
677
198
9098
1951
8720
1358
472
3363
949
2903
9838
8462
770
6896
4984
2325
9044
6813
2812
9529
8297
9872
7791
2481
4273
4816
6036
2359
9070
2025
3887
6477
1690
8224
6824
218
1095
4016
1595
4436
2337
3702
6620
9547
8016
869
6345
9200
7466
1543
7143
6017
1813
4113
7598
9906
9082
9570
3921
2920
1653
8520
5269
7525
7129
4543
1267
300
7616
8790
5912
9504
5168
7263
8265
6349
5898
9651
8228
9570
8107
400
7890
3626
3973
7473
6217
7942
9752
8360
5326
6664
7434
2154
9927
2591
6758
6567
3343
5194
1632
9700
6210
9450
1094
8263
2056
248
19
7374
1215
2896
2173
9405
7776
2985
670
6018
4532
1874
3503
7415
2848
8459
656
5619
7499
3405
2357
6237
4560
6807
4939
3566
6895
5750
1608
3793
7773
8784
95
698
9932
2285
8787
4769
6406
8530
467
3754
4915
1355
1412
1922
6490
341
8156
7511
5139
2149
106
8756
8475
4488
8372
8984
6177
2696
952
5602
9725
9880
2740
411
1248
6989
6321
7104
4503
3336
5641
9403
6985
3252
8873
2381
9856
8728
9570
7802
5124
3274
5370
8864
6946
2625
4415
1029
9916
8021
4059
2301
3627
7573
643
7237
1327
5428
9610
5967
5751
1105
6963
1034
6747
2865
6340
8189
5750
6075
949
1136
8578
4752
1447
1622
4652
2533
9489
5787
6102
9407
7558
7142
1787
4970
3507
5308
6077
5590
5700
7937
7802
6302
7446
1291
1869
9238
6999
533
8289
528
8458
8828
5392
3275
6006
2490
7578
6122
2846
732
8145
1164
7563
6834
305
2492
5366
9971
2221
4071
9250
3963
8997
8502
5237
6690
9395
7895
263
7113
5236
6380
9252
9636
8260
1584
4444
7327
7074
1137
7033
9406
7059
431
9856
4037
2946
5919
16
4208
9061
6268
5528
4960
730
4059
9125
4819
8657
6729
4777
5102
1443
9827
2439
1930
3024
9745
9851
6281
1399
7249
3079
7475
558
5436
2119
9009
8657
4439
950
4789
3559
2375
1994
3844
6352
3873
5898
7490
2154
4030
6415
9704
4275
7272
7096
6403
6793
4916
6264
3132
9309
9244
3595
2960
9286
1399
3974
4124
1298
1079
2219
2455
3415
4542
4076
9468
7592
7422
2199
5314
691
6716
8511
1898
5671
832
3195
6660
5891
8700
8648
157
9257
1878
2490
7033
1857
4836
7439
4826
3962
1379
164
3723
763
8068
9409
5227
3880
292
2704
2009
1888
3526
3420
1656
659
31
3235
3855
4401
285
3325
9520
7918
2789
8007
2626
4049
1048
2360
3326
9963
6337
533
3059
5605
3757
5327
4038
3651
6104
7386
7289
245
3952
6313
8582
3451
7864
3957
7465
7960
1643
3389
8296
5280
7051
1431
1727
7083
8117
4020
8876
7611
8867
8353
3044
826
4190
3993
2576
5021
4637
2393
3144
2469
4718
2204
8025
932
2240
2532
1046
9084
8635
2666
6377
3523
4397
9245
2372
7219
4097
5846
6185
2462
1966
9548
7602
3294
6809
8899
9181
6570
2584
832
3288
3413
8469
2359
9205
5489
7194
3653
9530
9505
8639
6554
2600
9756
3486
6238
3381
1597
2591
1476
2168
1590
7685
4364
4161
1125
9860
7250
1842
7487
509
3
8702
4441
4471
1248
6925
6182
428
3804
6921
9579
2205
7759
2808
5374
3299
5837
4198
8364
1395
145
3678
4409
381
770
2532
4210
2434
8168
7266
2415
4191
2999
2702
5237
3418
2058
8005
9256
1560
9260
1062
1869
5944
671
3437
6445
6304
3151
8954
7381
6962
1440
5325
3739
5370
2388
4481
7387
3847
5978
8962
8367
5827
8640
2092
8989
3297
2617
1426
9690
5634
2089
2455
1932
6612
9821
3388
8829
9560
1591
103
8044
6382
7847
8284
5182
9279
1798
1899
2274
5111
8364
9237
4449
1501
4833
8796
9124
2064
1776
9415
8448
5711
824
7310
444
9141
1436
4120
9987
3008
9498
8031
6741
6957
4073
2829
6760
4737
3899
6485
2572
1750
4066
2912
139
3920
9327
5682
8479
5979
6197
5080
9950
2467
76
1137
5233
9503
6386
8038
8098
7579
3996
2263
7779
7057
6746
916
8732
6756
1832
1812
44
2232
176
358
9073
3185
3069
5698
5554
3798
1243
5450
7817
50
1994
7378
9374
711
802
4281
575
495
4848
2979
3132
9040
78
4389
846
6283
3072
9469
3832
4098
603
1435
1253
5651
4480
2367
3201
7574
3094
5648
1908
3663
6790
4822
4473
4463
9856
3622
3660
382
3658
6007
1874
2509
3657
5925
1667
6267
3496
7714
2210
2182
6965
9572
6445
8940
1867
4543
5215
4717
5098
2127
803
7870
9571
65
4596
4989
6511
9823
4943
396
2256
7319
330
1516
8095
3720
8974
3128
4195
1384
5103
4410
7955
8628
316
9630
403
7108
8194
4913
747
2442
987
7445
3542
4152
1748
9604
6133
2939
6956
7646
1827
7223
2855
1170
916
4448
355
7093
7462
5251
2562
7921
1946
5311
2838
8861
5356
4051
3996
53
8061
5029
3486
6358
9506
8860
2124
5800
7013
1771
5573
3320
7593
3243
5087
6417
4892
2676
406
9703
8917
7815
5889
2768
6300
730
1200
1566
825
9377
1938
6317
9908
8229
7907
8374
8091
9876
1890
8830
403
38
5856
8174
8822
7159
7828
3759
5675
4885
7180
305
691
4776
3774
9593
6286
6680
2141
8197
4734
8496
3479
221
3716
254
395
2952
5575
3251
6568
6760
7283
8045
800
8723
7085
3566
8939
9727
5525
3609
648
1353
3588
233
3790
2993
6229
942
8113
3606
6624
4757
4881
7626
4417
4754
6300
2881
8775
5101
7251
7660
2057
8198
5769
6092
8915
4358
9384
8773
8222
2532
8654
1057
1933
6752
4437
1693
947
2847
1793
4900
1699
8340
2226
6838
4207
9095
3929
8981
6258
4597
2182
2620
153
6836
5840
9213
7643
129
5518
501
8058
8984
8531
2013
1170
2207
3351
6160
8750
2448
4415
4564
8490
2865
3599
5495
818
6465
8534
6535
3193
4785
6103
9022
3367
5308
4232
2441
3290
3989
131
899
1213
6476
4314
4482
854
2668
663
5742
7416
1588
8001
3497
5609
8144
1739
7888
5438
2579
7399
2445
7939
211
4024
8693
311
2913
6485
3061
4339
2164
6889
2916
4603
5553
2455
2932
8509
2185
2170
4187
7015
6943
5867
5673
8469
4292
9388
8901
3608
7857
561
3160
514
9808
8302
4549
3405
9080
5595
1316
8507
9843
5429
5626
1704
4701
3006
4407
1708
7675
4004
8331
7725
1318
2559
4469
4146
9971
4164
5562
1298
5264
3575
6175
906
109
13
8483
7453
3764
3839
4923
6214
9222
7147
8155
4217
6740
2132
5822
5479
3415
6169
1523
8960
5836
1139
4404
2563
8591
3304
8851
3969
5379
8621
8516
2928
8300
2809
5841
6651
1545
4740
1518
9527
4545
9742
1242
2208
4569
5500
126
2529
623
8525
1973
2547
5110
8938
1704
7709
2174
7244
2309
7033
2543
2248
9739
7079
9266
4725
4933
2107
6780
8895
176
9218
424
2467
6395
4002
6752
5706
2458
6911
3016
2931
9623
5449
5063
4313
5686
9635
1282
8340
7123
4959
5655
6859
5706
8836
4227
4231
6642
5218
2448
9938
871
2700
2431
6606
9858
9012
7037
3411
9640
6036
277
6896
5916
200
9139
2819
49
3786
3680
9379
4144
8005
4383
7898
8483
7835
6194
7873
1772
6018
8170
7203
7460
5609
153
9235
8756
184
7494
5082
4249
7077
1020
8792
7752
2035
6351
5324
4846
293
3532
4526
498
1249
3804
4906
8922
8831
549
5815
2279
4688
1917
5685
8750
9676
2524
7750
2995
8707
6268
8227
3796
645
9072
8351
575
7518
7582
8120
7425
9529
3786
6409
2172
2181
4449
8141
3605
7205
4319
6271
4695
4384
6429
1757
247
601
6426
1322
6517
1850
3685
3106
5419
1689
7620
4952
5637
685
3861
2396
5118
9513
2878
9288
4979
598
6194
969
7973
8944
3283
523
8257
871
2031
8205
2228
9509
8649
4884
8077
3871
7428
2060
1219
5909
6558
8488
6527
4323
1943
2058
4072
2410
2732
2015
425
7065
260
3218
6673
7876
1431
3200
3591
3479
4966
6651
7560
1700
8283
4632
4895
4792
6062
3428
4399
4203
4032
851
8800
7014
2680
793
7939
9103
1080
6129
9140
5424
3291
1242
75
6567
1885
6786
6927
166
7671
2939
424
4393
1525
6058
3135
4935
4470
1198
9812
5346
6736
3517
9004
8825
4125
1242
7429
2861
2374
2803
5559
9425
3194
9911
1528
5274
9242
437
8380
8358
2805
5439
9256
8121
8811
2557
433
2610
1968
7614
9782
460
5216
346
327
192
4585
1539
4992
7560
5721
8697
2869
6094
7877
1164
9980
5523
3379
3164
3314
9084
8148
9981
2475
2647
4353
215
1482
5931
705
7737
3512
8301
9813
9181
7765
6623
6769
7607
504
6755
7767
9591
6517
2285
5872
1918
618
5382
5610
3901
3877
2301
5385
4856
9382
4648
4363
7754
7548
9544
6733
9666
5295
6938
1619
3259
730
2938
1064
4698
4787
4482
834
5760
4312
5265
2432
9359
5351
4759
2676
3226
6442
2795
3399
9749
3709
3567
2141
4427
9997
8188
5702
9550
2783
5415
5822
4120
2474
8869
1666
6336
3987
1627
7775
8777
8755
9181
8585
9237
6839
1592
372
1159
3811
2700
1683
8518
1523
5585
6571
365
3152
6106
2435
6719
4876
4391
3722
2440
4250
2308
4548
4510
4764
2127
5730
8982
2315
4759
2830
3428
477
4288
2176
2026
7798
5523
9328
1185
8141
7649
2761
7574
217
2360
2149
2795
9673
6895
3610
1438
1693
4859
9217
6327
1028
9220
4832
7339
322
8386
8499
4014
7230
6113
7643
3493
4806
5027
4946
8009
3039
1380
5274
4328
7724
9273
2050
789
2170
5218
5604
784
7831
5982
9614
4496
7005
1646
8395
7836
606
5378
3885
4889
5357
2063
8505
1870
7191
1858
5822
4659
2828
1502
803
4808
4798
6785
8221
66
4597
3461
4523
3072
2780
6610
9614
2635
8347
5296
3719
9676
3314
9930
607
808
2047
9583
765
630
5869
7842
2584
5698
2233
6162
3305
7418
7297
8995
9099
5893
4732
2571
7666
9171
5600
2297
5093
2526
7556
9295
7898
2848
5714
2896
1229
320
296
9044
7452
1556
9516
4393
6626
9290
3130
1652
5054
6705
6779
4853
3567
5666
6867
1849
511
5884
3655
5976
9528
4301
5674
1294
1399
2540
8131
8007
6876
611
2988
4307
9947
3691
553
4938
7778
3871
7122
4425
7463
5730
9871
8330
9966
7965
1696
7666
2020
9905
9670
5523
1691
5050
5729
8018
6914
9636
2967
4163
5039
5415
9518
9648
2668
9374
5014
4153
4588
4022
6998
7637
2280
146
6929
4374
6203
7339
597
7579
4102
8676
2640
6463
1472
2139
4079
5022
6670
7355
6756
2520
5499
3887
1379
7454
8228
9986
6377
4874
8499
4914
8074
9451
7957
5554
3813
3661
8074
6510
8854
6247
681
2826
1849
3134
8621
4931
4437
8183
6897
3031
4349
458
4675
2544
1230
530
9591
1467
6101
2752
7947
9479
305
5871
7474
3753
8480
8531
7616
7021
1513
2283
8337
9286
2981
4053
6902
278
9002
8736
6285
4266
8837
9661
6331
8173
932
3407
2697
3197
7998
4945
3641
6858
9344
3575
1203
6026
7044
6652
5328
9993
8159
6778
1842
8686
4504
9385
2110
9257
368
1118
535
2937
1859
4469
3288
1098
361
970
3262
9355
392
8304
3760
4509
2010
9028
2172
7896
8183
2476
3247
1688
3871
1945
9504
2484
4518
8956
9161
2127
9596
7061
1971
5335
1384
9878
8318
1179
2352
2438
9578
3642
6568
6193
3860
8902
7060
3965
960
9176
1724
4407
9056
2013
5563
7788
2590
1677
9508
7924
7500
9948
4258
1544
2405
2986
9897
7236
9695
5109
8558
775
7728
3774
7472
2104
5066
6217
370
6323
165
4654
2743
5297
3063
4988
7208
6054
6194
1597
9092
5555
4762
1845
4389
5947
8369
7716
6539
9331
7697
8331
5079
7587
7270
2987
3782
1897
3190
3384
9064
3773
6733
5357
6204
6894
6089
2170
7754
7883
5247
1928
3628
1790
3224
8796
4778
7523
6891
106
8560
5191
9400
4481
3343
8844
4734
3076
7389
6360
7082
1033
1817
124
6702
586
2639
194
1161
2617
1428
9424
1032
5521
4975
2330
2745
4023
3396
7956
3639
4080
2286
1444
2663
4987
4665
1510
1374
2687
5897
7113
6157
6767
5530
5143
8490
6874
7893
9874
2476
6768
4523
4921
7314
669
241
1498
3793
3546
6984
3777
3369
8521
9736
1631
5586
3486
2633
5590
5896
9838
2894
6352
1600
8463
7102
9008
9670
8526
1328
7328
4517
368
9970
473
6146
288
5862
3633
6837
6039
9258
1151
1924
8554
8403
2074
4334
5805
1877
2479
5089
8758
6768
7233
7705
2492
1579
5835
8646
5229
678
3201
6680
7855
6511
2437
5994
9150
9251
8613
9240
4756
3438
753
5950
9383
3985
9226
2782
4765
4783
4278
1325
6490
6116
9040
5947
3850
4706
2541
7918
2986
3594
6761
6170
3088
8483
8512
1311
7083
8074
4136
2990
5908
9287
6204
8617
4388
7095
1939
8647
5136
1771
1167
7824
9216
989
7458
9307
3789
7018
2297
6850
3880
1376
5581
5582
3991
5621
5103
3605
6570
7921
6608
9932
60
4474
9763
490
6597
2106
5082
620
588
3167
3388
8222
1050
8030
3401
4620
9482
693
7924
2374
5660
9276
9487
4041
9144
7111
6549
8416
96
4075
6080
9718
2815
314
3467
8166
5357
2669
6321
97
8212
1917
356
1067
2557
8749
3178
4355
2004
1592
8930
6493
7306
3571
4692
5038
8280
126
631
2979
8929
732
5324
7839
145
4796
5639
6159
3682
8436
8717
3915
2205
6153
2601
4971
925
2494
1801
67
5535
294
1190
7133
2661
9799
2193
8642
9322
45
4056
9668
6369
5144
5543
4747
438
7972
6492
4810
9846
5747
6611
861
8778
5177
9904
1521
3373
7155
2219
4336
6639
4788
276
4024
3699
5886
9176
3111
9203
9610
701
5654
5139
2980
3639
8574
2947
9221
8285
9675
3309
7758
837
2716
1167
8111
3212
9667
9523
4705
2162
735
4761
9462
9314
2404
3606
1019
9167
9124
7701
7878
4297
236
60
9426
575
2589
9306
2420
9039
4102
4893
2058
8185
11
3984
6927
5441
8803
3473
4205
2451
6867
96
2911
353
4579
7747
2114
5176
5162
470
4600
1985
9084
4992
2456
355
4492
6050
3797
6213
6942
9512
9609
9361
7854
4145
254
4181
6039
6476
5306
5619
1793
792
2052
7703
3770
2558
6983
8889
1055
8730
7090
7976
3688
5875
5481
2935
7614
4652
1340
4068
2633
6691
1185
6483
5402
1959
4256
7993
4049
9447
3692
6804
8284
8598
6121
2888
5821
7850
6846
148
6199
5443
633
7011
8421
8041
7577
9503
6791
9054
8780
4512
4522
4578
2421
2849
6466
5141
2537
8964
2982
5128
663
2396
8648
5469
8610
6023
2368
9756
2844
9647
2405
5335
6928
630
4695
8805
4044
1695
5195
587
2889
3516
5972
5513
7177
4001
5531
2176
1356
3559
9434
81
4655
8109
6202
1457
4626
5305
1751
2488
6483
9340
6845
9753
5116
7012
5554
7852
8182
1291
2192
3207
7113
1020
8492
9435
8705
4710
9368
9419
5502
4201
5825
3639
6904
3053
3142
6262
9837
6561
4214
1682
2201
529
5028
9709
9905
7154
5354
2082
8812
2215
7559
8838
9582
869
3863
5326
5474
3603
7837
8490
3251
907
4015
8446
5399
8638
3934
8417
3897
7140
5665
3854
2097
2369
8461
7544
4162
6499
7299
6363
7248
5591
3222
3837
44
715
4231
484
6558
1966
1103
5649
3870
8372
4040
8889
270
7126
1592
9077
6392
7286
7611
9199
8191
5344
589
413
1316
3723
8769
9690
5432
6159
9456
2991
361
6417
5393
6897
2635
986
3329
7684
7604
8390
2368
5726
7475
5959
4872
8854
2686
3962
7546
8746
503
2465
3639
8624
3979
8751
8967
4549
4455
2819
4010
4513
8375
7356
4265
43
3836
4123
9144
6264
4808
6901
810
5759
2025
9847
3761
3848
3233
7572
1600
7555
3598
1786
3871
3222
5210
1443
843
8846
6001
7703
1239
805
3594
1647
8723
1940
501
7108
7527
6096
4735
1798
8604
6897
581
1465
5079
2832
2770
4905
6147
1326
8006
9342
2202
2881
3174
3162
9791
3065
9722
8432
7803
2113
7192
1455
8931
4066
9722
7403
8466
5073
5229
6285
2440
4616
7929
3424
831
9169
6648
7548
4245
3647
2821
705
7819
3703
3027
5497
6633
7036
5287
8080
5547
7577
35
6319
3612
1686
7743
7891
1502
9165
2198
9357
6835
4615
6602
8050
8556
2944
8789
5715
2795
7593
2350
263
822
9260
4084
9843
5611
5689
4010
3740
9178
6591
9759
1988
8884
1703
7081
2608
9870
1194
8109
8186
690
659
6733
3826
9842
1471
1374
6591
5609
7841
7461
7220
1376
5298
6798
5213
5722
9030
9753
5496
3021
6633
3041
3745
1086
9208
442
9414
4647
4348
2967
5865
9719
8480
4453
2356
9894
5428
3463
8102
9763
3611
9230
6619
3549
5647
5141
9611
9770
2725
9271
8585
6087
5034
9613
4299
9341
3900
3960
8473
2732
9445
6199
7278
7655
4994
1478
7532
795
7011
9443
7196
9757
2123
5518
6274
3647
70
6908
4095
4047
3978
2904
5969
4461
6278
1607
629
3190
2520
9926
1197
6594
2491
9138
1404
742
7101
9588
6029
9478
190
8311
1780
2251
2756
9719
8588
1485
8732
7672
8656
6685
7083
2832
2213
5650
9602
6274
7284
6174
3840
600
5942
1499
5153
8412
9864
6280
3092
5347
1901
9258
4635
4535
1651
4017
3739
687
9229
1672
2259
7117
4416
4744
3306
9779
6010
9306
7649
5107
3228
3671
6023
9762
520
9102
811
3704
7301
5536
124
1607
8847
5260
1853
4342
2124
6818
1172
6713
2585
2310
9361
4558
7651
4564
4108
2822
8594
9914
2599
6334
5008
7510
2899
3577
6055
6620
2718
9820
9896
9764
8633
1957
4695
7999
8648
9945
1380
100
9763
5145
4885
7355
1802
3200
7310
852
8693
5883
7987
7733
8889
8150
2660
1311
8134
8127
8471
1564
5965
6073
2068
7751
4831
7360
6393
7079
8081
8243
5790
601
9548
5123
2339
2729
4224
742
9061
4446
5833
2616
3711
2527
6105
5584
1933
710
7381
986
7804
5567
4140
3510
6718
6604
4610
6684
8969
4121
7995
8409
8143
8839
7026
9723
3304
4359
6873
3446
3659
4340
9083
4448
8284
2845
3885
2559
1951
2430
8196
2973
6906
9307
2624
7557
5545
2184
9989
4013
1355
2024
5978
3951
2906
5216
8634
150
4520
4406
5736
5473
3604
3803
8976
7959
3644
2675
3465
7464
1901
253
9942
7596
2438
179
6572
5114
4666
64
2637
7015
7123
4408
946
7305
6148
8537
6744
6758
9607
8620
4770
1822
3302
8872
3196
9890
3541
2707
6511
1343
459
5110
2288
6219
7266
8220
5540
3179
3956
6134
6974
3982
8437
4222
2232
7018
8160
502
960
8353
7050
2701
5545
991
3858
1053
1027
8771
3562
6276
8037
5944
1535
3020
5447
5374
3139
8569
3612
4730
9932
6799
476
6519
8566
8750
5167
295
6835
2475
1685
1146
5027
716
2627
1241
1390
5119
2953
6896
4286
8007
2942
6150
2746
8101
76
746
301
9343
6297
8043
5878
703
8154
7124
2072
8379
524
8947
4817
6604
1821
5045
7495
8077
3540
4832
7134
4626
65
4443
3159
9042
9215
8622
1043
9763
3270
5058
9269
3345
1981
1380
1989
1802
3165
5259
992
9
3281
5299
6461
5436
5322
8662
7114
5493
4590
1255
8485
2650
2272
5706
296
9561
427
5763
3883
2283
8919
2761
5773
8019
31
151
8173
3972
1721
8303
5858
8684
660
5147
1275
481
7408
9890
5905
3959
1287
2099
3608
2011
1722
2880
2068
3150
8406
4138
1209
3969
8629
8501
9754
3578
9104
408
2275
5201
6834
996
4466
8457
296
3374
2704
1150
9061
4251
5326
4375
3538
1255
6026
4360
5970
8434
7809
6856
612
5383
3790
5049
3362
6969
5761
3145
2934
6701
3787
4132
6364
3295
213
532
1458
5682
2320
5222
5739
6119
5031
6314
7460
2296
7376
6055
8126
2210
3346
3880
4170
8861
3313
695
8466
1130
8212
2965
788
7064
152
5379
8954
1426
8989
5231
1812
8504
430
9823
2280
3113
1166
5059
1839
6474
8254
4650
4976
1701
363
8324
7306
8705
7076
879
4715
1706
8073
9905
7278
2381
6798
9888
5217
8179
111
305
2644
4103
1151
5675
6605
7957
8633
8743
9449
1664
55
7719
3037
7056
8944
8112
971
4359
2539
2661
6495
6111
3570
4561
8745
1122
6115
4896
2213
9092
8640
6699
566
5601
1062
9167
4081
9871
4778
4697
309
175
7615
8512
6105
5606
7829
766
5278
8210
139
2012
2371
6748
437
8954
9800
7497
7448
6360
2362
2475
9026
1619
4972
2730
5159
