2828
6678
3183
266
8001
2248
7619
5739
1909
9055
4183
723
2251
4563
3861
8590
9397
8253
7505
9999
2934
155
3065
819
2486
1379
7528
6182
5058
2645
8665
1039
8333
9577
8322
5110
183
1031
3844
502
1335
69
2749
1166
9624
8635
1832
833
4846
8594
866
1261
4660
4939
8394
3369
9572
1261
1540
9415
4450
7366
3049
5097
9077
2930
1167
6736
8450
7977
9073
2191
7414
1123
7275
9390
4672
4903
5508
2474
4234
3185
103
8426
1858
9921
8704
7629
6889
7600
5424
6287
6599
9390
9101
3130
3848
8567
3033
4745
6519
5508
5357
6328
5190
5965
4915
5863
4119
7820
1453
2894
6666
8301
5316
4458
2452
4161
3312
4404
3400
6386
8273
7651
9972
1569
1416
3784
107
2475
854
7304
5914
9562
6846
1318
5673
9671
5657
3054
8689
2398
4279
863
6804
2442
3084
3712
9213
8655
5935
3987
6101
534
8666
7862
1279
7235
3246
2166
241
4930
903
7646
8303
9408
9496
1598
438
2582
2866
9063
8689
4064
22
2802
8524
3004
6421
5232
1971
7934
3311
364
6069
8912
1088
1101
379
7687
6420
9656
5327
4449
9555
7858
6746
7178
3053
7410
4638
813
6498
1269
7549
2759
1646
3371
4036
5800
3728
6927
3160
2995
3110
1333
3723
2853
6743
6859
5947
1186
4300
3314
664
7515
9484
6198
2831
9899
6882
1528
2615
7873
8797
877
279
5928
8500
5503
9603
3841
2116
3393
3009
3298
3191
7152
8652
1032
7891
5349
2388
808
3132
8472
7872
6468
1959
6286
1650
4905
1580
834
6517
5556
3606
7346
3541
7636
1547
9936
4810
43
8771
8265
643
1039
7446
1459
2299
3725
231
1951
9259
8397
1143
1613
9708
9648
6343
7135
2790
8550
910
9318
330
6892
8162
201
2521
2818
5255
8916
8447
1899
1281
3740
7648
8957
6520
7200
7101
4361
5975
4412
1122
6437
6033
2919
9551
7940
9457
444
9985
2087
3180
518
6813
4716
9317
6133
6584
4933
8908
3853
2534
884
5076
9213
7565
3250
1583
2941
5653
4223
6857
9088
734
611
1854
3689
9150
4259
2025
5098
2309
2607
106
7736
9007
409
3314
1595
8086
1584
8222
7969
7410
8426
4398
6273
8654
2592
5697
6893
8215
2563
9711
752
5491
9340
6290
7895
1036
3345
8626
6221
6744
1956
652
6399
886
3797
814
9054
3735
8024
5441
4914
3223
4849
2164
7275
8118
3340
929
9555
4840
7161
1870
4272
725
6708
8146
5909
4605
723
7569
2376
396
6376
8710
8782
4598
1462
3580
9427
6287
4961
4330
4950
6121
286
649
2032
3259
8953
9411
9493
8411
3942
8313
9859
5448
6959
2528
8711
2278
7371
7786
2736
5974
4816
5757
4539
5761
5136
3842
4653
6898
4254
9996
7103
8957
3972
8354
7267
5840
1005
1099
4070
1492
8797
6741
2766
7648
9680
8946
8866
6746
6400
6592
2392
1514
800
2755
3449
910
389
6130
8337
4420
8101
2666
2659
2231
4695
4051
7833
680
9946
5469
2505
5976
8594
9942
7620
3792
3724
747
6440
1822
5427
9064
4933
3228
7547
1630
8700
2974
7307
1792
8162
4152
3272
9002
2613
5898
4092
6063
5158
1113
1925
8973
8356
59
2377
543
7209
9774
4647
9359
8174
725
7194
7334
3162
7200
3831
4225
9559
6087
3205
6929
3797
964
8844
7488
232
8586
2037
8731
2045
1365
8194
2784
7018
5311
6471
7653
9427
6060
2645
5154
5112
7155
600
3261
6139
7978
5910
3408
928
6797
39
3001
5630
7402
8164
2174
2178
1452
2185
4234
8354
4049
5028
6425
895
2970
6127
5884
6899
6992
1306
5129
5370
8269
8081
210
8958
9406
6429
848
8762
819
3862
2620
8048
6863
2422
2265
1766
7555
8649
6882
5738
5394
8000
9676
6887
3840
3653
5319
8432
6044
6857
1670
8073
7735
585
4552
596
7071
3168
4227
7657
6205
8149
2605
7199
120
4804
4774
6455
9523
6491
3701
6905
170
2427
493
2358
6596
6862
2107
427
8069
1879
5311
1479
7987
1845
4389
7348
2051
3810
191
4433
3936
6344
465
592
8663
7203
3704
4779
2737
3346
1271
6642
2606
3446
5792
1663
7002
3997
4460
9179
207
1272
583
5113
1623
4584
3531
4192
1676
2328
375
4822
335
8276
4363
4823
4113
7511
7027
5477
3153
1202
1437
1962
5106
4984
9881
5752
5399
6150
2109
2194
7886
3632
3026
6899
231
615
7166
3628
7136
9622
1279
4140
1502
2268
5696
3255
4442
4868
187
2553
4293
9327
6907
5764
8361
4820
477
5844
8878
9933
5635
2276
7734
7715
7412
4298
2230
2052
8323
6109
7969
1184
59
3079
7682
4644
9748
3717
3558
8333
6324
1723
5235
9230
4917
4212
2105
4893
7774
5719
1604
7511
9249
9702
1931
4996
3601
5040
9224
885
5070
9686
820
3610
4159
187
590
7632
1530
2500
9592
6087
6803
1711
5999
4290
3486
4928
7253
5832
162
1734
2652
1479
4397
9852
6769
2040
7262
8219
2178
9661
1219
444
3197
8135
383
2044
8919
9381
9831
137
1830
1830
2106
4233
4748
6015
1963
5113
8560
6713
5692
6851
9290
2641
457
4473
5355
1667
8094
7677
5159
6881
2357
5667
5952
2076
3344
1198
5728
4006
6447
2663
2819
7118
6559
6253
6990
506
8880
2518
6096
7283
3024
8755
2115
4266
8969
2865
9935
8392
2100
9404
3628
6340
3497
622
4545
3645
3349
4501
6030
5639
9845
2771
6418
8067
6245
2559
3882
7766
448
6200
743
9067
6243
218
3178
8549
4962
345
239
8205
5014
8522
2740
1050
3938
8898
788
9262
1905
6373
4372
9804
2383
3744
9144
8
3456
9795
4291
4055
1648
6486
1354
9750
9143
9900
1252
2134
9912
7573
5104
2612
7879
9341
3155
9351
1046
1890
7021
4243
1946
8003
1542
7850
6414
9635
9338
2738
9748
4461
7854
2498
3619
4850
6749
1973
6098
4461
2788
3841
175
6216
1879
1490
9324
1351
3214
1952
4758
8194
1583
1391
9444
2417
2473
6948
5721
5519
4090
1013
1061
481
846
377
814
8272
9364
1775
631
162
8383
1579
5978
70
9094
1147
4455
1118
6600
8455
9257
263
6848
7559
4337
7252
4896
319
6770
7641
7645
2933
4968
9923
8455
4690
9861
3653
4819
6839
4217
3197
2919
391
8590
4277
1522
4018
5982
2693
5685
7523
897
6501
2194
3519
7190
5152
959
4909
8125
4453
3095
9925
7407
7751
9054
7089
2907
3044
2878
5328
6319
4803
6755
9817
6414
7286
1199
7101
67
8511
3882
9221
467
5087
2122
2746
824
5642
2555
2948
3216
4022
8252
7322
7776
673
5686
6264
4310
3410
2697
9135
8410
7928
1524
6854
4544
1872
833
3774
8060
6242
4619
2899
8066
3370
2141
8110
3082
6388
296
7303
6653
5040
5632
4776
8094
2726
8739
8653
6391
6387
8520
4872
63
5025
4160
6465
1477
4292
3179
3674
4844
5857
2971
9008
8787
1561
9789
3693
8096
1347
1737
3419
5928
5016
4854
3619
6061
4136
3946
7651
1381
4330
4126
1166
3619
1872
2011
9454
2948
5209
2803
292
232
4672
2030
96
4538
7537
4383
4652
8814
8300
1490
5058
4647
2194
1044
7583
2066
3148
8863
4671
8642
6364
1505
7351
3608
2651
5224
9777
1967
5233
6508
1218
3458
8018
7464
2104
1259
4182
5415
7615
3432
6097
455
6626
9372
5473
9165
2479
5615
5719
4677
595
7267
9900
1795
213
8420
1860
8347
975
5163
5744
1689
9878
3296
7757
9518
6715
3225
3114
7912
2761
3091
5768
717
8479
3547
2650
6244
8168
1130
1003
1904
5429
315
1086
6809
381
362
9377
4729
8395
4267
7995
6880
613
1396
3028
500
1181
7208
9332
8344
9152
3473
3091
376
4091
9497
5712
3182
4078
453
4589
6133
2809
8879
856
2952
2179
9726
2228
6485
6073
4964
5717
8451
9971
4900
9531
3229
4738
4670
9398
8298
5382
1320
9752
9450
348
1146
2696
1616
2549
2966
8466
103
1073
6979
6251
178
4058
6437
4227
2675
3870
1706
5075
5047
2147
2147
3878
8749
607
9341
4196
3297
8080
1195
7593
4090
629
7522
5653
7788
5600
8640
7788
7850
3539
6282
4525
5116
5207
161
2192
7640
1148
3536
2713
9808
1595
3189
2825
4056
119
6361
8883
7507
2897
6222
7932
4425
2651
5220
3292
8647
4116
2472
8161
9779
8162
7065
7234
4762
30
6248
977
3895
5177
1420
3722
7746
3421
7998
2984
4500
5134
6808
1991
3698
2527
8261
3028
733
7473
8005
7152
5893
8693
9024
3235
6837
6403
4404
2382
5279
7859
8237
9673
1541
3369
911
9722
7265
3662
291
4599
9842
3401
3900
8899
9924
2620
7461
5316
7834
5018
1721
2326
2250
5607
3886
936
7637
5128
8030
2099
4897
8778
8084
7435
2229
5774
3888
4974
7649
7346
2695
266
9592
2330
8122
3644
7803
2973
5712
9746
5091
9821
4451
9953
3802
4318
1588
2018
7382
9479
940
3912
3795
5494
257
2381
6940
3182
4545
9770
8934
9132
4013
8661
8345
1128
6725
4149
6700
4726
8668
4817
60
4219
4824
4262
5624
2109
6664
3479
4204
9716
722
9167
9032
6861
8824
6450
8317
3580
2566
5633
9635
8225
411
8620
8506
4036
3218
5794
2091
5531
9900
6597
4089
4490
9211
9496
3354
3785
1421
9706
8252
3617
7059
1532
7286
4736
5021
4286
4924
9757
8933
9560
382
1141
3284
116
1262
8292
6516
1113
8188
4511
5252
1569
2511
5373
3297
7868
8050
5798
8487
494
2777
9092
9124
3604
863
9670
389
7956
9246
9860
3360
6418
9049
5228
6589
5583
2233
5083
4673
6059
3683
4119
4056
1515
4082
6585
6318
2806
646
8136
75
9385
7032
7056
905
1691
1528
7218
3091
6762
6662
2613
5195
4980
3690
9098
4376
8962
4432
7917
3803
7823
4579
1911
5004
1686
6773
1376
1430
7689
5224
8882
3899
4270
6572
2633
197
1412
4902
9559
2635
6403
4521
2788
9724
3873
4259
2050
6027
6977
5894
8462
6054
2854
9202
7331
1589
3030
6460
728
8748
2713
9997
9242
9469
5745
906
148
7293
3363
779
4922
6833
4179
2186
8758
3333
8462
4713
3929
8984
9073
976
5331
2776
87
8402
7470
5029
1103
2908
9589
4517
9948
1577
8402
9140
3141
7605
4804
9093
6893
7676
7711
2569
8142
3885
3694
2202
4942
6736
5859
949
1348
9969
3983
4962
9779
2665
669
3938
1861
408
7801
3892
5571
1664
8175
483
9120
7409
9917
9392
6518
6125
218
2455
392
9015
2624
6337
8070
5724
9652
4165
4559
6974
8631
9723
6737
6041
4500
8767
1564
4900
4026
1614
1252
1494
2756
721
181
3907
708
7171
1169
5121
3150
4480
8917
1467
5968
8875
9754
7329
4320
4572
3543
554
1613
501
9971
9815
647
6640
9656
7509
699
3591
9059
4111
967
4223
1272
3390
9308
8481
547
4750
3152
118
5337
62
5027
9807
333
5443
442
4943
6926
889
8423
5077
4029
8408
4170
9209
5885
6318
9280
4610
1859
8047
8330
3970
3485
5638
8905
8095
3359
71
84
1919
6728
1779
5964
2255
5315
4390
8935
4640
9209
2416
7496
8143
1364
3246
8848
1711
3231
2804
1950
4132
3609
8010
4210
4191
5848
6640
6399
6513
1850
9295
6830
4958
2406
1374
2095
2352
7505
6205
9435
9717
8669
258
4709
22
9068
7934
7726
5044
6706
9338
888
7393
7016
2387
6082
8841
2093
6831
6083
4971
5383
3356
8738
1415
6551
2980
9137
4262
9179
8350
3081
1521
6556
6611
3585
783
4760
9499
2440
8238
2554
6629
4946
9053
6501
7632
752
3027
9632
7624
6295
6752
3147
2464
7475
6319
8623
9032
6997
676
5876
4875
4919
3752
6844
1048
2912
4957
6028
7419
6930
9344
3451
2232
8369
4043
6643
8771
814
3923
9045
8862
8050
4613
7673
2176
7222
7224
5027
7407
7231
6703
8608
9786
6231
2622
4431
6181
2774
9077
5373
7777
7232
1182
3977
1959
9735
6367
6055
3025
9009
9213
6592
8342
1221
1805
3830
2800
2575
1544
6677
604
7987
2746
1204
7373
958
5463
7547
3468
6232
635
7759
1553
7285
2940
2089
4807
3770
9695
4853
2255
525
3139
1829
1187
9878
2862
8629
9380
1490
6866
4298
6659
6374
9963
2420
9465
3808
551
3203
8292
2120
2563
6373
9806
8246
2846
6397
907
670
8605
1199
2287
486
5627
1896
9529
3416
681
1099
9360
3586
3385
1382
4809
1963
115
6963
5874
7168
915
1306
9502
3501
6560
6532
8525
8407
5881
266
7591
2885
3389
6860
6
4799
2519
909
3933
5071
4325
2972
7304
789
9460
1230
3009
6902
4361
1974
8236
3236
8414
8310
4592
1688
6279
3199
371
1900
8912
901
9296
4837
8341
5598
152
9022
5373
1433
8642
8816
9460
251
1888
4141
7380
8948
8320
9740
5615
784
7867
6702
2748
5738
8654
655
3131
5707
5138
9080
5334
3360
2874
1025
4407
2217
9880
4101
1424
4702
7757
5646
2219
8428
8876
382
7678
8477
905
9631
3370
7542
7955
7379
8849
2026
2346
9589
1009
683
7119
2864
9969
512
392
8830
7223
3634
7500
1080
1220
9409
3345
829
8413
8580
143
926
1079
8094
5488
1430
5741
7227
3415
3254
145
6409
139
3118
3629
3124
1182
7688
8869
6970
9230
7951
3163
717
1799
925
6557
3575
7314
9601
2639
3335
5039
2479
4257
7417
1962
5746
6798
4772
7789
5245
8448
3421
3906
2527
786
137
9395
9012
5732
9904
9536
7240
629
7309
2716
470
9600
9698
501
3135
3557
1144
8606
6423
5138
9252
6970
841
8286
517
2391
5338
6883
4025
5861
4507
7237
6479
18
3560
3235
3848
6275
8173
5849
2983
4497
7272
543
8407
237
7290
818
428
2273
6183
1181
97
5589
302
2180
2880
6027
770
4972
6417
3320
2790
3194
1002
6095
103
6503
5076
1467
2067
4861
270
4776
9511
9168
9851
9599
2582
8299
5542
3980
7958
6134
6566
3982
8085
3842
7372
1675
5241
5825
3465
3485
9076
8389
3949
8301
2870
4067
3626
2778
2172
6210
903
1430
7623
2230
1008
7838
6120
8980
8155
1844
247
8962
3045
9450
9346
7085
8347
3612
2642
4533
2517
9387
6026
7753
8812
8210
905
7450
4892
4071
3983
9983
9365
79
8283
8389
3323
2622
2867
8705
6798
4427
2269
4883
7156
8748
394
8904
7921
8802
9587
1500
3737
7587
7659
2426
4092
5808
5460
8243
6160
6883
7709
4710
5453
8408
937
737
8145
6852
1579
1717
884
902
4845
3999
1045
7320
4432
5976
9523
9665
3150
1451
7977
3275
1819
2510
3265
4861
7114
1903
825
1172
3564
9788
498
8307
8563
7807
725
1187
8308
1428
5728
1592
971
2969
7646
9635
1960
4609
6709
1933
6472
6420
6953
1847
8287
7719
2894
4155
6208
3
9434
3342
8271
2133
2601
8612
2749
8529
5546
1024
931
5668
1911
1799
3451
9685
7362
1376
2375
5158
4858
8602
6996
8205
6477
6922
2473
729
711
3071
9482
9204
8425
6228
7082
1860
9173
6481
4893
1213
2102
942
299
7159
6588
9910
7760
1943
660
5315
2928
8956
5431
5196
8792
3721
4697
2968
8544
5850
8193
4797
9084
6900
7433
26
1618
3278
251
6653
4405
9046
1051
1026
7008
4833
1028
424
1839
995
1098
9169
8887
6055
9327
1127
7510
5355
1761
4358
2581
1068
6752
7513
5082
7129
8893
5172
9561
9366
1006
6651
8459
2448
2719
3230
6551
8616
914
5859
3004
4381
7767
6190
2001
6426
7527
9662
4963
8826
2473
1863
2478
9203
7607
4167
3047
1382
6219
2519
1942
625
8675
2577
6977
5247
3141
8809
1026
8558
2059
2745
8139
1066
5599
4092
7456
9274
2594
3175
5395
487
373
991
4222
5141
7851
2923
7848
7919
6966
7351
8746
5651
5854
4481
1867
279
5280
3076
7480
1223
8755
9087
3711
8557
6854
4018
9962
3915
8277
516
5018
5799
1418
1283
6665
3924
8431
2553
3457
9513
7282
7863
9291
7024
8338
8689
559
1773
9558
8405
9962
2184
8605
7801
8254
9498
2224
9585
6563
2416
2803
5082
4059
895
7882
2166
4707
468
3864
3908
8966
2518
1475
4779
924
6091
6500
9699
6607
5139
4010
5504
8222
229
2573
6204
6298
4021
9600
5167
3165
9342
2977
669
5851
3537
1050
7885
4353
9194
1033
1058
4266
6140
1789
7320
8961
361
9447
2684
4480
7199
368
8456
7543
7810
3401
538
9496
6978
9628
2367
1326
7721
9266
2353
3838
1651
7903
7099
6310
5274
7015
5541
7347
5726
4244
3009
4830
2621
7311
9216
3302
2180
9515
9809
4137
4962
1122
8311
9195
2693
2567
9366
2521
6708
2507
1642
88
3944
1867
8037
2407
4856
3286
1363
4899
5439
2108
8298
3688
9836
8897
8995
8421
2486
2049
4832
5336
9466
5886
6617
8777
8243
4773
8471
5251
6292
9839
2060
908
1877
1219
77
422
5143
5305
3102
9134
6726
8825
8568
6594
7418
6641
5753
992
778
3749
4056
5465
7774
705
1091
276
734
7306
3831
6111
1117
8739
5355
7616
9948
1676
6298
5513
8860
2132
43
4266
5204
7887
6238
4865
1514
9762
6454
9036
4114
2379
2285
31
289
5150
7081
7121
6636
5914
7353
49
4866
7323
27
1574
1922
3800
8926
7219
459
5068
2734
3657
654
8386
8129
5463
7490
2713
2781
2861
5764
2231
6708
6542
9304
8986
5102
3044
2400
4217
6545
2701
7416
6522
2239
7219
9964
4605
3869
4009
7527
3493
27
5825
8265
9398
4708
6554
1955
7353
7812
5607
834
5405
4305
3643
4934
1208
7687
9680
6190
4492
6100
2856
5378
3124
5405
4762
7821
5853
9915
1646
8533
802
6662
7460
4599
5455
6700
573
996
2311
1325
9101
7810
3537
6470
5929
5472
2669
2281
8587
7387
837
3157
5236
4342
4558
9447
7233
7865
4670
7133
6262
360
8359
2275
710
8606
1793
4524
6645
55
4182
7470
6597
2151
5447
6586
2620
330
5180
934
8423
1657
8057
9961
1527
3686
6428
6035
1786
7588
5442
7110
9493
8405
9545
3781
8429
6401
4336
504
8501
4608
8619
9433
8113
7429
8755
3038
4617
2808
9482
1587
1833
1918
3868
1139
7125
4038
9089
6195
762
6434
8495
635
8320
1184
8172
9058
27
2853
273
3909
7281
6149
554
3635
2662
545
2953
2360
2578
45
6043
9796
3972
6876
6818
136
849
1771
6034
252
661
5608
6535
863
617
8317
1587
3996
8949
6124
790
4294
6317
5304
6198
5392
9431
8941
9150
7004
6221
8206
2146
9213
9790
2505
240
8506
2959
4377
4018
146
1806
9160
4224
7447
823
4783
5443
4633
3455
4427
5220
4848
2430
9326
1347
5172
4090
3663
3972
1340
2878
6734
5331
8050
4713
5816
6504
9776
9779
1940
8646
5017
7690
5352
1741
7222
9547
9627
6671
4283
9965
9383
5456
6869
7447
8602
9702
4435
7569
3594
4736
4190
1607
3250
4067
6055
4218
3326
5423
9803
7569
8543
7233
5525
9598
7403
7954
6672
1419
6212
956
9527
6066
6051
6492
1420
2716
2001
7490
7473
7393
5538
7830
8630
2238
9278
4774
7599
3973
7229
5786
9953
7598
847
7944
3194
9963
8293
2178
4602
8762
3407
3821
257
4195
4291
7117
9399
7361
5830
9869
3778
7710
6299
4714
87
774
390
5135
1504
7102
2747
4555
6646
8573
7287
8910
379
1960
1178
1763
9287
2556
8320
7159
3038
6052
9371
376
1626
4939
9871
9160
4649
3755
8841
2081
5493
9732
7997
2002
6972
6488
5754
152
1133
5683
1868
3752
8910
1464
1150
7448
7724
9238
9834
4781
8655
5673
7551
3359
873
7613
6894
7577
1148
1374
5041
5981
597
8490
7319
8292
41
3384
7120
5283
5530
8066
3986
4249
3814
8766
9094
1845
1116
8427
1122
4356
7451
9718
3748
5704
3897
4139
7495
4484
4525
4617
6981
6467
1978
7630
8074
7177
5065
3762
2864
1970
7314
2768
1900
8470
3958
7391
8517
2862
8811
2847
4716
2016
6133
1950
7692
1189
4606
2538
3008
7196
706
9345
3083
4440
57
9764
8504
6212
6849
26
9950
9767
8312
3473
8719
4418
483
6175
8254
4839
4958
2822
9259
1459
8721
1030
1357
748
1691
349
9131
1862
7245
3833
4534
1582
3973
574
1190
1466
2277
4115
7087
6184
2032
1255
3663
3474
385
9393
1799
4755
4296
8373
7060
8564
9922
3698
2986
3983
3748
4984
3996
4229
5283
7399
8442
4523
4755
4594
8679
1582
6233
9619
8453
295
7375
5528
7856
3946
6005
9211
8724
3192
7278
2367
7787
357
4398
7494
2391
5748
5341
719
1544
5902
4792
493
9403
4657
4005
7539
768
5493
1617
7164
2310
3146
7977
7943
8917
9133
9665
767
2855
7785
6899
7496
3908
6922
9399
3333
8392
8526
4075
3079
3795
484
8592
6464
6030
4086
1826
5270
4437
3714
1761
451
4549
5811
6992
952
8194
5248
1514
4178
7957
8730
2156
3493
4162
7545
7890
4228
4690
2576
8610
3507
4913
6156
3183
9252
2245
860
8363
9181
841
8698
6125
2987
6054
8840
1162
8512
7053
4918
7107
807
3811
6656
4155
7224
9593
7075
4916
3607
9767
2832
5925
1431
1333
4489
9289
2876
8950
8457
1894
1054
7665
656
9209
2762
2301
9356
9371
3202
9192
3251
6306
8468
9796
8077
1559
2088
1263
9374
4575
3554
5229
6257
3176
2024
5572
6640
3810
9566
5044
6447
1479
7037
6769
6905
3688
7490
6894
5891
8726
6434
2968
1244
8266
9947
7932
7814
2321
6758
8758
7198
9304
9001
9927
8662
7855
537
1505
245
9597
2252
6115
804
8849
6492
8956
4921
3120
632
5325
5472
5135
1428
6224
9989
6926
3985
5311
7103
1119
3112
5794
1046
8819
3599
7113
1989
656
6798
9682
7339
288
8667
3303
939
8520
929
5927
6211
4403
9743
95
9257
8571
1981
5589
8577
6116
7818
449
3132
3077
4449
2968
9867
4067
9785
4679
225
412
6283
4232
3110
253
8735
1716
8951
1601
8735
165
1067
6982
5597
7815
7713
3901
8592
1931
2805
5278
5002
9974
7233
3174
5717
5836
8144
3678
523
2885
254
9865
2293
7802
1899
7849
8155
3615
2094
1599
5402
3900
9670
8157
9172
1321
4476
5338
1202
2981
6628
4689
5620
4771
2483
9254
2024
4610
1882
4471
4297
3416
9456
2554
1999
8202
4030
3657
5284
4666
8387
8390
2263
5998
1368
1612
233
3769
5982
229
4005
360
5363
3186
2589
1739
9956
3418
6575
4717
1100
4337
4486
4162
2011
5124
2653
9437
6370
6607
4206
3211
8970
6891
2601
9695
2068
167
4720
443
6123
930
4863
1879
5286
9027
2361
2434
2761
3365
541
738
6763
3906
4824
7913
5603
8058
3428
806
7243
640
8397
9893
1847
2129
4388
149
2511
802
9133
787
5863
2374
9619
136
383
5033
4300
28
359
5771
8583
5797
3147
8684
49
2304
1164
7232
3894
3082
3310
6416
5989
2060
6014
9021
5933
9169
3836
2145
3859
5318
4230
3252
5606
9085
3749
6040
9993
6669
7008
7857
79
6089
9230
9044
2646
5563
5034
2955
9897
2765
4447
5443
9273
1364
6034
6658
3559
4250
3087
584
7016
6534
6028
3713
8986
1370
5178
499
7590
6585
6169
859
7771
1811
3771
5278
3018
1630
7809
9007
5121
5299
5057
7372
399
6002
1593
8245
6662
306
4126
5194
6286
1881
3629
1264
9653
117
1522
7232
6885
7701
2423
1819
2110
1462
340
3198
1155
9182
8181
4574
5585
831
9865
5249
6712
3448
2902
7433
8574
302
9418
3997
5993
8002
6557
7781
3483
1471
8914
9026
507
5347
412
1751
9373
8776
7677
3048
9027
9213
1706
782
5244
6229
9658
8389
2299
5260
2029
1122
7508
4818
74
915
8399
7045
432
1893
5790
8783
4782
4092
2075
5433
6718
355
2779
5850
3787
8832
1775
7473
1044
5395
2633
6939
697
5099
107
9409
2786
5957
7770
6033
6623
8530
9282
2503
1002
707
388
2119
921
8020
5995
5114
9567
8866
8316
2563
4530
7434
3146
2621
7351
8720
2377
7795
4073
9384
5675
2107
6537
5877
4711
656
5344
9772
7879
1562
367
564
1600
4012
1895
2636
2333
7514
9845
3112
8036
293
2053
1802
7146
8421
9495
1209
466
3682
8607
2897
8752
4462
1158
7830
9116
8210
2623
1766
3810
9700
3700
3483
8231
6898
3422
4553
9814
7597
6162
2938
8056
1925
7033
2851
5697
1533
2793
9427
3319
9147
1119
4520
3806
8494
6734
429
7103
9084
5808
7668
8231
2855
2619
2636
9675
4892
9855
6031
122
2904
8524
7243
506
2646
3457
1099
1572
4409
5311
321
5324
6099
1996
3442
7481
6224
6291
3470
8515
2530
6568
5242
2106
3481
4601
5276
4802
1855
9776
6338
4908
8269
2406
8096
1953
9598
7090
4180
983
4606
9358
904
2886
3982
7194
5267
8596
7303
7866
4044
9052
9016
1674
5196
2350
7005
2690
8462
272
2030
677
9206
593
4466
1555
5052
4686
5150
6607
3156
8734
8255
1354
2714
8696
7215
3774
4319
8740
8646
1479
5275
9023
6993
8187
30
8616
4872
9355
2119
8919
6846
9985
5247
3853
7178
9193
1251
9335
7149
6525
2941
3980
3727
8648
2638
6166
7819
1868
874
4461
5443
2030
7183
8655
5905
5935
3331
780
7052
9830
8538
2989
771
6009
8705
2324
5305
7115
9722
4687
3725
1039
2468
6662
1092
3082
7430
4084
1654
999
5399
7347
5106
6292
173
1792
1726
6281
657
2477
319
6777
7451
2965
8737
7104
4576
458
6083
8733
5108
1530
611
8714
8845
4544
1889
5846
2966
9671
7139
9315
556
298
7877
283
9577
1558
618
6430
7210
4401
5859
9958
1199
5715
5323
4411
9119
2482
8589
3539
5606
9373
7362
3489
4076
1870
5643
9198
5314
7266
5703
9877
5612
9797
9697
8856
374
8998
1482
3537
1572
7418
1838
6290
9930
2828
2806
926
9924
4978
6633
8208
323
571
8095
5721
6725
3220
1972
4888
991
4474
1189
3377
3082
3433
4299
3088
3656
8275
1089
8006
9057
8029
2595
7618
542
6371
5557
5084
2065
1148
9357
6554
1311
4760
5598
7653
9659
8853
3218
7686
1873
8529
5459
9930
1563
7194
2150
4341
6915
2961
7284
7666
1942
941
9014
8041
1201
2268
4125
8921
987
6597
4732
5988
3039
3400
9954
7162
36
1734
904
5486
235
125
2947
2581
6196
8828
2278
6140
7148
8885
1127
5465
6615
3168
2012
9786
2295
28
258
1562
8903
1136
3466
6482
870
32
1488
7692
899
5099
9753
994
81
1105
8713
5413
6135
3682
2703
2714
359
6306
6157
7230
2184
9704
8135
1339
131
4678
6199
3635
9671
1410
2299
8872
8873
4291
3628
6462
7723
6168
2155
4584
3319
1378
2746
3375
7081
4849
4821
5345
3879
6764
7547
6598
5069
730
4509
6942
9913
4238
5745
4439
4368
7664
6627
7290
6763
9877
3737
7108
1042
8768
9106
5778
8578
642
5866
6710
1630
4845
6140
2695
7920
3847
2837
6357
5050
4986
9665
1065
5102
9272
1460
6266
998
5788
8999
2956
9568
1691
7516
9651
9546
7385
8080
8854
4742
1223
7421
5215
90
8890
2633
2574
5351
5928
9038
4253
3651
1020
7239
5055
3221
6217
3
1473
5581
3642
7881
4674
8445
9623
2313
5839
7384
7413
8203
9783
4550
4645
2694
9933
2897
6076
4846
9452
8815
3634
379
2389
2220
9075
1091
7939
1826
84
9027
2240
5752
6176
8527
9872
3269
3408
2115
1691
5712
6024
9637
6217
6438
3086
5754
7381
1606
5782
801
7060
1612
4825
3232
1199
5864
4628
9641
8475
794
2701
424
2138
205
6704
8700
2346
9901
4935
2399
6492
70
1944
2164
5295
4683
7288
8492
4731
9599
7389
3717
2265
8627
4306
5456
6079
3565
3379
685
4986
3009
1272
5141
9444
7806
639
3924
7717
7592
9874
305
7093
2142
2999
1499
3679
5080
8390
9442
2242
7838
3477
3695
273
4663
9151
3744
4010
493
1540
6372
6452
8665
4362
2463
5905
1873
3489
4635
4771
2699
1348
76
5019
2748
826
1278
2444
7041
8924
8909
3822
4809
9970
6929
2159
1885
4311
6324
116
7325
7579
3121
445
6089
8886
42
9142
6696
6841
2982
1817
2665
1025
3013
2529
6515
3477
6306
8922
9467
5983
5780
4836
6098
9640
8064
3606
5608
9227
15
1520
8241
6555
3720
4200
6290
2080
2857
4966
6521
3085
9767
7035
1718
1325
6208
1484
4137
6812
649
701
5737
1778
5913
6280
862
922
2785
9628
9196
1089
5350
1138
9437
5913
7757
4299
5674
6109
7521
6982
6774
6351
9972
6542
6839
573
7680
8463
4417
1091
4297
4553
1536
713
1393
4317
1585
909
711
3316
9070
4636
5229
1471
9157
6569
8004
5833
8965
5888
2806
3401
2340
5844
7600
3876
2735
2916
7594
7151
2270
7421
9940
9538
3683
8569
3263
3479
3423
8117
2310
3154
8002
8464
5159
7387
941
8159
8785
8422
8517
6845
2683
2084
3495
6208
47
2482
8850
4711
9394
751
4501
3743
3040
1388
5446
1845
4040
3467
1436
3205
7874
1786
6634
721
7977
4441
5561
5118
1113
5366
3729
9416
9365
9962
7939
7702
853
4205
4565
2152
1739
5188
9771
8093
9313
9051
2734
2737
3840
5021
108
7587
3215
512
589
4004
5686
8894
8189
1387
8990
5869
7770
86
9672
6224
4268
2347
1030
4551
3595
1725
6586
5986
8226
458
3481
2771
2303
7105
2635
7504
1571
4577
8369
8888
3084
1404
9300
5021
5884
6890
5190
5119
9958
4314
7751
7178
6821
2708
8775
1013
4825
2713
1714
4172
4383
8140
9229
6904
3675
5242
3292
2041
4485
2900
9373
4645
4909
4589
4036
8715
1260
7231
2660
1904
1673
8024
3959
9339
2100
2994
9642
2876
9634
9009
8584
1270
1430
901
5010
4270
1064
8463
4520
8123
6085
7328
5750
1421
7203
204
1581
2971
1183
1390
1884
3141
1685
4629
3612
4199
4667
924
1461
3134
2011
6504
5456
613
3371
4778
4570
777
5482
3908
2
3067
1113
2616
6608
5859
6179
6540
4177
482
4107
7354
9283
1472
3153
3188
137
1347
1920
5668
523
2721
5975
9906
5838
3149
8593
6751
1579
6989
6852
1517
5551
1292
6867
3633
5967
764
9712
8529
1061
4467
1746
5624
4267
7894
5422
2233
4451
3139
5637
9136
1696
4264
4970
3251
5973
2401
9518
2663
1672
5374
1722
159
3395
5507
7720
4192
1287
1274
2223
2064
5916
8627
7497
8892
1930
5691
1282
6488
5085
7722
511
7938
8873
8022
3161
1600
1994
150
6245
3991
5894
3681
1921
4045
7313
3252
6701
7606
6764
3314
7779
7579
1260
7781
6372
5946
5202
4803
1601
1142
2780
2797
9586
4222
5688
2897
2215
203
2592
4095
2761
2579
8855
2104
8812
8428
4782
8866
3828
5962
3347
3432
8784
6616
7366
5998
983
4453
73
7507
7294
9830
6644
5839
1955
8010
5763
5019
4585
8379
5948
6240
8096
3279
9104
3880
7552
8158
6318
1889
578
974
4462
5376
1131
9403
961
1762
7974
2562
6498
6413
5981
1116
9369
8709
8436
2040
4844
474
9570
4497
2050
6783
2604
7263
7046
613
1536
1065
8308
2518
9339
1928
6707
2526
4807
2710
3855
6852
5909
2085
1554
7302
2322
9629
8606
5074
6681
2717
7193
3025
4934
2163
5750
2493
3922
5942
6828
8196
3200
5136
8453
3621
6162
5082
3413
4487
153
6975
405
632
1975
9554
6395
3459
1154
8396
1864
6811
5208
6269
2925
4900
2250
6436
9675
2369
6982
9210
6726
7591
4069
8632
101
3457
1341
7448
8712
3997
9572
4505
6806
2515
3666
749
9107
4838
9841
8541
8506
8627
7796
2764
5821
7174
6849
424
6118
1421
7468
2525
1608
4324
2098
4003
8247
1182
2335
2984
4481
709
9356
8841
1911
1593
1976
1209
6892
6852
2482
180
2569
8959
7632
8173
5051
4157
2448
980
538
9845
152
7379
9430
2829
971
6631
9152
6833
875
4908
3186
3523
3446
1554
9884
2685
4175
2107
8620
8578
4281
8918
4441
5442
1954
9702
5356
1020
3082
6651
9580
6814
1614
6018
2517
6808
3989
8184
4196
446
5127
9626
4561
8844
1765
5608
6136
500
1737
215
9414
578
3179
2598
8894
3009
2652
921
325
6247
8771
9201
5168
7755
8786
476
9223
791
9908
7624
4646
6472
7909
6643
3584
7394
494
4399
3345
1969
555
4177
4782
2154
1643
6360
91
3856
3860
6650
1417
6514
7680
6442
6761
3553
2696
470
6738
9472
667
1309
1611
1924
8090
3870
7829
7899
1508
6411
3576
345
2665
9469
4905
4557
3965
7953
2948
7330
4556
1167
9964
9089
116
7003
5228
2292
7219
68
617
2965
4590
3434
9606
8053
2634
9726
6931
1081
2811
9201
2948
4767
3895
2238
8457
7278
4534
3235
7007
7099
6265
8042
5986
5720
9028
743
8397
6567
1145
4154
992
1468
657
2996
6253
7520
1818
3334
7903
5122
6376
2644
8999
7000
329
3849
8484
6659
1738
2756
174
4592
8607
4256
799
5931
3283
290
4703
5230
3484
5563
3627
9495
7433
5438
9105
8744
6860
4363
1499
5080
9550
7865
3301
1879
691
5122
2269
7566
2715
9464
1462
661
5346
8517
5496
8974
3797
5521
4743
4222
8449
941
351
7884
4698
5532
1577
1154
1668
9057
5501
8241
2242
7186
6660
7633
8361
5740
4200
1045
8335
9377
762
4461
7350
4925
6991
1669
4207
4566
7401
8315
2732
8338
3518
9710
679
6706
2087
3153
8888
3211
3511
8959
5783
7189
4134
2617
5790
3485
1689
1387
3610
6917
2207
5020
5230
9900
9818
2068
4516
1416
4824
5464
5153
1646
7022
5857
6708
9716
3376
7338
875
9455
6079
5784
8385
9014
6431
2868
4904
4039
3268
6468
3743
1431
9161
7320
2416
7973
1836
1839
5513
3688
9961
4906
8740
8535
2274
3688
5462
6951
1400
193
4032
4303
4760
4430
2405
1767
5461
7829
1657
4271
557
7507
5618
9324
4555
242
9791
1917
2169
1642
8049
652
1312
3268
8697
6287
862
649
1216
5134
8850
2681
9149
9520
1078
5735
903
6958
2730
9729
9287
7849
3353
5614
328
1847
8266
7968
5358
8904
8469
7114
4976
6823
2944
6187
2804
9132
5574
7447
9222
958
1091
854
1316
3125
3022
5814
7769
1310
2850
8300
5844
2568
1291
3416
2212
9436
3610
6070
8050
1945
7221
7841
9579
9453
6190
8066
9593
895
9166
3462
4269
6873
7534
4525
9499
3892
1026
4031
4449
4379
6114
1033
7589
7314
3223
3349
571
3599
750
1992
1280
7366
3499
8708
4086
3490
254
9102
3420
8207
8795
3498
1192
1701
968
546
3924
79
4200
341
8467
8074
7246
540
3022
8841
2225
6441
7072
8869
3819
3752
7802
6609
5533
8823
1027
8539
4627
8562
7440
6191
8063
8519
1740
9510
6789
1448
3124
5179
6850
4094
5714
6510
5802
2043
8307
9138
1965
4232
9479
6897
9541
2221
9733
3263
1422
6463
88
3291
5698
6275
2410
5778
2160
5153
1628
8846
2072
7747
6911
9788
2678
445
3730
8715
169
4311
8744
8960
8703
9302
8245
9799
6735
7017
8245
6996
2546
7950
4153
8311
4350
7796
2575
685
6833
6348
300
4707
903
1961
6297
5078
8327
9046
504
598
3088
3446
5281
9241
7356
3527
7789
7275
6510
576
7342
7427
893
3369
5433
5473
5053
8474
1025
3300
1398
9852
8177
5448
7651
8171
