6557
6957
8549
5509
9123
6558
1689
5306
2335
5697
8990
74
5580
1553
5071
2878
6117
2299
8001
1205
8792
1989
3989
5291
3251
7688
6947
8759
7887
7128
7993
558
1621
9732
9887
2661
337
4217
5093
7299
8978
3937
4588
9093
90
40
5118
9100
776
4704
6300
6897
352
490
4402
3304
2564
9701
2712
7490
4498
899
8456
1084
4425
5510
854
9829
3592
9339
7217
9325
2501
4428
7909
6025
2839
9033
7547
5971
2017
5921
8286
7215
4940
5370
4841
2680
2495
4336
8450
2936
1389
5226
3742
214
5164
1496
6944
9290
2829
9864
6241
3084
8093
9561
1229
8443
4775
870
7736
6217
5939
2420
651
9411
7167
3367
2367
6399
3337
1070
8229
8526
6902
8591
2255
7729
4050
7261
6302
5847
8277
2294
5002
9028
2061
9225
503
62
9294
4517
4586
9217
1923
9596
7512
8979
9279
5574
215
881
7205
4082
1860
5032
7216
9335
9824
3791
5792
9961
375
977
146
7991
6478
4713
3626
3474
297
2935
6527
4600
9590
8223
5300
1613
8313
544
2927
1723
7573
5490
4903
2800
3780
2713
6287
4054
2579
8758
3273
7905
6349
5932
9417
913
6770
912
4263
9926
5780
8649
5392
1107
1614
3495
2026
9692
1970
8769
578
5177
9517
6118
2068
685
856
6213
5526
2160
1870
8744
4018
775
2037
7643
1741
7078
5755
7179
633
460
8223
9545
755
3324
4760
2237
5162
540
838
5527
8381
6678
8243
6433
6287
8924
3782
9313
8443
184
1396
795
4909
7265
4451
9123
4660
7226
7932
8831
339
7237
9436
8938
2958
3605
1927
7973
1463
2289
4570
7097
1365
9732
7292
504
8781
5665
5503
673
4080
4003
2729
3809
5233
179
1626
6999
2657
8515
7305
9728
585
9783
9711
5009
7859
6211
6048
8611
9910
5167
3793
9513
4684
5704
3418
381
4481
6384
7706
376
9194
7157
6705
8256
6080
4479
2735
1915
3640
5747
9878
2818
5888
453
8366
8290
183
570
6085
5835
8457
8731
3680
4747
9911
8661
7811
2229
7487
1806
2697
171
1805
8034
4145
9755
6318
2811
8741
3364
2316
703
4520
138
9627
6483
6827
9983
2798
1486
7995
6706
2727
3832
5579
3300
1834
865
4010
1188
9516
4942
9569
6269
781
8558
7851
8741
335
314
401
5366
9586
1131
7921
1514
4654
6790
7978
5775
6588
6354
4103
3882
210
8442
8406
1255
7721
4366
3411
191
76
5812
9414
5026
3278
9980
7589
5764
9640
8673
6807
6708
8831
3115
1575
3543
7742
7105
6289
3172
4501
5803
8252
5352
5470
5510
7284
4569
7911
4193
3826
1976
7745
4341
9403
240
9028
7473
9986
5691
5293
2291
3978
7571
9973
9586
7309
2806
383
5400
7714
8930
7949
4045
5854
7376
9103
4543
9242
654
7930
350
1036
4244
5201
6339
4981
1432
595
3457
5062
9309
5136
9108
1424
9638
5977
8565
4023
3001
8835
2815
4977
2718
5496
4412
5121
7751
5802
9945
619
9897
4757
457
691
712
1440
7797
8215
1185
7903
9040
3093
5600
7400
4360
8490
4482
3471
9304
1097
789
1473
4059
52
4380
4025
8380
3193
9583
3475
3897
2476
7183
2731
3093
509
8950
3409
236
614
6029
7787
9601
9044
2471
6134
995
703
6379
267
47
295
3791
1722
3311
8109
3103
5846
5056
6155
4573
3357
7745
8657
8755
6321
2599
6461
8596
2952
3694
9398
1920
397
8361
7333
6150
8688
5610
1297
7859
7953
5454
7989
3641
8308
6768
6096
3708
9905
2397
4889
6678
8348
6311
6317
9209
9004
4707
4663
116
8570
9694
9050
5983
9927
4220
4174
2817
1370
96
9093
6177
7861
232
5880
5801
4739
8112
8323
9302
3664
6311
5769
9868
6932
1391
8293
4647
5230
4445
7263
3820
4378
2784
6455
6477
5726
6638
2946
652
663
826
6974
6023
8330
2434
2035
7937
8793
6853
999
6722
5429
4882
6110
868
1674
5595
7933
1358
6748
280
4969
4958
9292
312
7665
9039
2199
7491
4437
8715
875
8827
1297
4105
1702
3776
8538
6951
8557
4178
4867
9971
9109
7905
7420
1395
1538
4449
1048
8101
250
7962
3578
8128
8949
9819
7180
9257
2036
8206
1067
1650
986
199
1090
4572
5435
7046
9585
6462
8448
7212
4889
8334
1188
602
9639
4427
3247
3284
6939
1069
9244
7765
2549
3172
424
3724
7227
6238
7994
4692
5848
277
6169
3186
2516
5348
9311
7703
7004
2809
9912
5253
6270
3430
4838
9935
1284
6466
7413
7112
9114
8813
7382
8734
9469
8752
6170
8927
7666
7794
6365
2137
9105
840
3788
9824
556
1668
3924
3512
3519
702
3177
3475
5654
5408
2479
516
9893
986
6409
3282
3320
7142
4124
8088
4680
6215
8046
2889
3191
6619
3456
433
6280
9199
6086
5190
2302
4177
799
3773
3439
1840
1653
490
1348
9967
2771
6767
16
585
2542
7237
4330
5871
9153
1401
2729
4093
7737
8957
5612
2794
9177
3807
3379
4494
875
4999
6525
7870
1092
4826
1087
5074
4835
3372
9805
4520
7942
6546
1496
4098
5144
1061
9092
2714
8187
515
4933
8309
2798
191
5333
9877
1051
8505
3621
4233
1616
9736
1214
4655
6727
6099
1250
490
1940
1967
6404
6942
9067
7267
17
9576
8908
4999
3353
5371
4828
5067
5934
7477
8145
7844
9800
7312
1561
7377
8082
4260
6568
5371
8325
5002
252
8651
894
299
3118
8886
8031
6166
8168
899
3231
4945
3021
126
1694
1847
4762
1749
1498
2144
2231
1854
9111
5598
6873
5227
2014
3795
8023
7910
6501
5904
3351
743
5719
9321
2469
3253
5359
7380
2719
4985
2790
2752
1424
3870
1159
1522
2343
6100
7467
2778
5139
724
4279
4964
2525
3773
7038
4410
1682
4525
6419
6056
5964
5899
1631
5800
2012
5681
7883
6107
7925
1720
4795
7192
344
6683
9239
815
7640
5949
8199
1703
8537
3271
5227
9621
4154
9241
2660
1374
7868
7570
5986
6515
8654
7051
4587
4507
9495
6989
7829
1487
1407
7507
1552
5103
1418
4394
8979
2434
9521
772
3457
8234
8494
716
6968
6342
6133
7701
5430
817
9242
7899
6280
4936
3699
1290
4528
3960
8907
8029
3858
9510
9295
4239
7163
4760
328
7934
7615
8272
6614
7421
5598
7897
9206
1592
9169
5914
2400
7619
7415
8200
4943
235
5575
7049
9421
4478
4977
4850
3883
7974
8373
7073
6506
1168
8063
1351
3737
7931
7742
1293
3243
8940
6160
2951
532
9678
4716
1750
8864
6503
1499
3672
2992
6902
467
3594
7842
1865
3906
3533
4763
875
8259
4246
308
5545
2928
7552
8078
326
2965
4716
3236
6100
5580
6056
8332
7475
843
6654
6361
3831
6822
3187
64
7137
3201
2624
3684
9392
6743
6861
3952
5280
48
8297
3473
5872
2002
1719
6654
1313
8775
2082
7892
9451
2183
6192
1186
5402
4674
8629
2222
9941
1036
9231
9523
415
7973
1838
9528
4774
4164
5590
7757
7529
9456
4973
8964
9319
5786
7407
2234
610
3322
5426
1825
8419
1588
3251
1803
7607
8630
7679
4293
5686
4594
6478
9534
7940
5331
3593
6786
81
4861
5484
55
4459
2646
5207
1379
8931
4090
6990
8904
525
4480
6225
9182
8352
6343
4758
6699
7838
6587
4225
5441
9934
7258
1525
7668
7205
830
1701
9174
451
8503
4292
7025
3561
5510
6362
2753
6072
1752
2951
1179
5924
3853
9858
1518
24
5972
5851
5029
6516
6261
399
517
529
5706
1209
9113
6724
7323
901
7544
785
21
1008
8304
4183
8198
7019
1473
6169
2823
4222
2360
13
5446
3786
6998
7069
6303
1399
8397
8939
5991
252
6391
5810
2533
6876
1506
2775
4333
13
4380
2094
1387
3717
6375
9017
2376
8189
2728
7004
5067
6423
4754
2075
3023
4652
5579
7652
2861
5966
5351
9978
8694
12
1849
3238
4463
7124
9715
2658
6346
2226
8837
3120
7421
2423
5210
2980
8209
4421
2187
8531
1176
6327
4542
9955
6604
989
3887
545
1776
4020
8617
9890
8326
5620
4224
5873
4669
5668
9822
8199
67
8
7801
2553
2735
9514
5262
1435
1236
9447
6620
6067
6643
6704
399
6392
2368
3904
8791
840
5582
1646
1604
6761
8106
4648
1168
8663
4417
4975
7786
7676
9791
5394
8298
9230
7301
1699
2294
4995
4630
9141
6816
9599
8814
8791
1225
6446
6976
4186
2423
4541
3818
4030
6718
8178
1255
5627
8461
9884
465
3147
2696
1492
4304
2069
8766
9283
3972
3092
7974
2590
3931
7958
4731
3757
4495
8912
3985
1481
1775
3055
3186
9267
408
681
1994
3985
8896
1762
9195
4147
9199
2907
6478
6276
6491
116
8023
2204
2862
4370
5251
4898
806
3612
1169
7551
9673
7311
1722
8830
2242
4610
926
9247
1260
2899
8717
5706
6010
160
1694
3393
5585
3026
9135
8271
7315
8100
266
220
8633
1313
2785
2386
1180
9019
2166
1946
2256
8312
8729
4367
141
9223
3614
8181
6747
4385
5482
1506
6313
3690
9882
5674
6970
6326
2320
3257
2365
5928
2491
9289
856
5638
1330
1827
1441
7769
5902
2738
584
4576
9665
9827
2675
515
9958
168
887
7749
533
9580
1537
115
1315
2050
7231
1050
7380
4950
6429
453
511
9748
5647
8995
2957
4727
4424
1431
2908
9498
9541
8089
1366
6667
3417
8682
1641
8382
4470
517
9603
8157
4229
3984
2252
6684
8482
1522
2800
2506
6167
9278
4695
4132
3906
78
9379
2468
9014
5947
454
6056
6092
7960
1053
5629
1171
8351
8908
5449
6635
6083
4855
2855
4954
1077
8635
6813
5832
9474
5175
6634
8926
3528
4442
9100
1766
5833
7722
7822
4926
7017
9278
8926
3231
8722
2073
5548
2501
9959
2948
766
2282
4293
9206
9840
3827
8436
1266
2393
6998
8301
2157
4809
598
9767
1291
879
3053
378
1750
4119
3814
3748
3561
1873
5252
5305
4975
4204
5714
5781
8915
336
4295
3197
5395
1740
6581
1556
6086
6436
2255
2457
9191
4972
2325
1822
9006
8610
8557
6131
4169
1749
1088
4833
8780
6532
8718
3939
8818
2082
9454
8542
5758
1781
6054
7729
4211
6653
6724
8775
1356
2322
6423
3545
8905
4806
6237
817
550
9177
953
1706
7114
1355
7584
5811
4553
6461
2865
4434
2534
7216
1935
3733
329
2687
8892
5091
3689
4521
8579
4849
2630
5446
4962
8721
773
6795
995
9701
2841
2776
6533
2145
3690
9774
2075
2511
5381
3598
6657
8268
864
9437
2759
1807
1000
8851
8892
1529
1113
2803
71
4439
4649
1845
7508
4853
9793
3327
8122
4094
2985
8210
709
7678
9599
1857
4437
1800
1908
5452
6210
8995
5875
5562
4698
9487
159
3845
8505
4054
4232
6943
2740
45
4665
3859
9042
8761
3537
278
23
8575
6891
2445
8558
5636
2989
4088
3314
2291
3594
5643
9689
4813
8596
3997
1582
138
4321
1305
2233
8957
5273
4610
2445
7286
9978
8308
4158
4033
1047
6181
558
9292
180
4475
82
4662
1670
8551
9973
1411
2859
5038
9049
6156
7046
4057
8837
8659
5012
6786
8879
7988
8640
9311
7
6519
9615
7931
4254
9329
938
815
7298
251
6054
4400
4039
7498
7761
9762
6531
4189
8874
9083
70
4630
3437
6322
8387
4495
2667
1269
2336
494
3298
5898
8886
2483
1982
3581
3349
7982
5915
1961
5528
9437
1830
4930
256
8755
6847
1726
2255
4885
5533
3012
6532
8733
606
5148
2558
3761
4009
8006
9070
5935
3427
39
9149
1359
426
3455
9527
2474
7456
4405
6499
3224
3368
6323
7681
325
1878
5150
1535
2909
3526
4078
919
5383
317
7612
5032
4894
6227
5481
4959
5882
2693
7819
4961
2206
4646
3762
1368
9530
4077
8057
2969
2496
4511
1064
9166
3668
9818
8535
9924
1724
9435
4493
3731
5655
2556
5429
5413
8954
2606
9250
9765
2869
4222
9177
9990
6629
8263
5629
9181
898
2581
4537
5468
7864
2545
1845
7387
7971
3838
3067
2677
3780
1630
3956
269
785
4001
4380
8955
5208
5084
8004
3670
6019
3234
9718
5519
6599
8578
8962
2856
2854
1964
7591
4656
8501
7841
5758
8445
9528
3814
8688
3236
4794
1300
328
6023
4152
4768
3875
4475
5837
7330
7572
6981
4344
4436
4596
2017
6729
8841
5126
9247
2475
1111
8217
5611
7226
2226
9095
3894
2646
471
8426
5158
6897
3121
2589
6839
8242
4332
6736
4748
8876
5684
2918
9063
4120
5736
6185
5984
2942
961
6717
1573
1555
2105
4546
8062
2988
6010
8227
4924
2593
7012
2139
6702
8157
1866
9111
9440
9218
4793
9239
480
3673
1430
8894
1390
4871
355
5576
9439
7483
4238
603
2814
7427
7078
8326
3040
1359
1147
3927
498
5485
1569
2185
9665
8531
7840
8346
1318
9308
7900
7594
6764
7417
1068
751
3471
3081
6200
3398
1043
195
3716
9012
7614
2240
9859
4282
8419
9590
6586
4471
9404
4926
1731
7543
1011
4759
8138
8345
8285
2212
4824
9295
3124
2416
5081
9886
191
2626
812
821
2560
5323
5511
4827
6282
7372
8580
5121
4268
8053
6107
8534
8158
2632
1773
809
7800
4396
491
5177
2202
4558
641
5481
4267
673
8355
2047
1073
3878
9106
8939
601
3639
1626
4805
7300
2669
1883
3199
9935
7057
8466
3226
9981
527
3604
8116
3027
7031
1047
7342
8255
8494
4268
7228
6198
2993
8268
7942
25
4121
3982
1980
3715
2794
3635
1718
178
5269
5407
4057
2815
4510
8963
1909
2459
8583
9723
4747
3944
8283
3809
1916
658
4920
4045
5565
7624
2547
1610
87
3483
5695
5141
7130
8402
8536
5028
7938
4918
5274
8209
3905
7793
3679
9794
2700
1694
9541
7063
3682
9405
45
5887
215
9526
560
6886
2703
3895
7564
111
1109
5259
6268
3466
1723
6825
7670
9475
4300
5478
1694
5703
877
3080
1672
883
275
1481
9499
3659
9710
2516
3504
755
7074
8191
9322
8622
1590
9060
3071
4800
9109
6270
1556
914
9858
9805
8360
706
6889
4438
8071
1716
2929
3897
8014
5850
5645
2624
1614
4571
9297
7602
5705
2738
4242
9809
4794
4246
9254
4118
5281
3570
6363
1782
4636
7856
1796
8801
3937
2774
6269
712
2967
5293
8559
664
6773
5754
8431
3639
3906
508
6977
2602
4300
6801
9963
5216
7844
6532
4132
4191
6918
1079
6971
5433
4870
9448
2787
5882
8518
2756
7340
2129
4
1093
9597
7993
9600
3385
7917
771
171
289
66
6721
8668
7794
7393
209
5484
1979
707
3780
7073
2004
7720
7114
9095
399
1973
9980
5434
8542
1769
3750
2897
6289
4222
8879
5028
9913
251
4678
5950
6014
8262
3387
1805
7594
9079
423
6598
5936
8951
7304
7286
5676
5191
9389
4996
1593
3422
8427
1810
8009
8218
8346
1793
4836
5575
5231
5156
9392
8077
2918
5709
7480
5107
6699
5060
4653
8514
101
694
5062
4037
4064
3226
7589
9852
9670
383
4040
4528
1946
3249
2456
2433
5328
26
2
4251
892
5765
2784
7254
6390
3325
7539
7021
1430
9989
8478
5046
9409
2705
7202
6128
7552
705
4306
4379
6330
6557
7522
7377
4110
9388
1425
2435
79
1343
3328
7326
9115
1114
6318
1420
9690
6483
3057
7030
4624
7523
5715
327
3870
7161
4007
3148
2012
7294
4166
8152
6107
5683
5611
3124
5194
3894
7191
8979
3480
2964
2785
6676
9008
7704
4782
9985
9078
2481
6825
6900
7100
7090
335
6361
465
9235
4617
8350
6871
4629
4231
566
8031
6835
2678
3677
6723
868
637
9351
8208
9116
7370
5714
9950
1650
8196
3161
7998
2685
460
5834
8447
7511
4357
7791
2204
1636
1149
7080
310
7259
1127
8634
6057
2419
9991
7345
7837
6633
2345
1841
3468
397
6302
3530
4986
6093
4372
298
4806
4601
2864
6636
3676
9734
5515
4030
8549
2830
7126
4704
4348
9476
4492
696
9981
5957
147
5555
9516
4282
3165
1798
9182
9018
4785
8403
5960
3037
2145
3478
6163
5307
3321
7503
9721
9458
4499
1034
8767
310
6777
6554
2590
2211
1736
3476
3183
7551
8829
6119
627
5370
1775
5530
7692
3655
3304
8702
7500
8868
3201
2674
5336
9925
9193
5862
9128
6192
1858
7383
1134
8705
9977
3496
6912
8045
2448
7138
2419
7059
9369
2162
5606
8958
5489
8608
9497
3704
5366
2225
8153
8905
3623
626
3593
381
5575
2437
6301
8547
7309
7432
6966
2929
6298
2240
5861
8037
8840
6389
7966
8599
6524
2183
9243
4154
6168
4734
2857
5841
3376
2111
6035
1022
4982
5626
4490
4741
8580
880
3518
2320
8566
4178
7659
1852
2817
5029
9170
320
7588
4050
4995
61
5753
3898
388
7297
2088
7110
145
5526
4713
1052
2320
1016
6099
3213
5023
483
7894
5868
8796
2106
9890
9
9393
6740
1026
6651
5867
9569
1368
8093
2469
4763
7125
2863
198
2648
8549
5917
8995
9867
3237
6684
2066
6234
2451
1185
8732
3754
1201
1356
4366
2054
2980
1
2605
4815
7631
1783
4035
2829
839
7369
7866
7300
7555
7707
5524
8530
9043
4647
8325
20
57
8100
7485
5400
840
4328
4726
797
1384
5412
5094
6503
7458
9454
1825
3247
4334
5180
4047
3511
919
9052
4949
2475
2136
9073
9539
755
6918
1591
217
4821
5257
9767
4775
359
8071
7190
3247
3490
1151
5209
7641
9762
1935
8435
3123
4362
3251
3022
1683
6212
6555
5704
891
3718
9207
9765
4935
3264
2193
1138
1013
4082
5111
6570
2562
1307
6644
97
2573
7980
3130
4125
4043
363
1967
7045
8134
1411
625
8050
7426
7000
7382
2178
2798
5640
5588
6027
6931
509
634
5628
7452
9471
8633
7327
1218
3943
5523
6843
691
7439
7390
3479
5071
2565
3061
3096
4878
5549
1468
5851
2945
9110
9997
3086
7364
8789
8132
8008
7100
4477
2563
665
7555
5873
8531
4716
3789
6464
5912
6586
69
2511
1727
2712
1802
9636
694
7680
8816
3390
8841
4941
1044
7762
3701
95
4383
6657
3674
5951
7942
3333
1234
173
76
6810
6088
3669
3061
1177
8582
5519
4504
6687
1136
3398
479
8973
7959
1520
7854
8457
7835
4348
4558
1201
4800
747
1509
9471
2603
2052
3684
3880
1753
2075
5997
3871
6940
1836
510
6903
6211
9233
9998
3029
4645
6164
4643
1700
3050
2734
1374
5922
1366
6877
6020
8151
611
612
8409
6597
5290
6972
1835
1051
6045
72
5880
3028
7812
8279
7613
3293
9026
2963
6781
5940
4979
8726
1626
4924
4388
5372
3075
6780
3375
9747
2617
1623
4034
4399
5807
310
1323
2138
959
9330
2834
7928
211
7662
3459
4345
5382
7696
6406
1576
3464
4160
8285
496
6183
2249
3689
3967
3377
6125
9369
9154
163
4422
7697
1215
3932
6294
1603
2114
7443
5919
12
2559
6417
2943
1741
70
1805
6644
9092
8405
3411
4221
2103
7351
1200
9648
2205
7914
6588
2744
7081
4095
1412
3831
1380
5130
3010
8217
3109
872
6604
4777
7567
9633
7110
3404
5255
9939
1029
3659
9105
7454
3122
783
9878
1214
8358
9461
8436
6451
9256
5521
3522
9516
1504
7054
8190
2722
9655
2803
6661
1905
2781
7922
5599
673
5959
9034
2980
643
6931
1564
1215
2694
6473
5418
4525
6154
4944
7179
82
636
8953
3868
9449
9551
6940
5841
9429
2156
5294
3448
1000
3056
5660
4910
2767
7268
6534
6443
9305
9962
1131
153
6723
3315
156
514
7601
2813
8720
823
4634
9706
9652
9549
3873
6556
732
6449
1851
7484
1307
1500
2434
1545
43
5810
9141
8542
1497
5861
5897
6701
2560
6742
2305
7943
1200
2571
8597
7725
827
7692
3266
8897
7404
4296
2334
229
5684
3269
5382
3653
1746
3508
9174
1953
6446
3410
2052
2082
6643
362
5417
7278
8903
1016
7645
8599
8520
618
8766
1773
4052
5471
8892
3396
37
3409
4277
3360
8311
2366
6056
9325
1815
2482
2056
747
2442
689
1759
9206
1640
2816
9020
1491
403
9091
2602
7015
6551
2129
3311
8002
3584
8947
1182
8488
2563
7852
2425
7776
890
5043
4822
2278
287
9595
1709
5531
8339
6579
9435
1660
1036
5065
4758
9520
8249
9306
7758
8106
84
2309
5404
9647
435
3789
3850
8401
4714
573
4910
3146
3328
5910
9684
3573
5916
7187
4936
6373
8333
1582
8349
7257
3843
9419
1660
8103
2749
754
844
8518
1296
8170
1274
8328
6528
4993
7957
8643
3374
4840
9273
7873
5870
27
2887
8765
500
6798
1197
3614
2219
723
1143
8833
561
4953
113
8782
9475
3534
9255
5965
8816
4084
6172
6113
2332
4274
2211
5282
3492
5985
1230
2025
8792
5383
4144
9764
3098
4865
8177
5049
9874
24
6670
1191
1611
6246
3338
2728
1806
5395
341
2707
8169
3080
6950
6799
747
7540
8200
3121
8350
1516
4239
6694
4818
9149
2566
92
5618
5198
3927
5946
5477
7601
1030
5025
8612
4232
5290
5754
1315
8340
8584
6174
1405
9608
925
6597
7184
1308
3576
4470
4802
46
4787
2813
1359
98
2732
6202
4032
74
9860
5734
8026
4625
51
6929
7072
6642
9525
8023
3605
3382
1509
5601
2722
2649
405
9447
3200
2846
4759
6803
8675
473
347
3696
9812
202
7702
3138
5417
9050
1259
3872
9826
9981
8680
4636
6515
7863
2736
5827
2121
1612
720
287
4203
160
5393
7145
5375
205
3001
1020
6085
4450
1181
6918
2100
6168
3479
3544
751
6384
4992
1452
6692
2072
2763
6581
4593
285
5598
6306
931
5307
8829
8461
9308
1279
7365
576
448
6797
4561
5895
8573
8285
5757
1792
6980
8145
9461
3727
9896
7010
1096
3870
2594
5271
4895
210
1598
1399
9236
7753
1014
2518
4352
5999
4729
700
1221
2927
3944
7747
8709
4870
3197
6239
9053
4436
5352
4024
9394
2124
3143
6642
7910
7339
5889
6222
5495
5557
7887
2265
8053
1098
9991
882
605
1032
807
7145
6550
1306
7755
8083
2663
3646
1995
9610
9092
5605
867
4433
3859
2115
2240
4086
2031
1062
7300
2896
7961
3107
1703
2807
6293
3340
3594
4914
5272
9485
6792
6844
7884
8582
6620
4464
2477
115
6265
1812
1747
3399
6714
8738
1373
2776
1767
3088
2758
3251
7712
3633
2551
448
1801
6581
9337
3088
4226
6043
7749
2851
6434
7335
6153
790
5456
5103
8153
7785
9405
7471
1088
4287
7825
9148
4658
7502
7968
9094
288
4567
6777
3398
2726
2383
6827
8727
356
9820
3973
3553
6087
5819
1112
2752
1844
4894
5578
6051
7408
6147
4570
9152
2591
9807
3723
8421
7431
571
4416
5674
4064
3636
7682
6371
8202
7958
8545
689
4539
2547
3748
2727
3604
60
3294
4841
9342
2930
9888
5553
22
1703
6293
9180
1747
9838
2205
2145
816
8049
5129
8434
4746
4592
3680
6699
583
935
1821
3527
7729
425
550
257
5086
7593
7672
872
285
5559
1540
3004
7311
9703
576
9077
5680
9645
8379
2724
273
164
8049
6832
6339
9263
6183
2882
2065
3671
6708
829
1690
1714
3677
2388
6314
437
3307
6464
2565
5776
2522
569
5711
7368
9888
3985
6506
1746
8872
656
9453
3562
5275
1722
1118
4211
8267
3021
5772
665
1739
1031
3915
7635
1629
9252
6828
805
1817
3412
4809
6497
9239
9275
8186
4173
5690
7523
279
9792
1529
3996
6458
9477
7995
7971
1887
674
4335
4512
1868
6451
3909
5689
2983
9855
3516
1252
3176
1085
4696
682
4637
3711
8127
5191
7988
6443
6801
1630
7928
6187
2978
8618
538
7339
2774
4687
7979
8272
4247
2974
9892
1399
3526
5399
355
2875
2076
6921
6482
9904
5723
1205
3333
1741
1926
1841
2128
6183
3417
4968
8835
1863
8038
3966
8499
6046
2654
6881
9526
9039
9961
8204
2410
6330
5746
5317
9602
4761
7441
3766
6718
692
5334
7385
1462
5023
319
3516
7076
563
2502
1828
5579
2489
1594
1501
727
4322
7609
2031
4530
6053
9335
3949
8272
4224
5085
3735
1945
2527
3584
720
9536
7259
5373
6058
5620
2809
7839
4012
2402
9427
4236
8661
3205
2244
7586
3083
4092
637
4521
5244
566
2373
2581
9302
3804
5197
8507
6610
4762
1521
2669
4266
8044
3642
5108
3915
6946
2272
3305
8150
9359
6029
6192
9233
4948
3213
1665
2059
1764
1121
7332
9452
7507
4707
1161
1082
768
2228
1489
9736
7356
273
332
7241
3366
964
6560
2386
7940
7239
2882
4942
8352
4019
1397
8459
844
3158
1660
7121
8148
5427
3069
3267
9359
2676
4853
7966
5905
4746
1714
5934
4960
6661
4272
7664
6625
6799
8387
6626
3999
8978
9262
4487
8631
2266
2110
3799
3618
1621
4407
2386
5200
1399
872
1973
9005
8331
9517
9125
3603
5667
3985
4472
6621
5872
4718
8356
8770
1549
7331
6799
8534
8022
7985
1109
3113
5798
5857
872
154
8174
3349
7538
8444
385
2186
1718
3810
4924
1143
148
3786
2643
6292
9963
6596
8742
7258
232
1822
5443
915
2397
109
9925
9198
2926
1082
5643
6225
276
4838
755
9547
8788
8027
2308
5013
9546
9681
2283
3284
1582
234
4525
7215
9977
3275
9324
2135
5569
3367
8901
6759
2496
7753
8422
7241
4947
4942
1964
4851
9438
4844
2394
6284
8957
8531
2326
8399
9333
4095
8733
8091
7592
2231
3111
9892
8360
1749
6213
5914
2115
5314
7287
451
3772
4637
618
1208
9434
4856
8798
8425
394
8224
2726
6142
2016
167
8057
5435
859
287
437
6254
758
9477
7267
2744
3738
9175
1477
2182
7169
1299
3500
7324
3381
9934
5127
8861
3559
8510
5861
5817
6940
7461
7899
5315
3106
7914
4881
8381
8432
5941
6471
5010
1579
1143
6806
1344
2789
1220
6993
2177
1695
8222
2121
5492
6895
9855
3999
7757
5133
4035
885
2917
1480
9615
1502
4991
6662
1922
9924
8665
8056
2102
8616
6827
8715
5491
6163
5279
459
4817
3659
6076
2514
2103
5170
9153
5694
2533
8537
7963
4705
2650
3617
4083
7602
979
6706
8087
17
7729
5860
6291
8743
6581
3099
8972
8395
8219
5936
6041
7778
7537
9097
9630
8174
2530
9419
4086
4823
3715
8902
6572
3143
6360
6831
6710
6814
9140
8491
335
4166
8700
3542
8592
5073
2999
1780
4714
9151
4085
5167
7202
7436
3272
4575
7929
1958
2243
3431
5175
5836
2653
3964
6516
8161
6178
4273
6867
7488
2391
1677
3083
1898
9095
6206
1218
7547
3503
5159
4328
9370
1715
8661
3982
1551
4411
6639
1810
6815
9085
2508
1672
9986
824
2238
1638
934
938
9404
8188
5132
1951
4445
8686
5792
4886
8848
6591
535
7938
8473
7868
6529
8170
5174
258
845
8685
6351
4924
5660
1206
2540
2590
1933
2471
1168
5255
6232
7461
1891
7238
5814
5184
6718
2077
749
3325
5535
4586
8026
2226
2445
1383
999
3054
9685
7920
1420
9682
6738
4381
641
7328
9884
3483
2034
2574
8455
4971
1707
6839
8540
6598
9155
6223
3221
6811
7461
5792
6481
8919
4264
4966
647
1136
9777
2243
8312
5438
239
2031
557
3942
4388
8512
2847
2549
1731
7586
4550
6389
9764
4772
4809
895
6229
7455
3156
6349
5819
4803
2104
7530
1238
3231
2460
2329
322
3181
9185
6879
6441
3896
7347
6206
1974
8635
8379
2446
3061
2647
7073
5786
5863
8032
3343
5973
5153
4901
5505
1575
2787
3354
6857
9608
2006
1187
3582
7591
9599
8720
4085
5671
1248
7792
1480
9095
8398
6227
4834
4396
6797
8864
5453
4510
4951
4031
2274
4652
2651
804
1759
972
338
312
983
4723
9934
4262
7556
8093
5115
7119
2519
7882
5575
8715
576
1462
542
8813
4537
1523
7277
7073
1260
452
3256
7460
6885
3736
1416
8224
4403
4209
7852
851
152
8737
4704
4235
2127
7249
6699
1536
9133
6589
1778
589
320
6526
5466
4957
7828
7173
475
718
532
3953
6575
4629
110
1390
618
8382
4591
6490
1748
1037
2206
2629
2353
9078
6629
1508
1090
5669
41
7650
277
2731
5050
8068
1431
9623
550
4375
8873
6156
4489
8073
2848
4740
7327
8336
9638
1761
7337
4683
6063
4891
3550
803
9510
6412
4201
6573
8213
660
4256
95
2068
8281
3941
1884
7944
6430
1269
8382
7565
5727
4941
6943
5822
8998
9997
1316
6705
6558
3317
7735
1072
1826
5355
1503
3281
6176
7727
6926
5672
9087
8630
7095
4482
6298
6466
3385
2194
4040
7331
5885
9993
6361
9990
376
6782
4768
6299
9549
3453
2648
9813
6978
8396
196
1291
4813
8184
7046
5211
9020
4110
7515
3294
1550
6357
5826
3591
1536
6265
8615
661
2728
8563
7441
759
1831
755
7556
4255
7791
8048
7491
8415
2738
9558
5014
9536
6418
3310
3827
1570
4266
5259
1548
3326
5784
4560
7270
9063
9877
9920
417
1454
7347
4893
408
2885
9122
9154
2647
9147
9822
5164
4852
1846
6105
83
3404
5503
9888
8166
3051
7975
3661
1796
4022
4680
569
1943
3849
6422
2811
6875
936
9844
946
9405
6820
2818
3067
5006
3613
1540
5823
887
9918
8367
8907
9878
9753
604
141
5366
4272
5039
7753
6237
4765
1633
8134
1934
2255
1656
1815
1103
7810
2761
9753
6086
2745
1460
6054
8268
7770
5134
3700
2579
8182
8140
2494
2676
499
8075
1772
3617
2152
716
4721
4345
3493
3084
33
1849
685
8738
4205
2160
9457
9586
3069
235
6874
8143
5848
7375
6626
1565
1603
1910
8959
7043
9172
3648
9421
8495
5041
2154
5175
1108
1786
412
5218
4143
5232
3917
534
6343
880
3249
5610
1235
5280
2210
9707
6533
245
8988
5160
9508
4511
4738
781
8103
3537
7023
5274
605
9313
8311
4336
2458
7560
9628
7847
8204
8710
4764
6415
7452
2037
2903
273
5327
8136
9678
7264
8060
3329
1399
7042
6264
8236
1325
8725
1069
9035
5396
9120
6281
2382
8155
1047
3219
5966
7850
5946
8904
6503
7339
9835
7299
3744
9269
8810
9260
4280
5875
6815
1847
9871
5059
3138
941
4798
5162
3610
1496
756
3636
337
807
5502
394
1489
2850
3681
6716
6685
9991
3031
4942
5790
4338
8836
1792
2873
8540
6580
9076
3481
3114
5796
1364
5022
7287
3449
1436
2193
8092
8192
7315
9506
6491
2403
6999
9233
9739
5621
2374
1958
8461
523
3913
8429
7661
5030
7259
4049
4788
4945
9831
5220
2554
1379
5039
9192
9
1186
9401
4765
1213
5861
1956
2808
3336
4019
1560
3372
6674
9357
5084
6327
9389
2357
4913
7740
4726
2762
2299
760
5351
1761
8591
6915
7002
6993
6408
7109
744
8091
7076
2803
5152
3061
1403
6933
1171
849
2592
3157
3803
9470
9744
197
5916
7691
6504
2733
5555
8483
6723
8464
1771
3882
4752
11
5550
1330
3746
7705
3865
4746
4577
8486
5224
1508
7950
6334
5312
6561
931
8144
9963
700
7289
7060
6206
816
4499
6470
2631
2278
7656
4879
9730
3231
9614
3151
3307
1482
6465
2185
9229
6482
1412
746
5945
215
4286
4631
2739
5464
3845
8370
9606
2922
521
424
2039
1928
8198
4875
102
8103
1117
9447
6097
1252
9933
9299
724
908
955
3062
6539
2279
5232
4948
5768
4722
5329
5779
9919
2152
9706
1102
7278
6813
7300
7653
4378
4391
2518
2799
8565
8345
6967
8765
9340
3741
5393
5628
8557
77
3729
1847
3925
3213
7259
39
1959
3449
5643
7384
3977
8807
3846
5737
7705
1209
1823
3359
1389
7873
4053
8470
5623
7489
1306
7078
6903
7758
1134
5294
6762
7824
1833
1903
6385
7561
5512
3799
2172
7583
4847
9305
917
3592
8621
7030
7882
3041
5005
9834
9906
2699
6809
7077
144
8210
1417
9204
5141
7979
1624
2107
8896
3498
9479
6306
209
9789
8363
8393
1563
4441
9442
2649
2599
5759
1011
2009
1253
8970
9315
2441
1118
8055
6452
8015
4053
7393
6280
2060
1627
9721
8515
8857
2338
9007
5710
2643
9961
1743
3192
3073
6470
9770
4631
7582
9955
2112
9020
5223
1071
9591
6357
2866
6052
6139
460
1400
7128
242
8684
498
6365
9515
787
9340
4964
7874
6419
6584
6991
8658
3475
4353
8371
7176
547
5290
9420
3567
4669
9427
7722
750
790
8391
3514
4618
9619
8245
5439
2297
2089
9977
4559
7892
9005
7815
5626
680
1978
4963
8597
2778
1920
2655
2501
1076
8601
4050
9255
9425
4840
