1343
7975
4363
5287
2126
6968
4539
6363
9610
8968
2075
9614
4677
4249
4967
4184
6314
3611
9572
8900
3471
2799
2294
516
8138
7411
1675
7323
2573
1052
3880
7336
6463
7858
8782
8674
4120
9973
5128
6751
8697
4509
5475
15
7798
4431
7178
1893
9089
7915
2157
8437
6517
3010
9838
2664
3659
1301
3065
3901
2476
1241
7901
8027
2083
7767
8282
5809
9646
8192
5625
9550
3265
4141
6402
3020
1847
996
3439
8886
8935
166
8363
9275
3407
2118
6677
4955
4463
2804
7911
6494
7508
5064
1278
7332
5999
6762
7429
2503
1089
957
8562
8428
278
6220
9949
8345
8396
2188
8153
5392
2702
6498
4272
6121
801
9182
6527
206
8266
580
1035
3744
1433
939
5182
1784
9175
4783
5858
3479
9208
1537
1417
5150
6396
4142
3606
58
7752
1244
332
8903
7339
5505
738
1477
4848
3710
8575
8232
5920
713
2407
969
1857
3672
2354
6458
4718
8201
1461
2247
4452
2431
4528
9352
4231
6070
6323
2227
2575
9495
430
7678
6802
7240
1779
226
7567
9707
6762
6427
1540
5846
9185
892
5645
9442
4686
8031
4602
6893
7506
4106
283
9163
652
5533
1866
1641
9719
7496
8742
9522
8785
570
455
8410
9593
1923
5187
2776
3235
6859
2220
5856
8796
3884
2515
3646
6293
7770
8781
4783
4702
3172
9216
617
4320
4626
2875
1115
1398
7149
2704
8671
3993
5934
190
2780
4471
3550
1071
1849
1840
2237
218
5531
3404
7775
7094
831
7164
1824
7597
963
4363
5368
9912
446
2961
7242
9596
7984
7717
8822
1633
3572
3835
4158
4443
2115
7681
9958
6951
6674
6850
3781
1092
4731
7318
1624
6315
9369
3110
9557
7388
6988
7471
844
6182
3261
5123
6090
691
3084
4998
983
3710
1237
1531
6448
2690
3393
204
1951
1456
872
6080
9046
2284
6499
6588
954
2453
7152
2905
4716
6687
1104
1181
9651
3263
1898
3033
8309
2770
6626
9262
6949
3898
2228
7261
7350
7910
5626
2666
4893
1533
9806
3004
1524
3319
3065
6148
9659
4456
1209
3351
4649
7514
5937
8521
2257
8838
3114
2392
4144
3470
4567
8994
258
8922
3943
6900
5300
2109
7412
2769
7652
3875
7672
8667
7492
5513
8847
896
2414
9257
7527
2484
6817
8065
4068
5543
6970
5919
7056
9203
3774
6971
1951
9125
4995
4081
3249
7781
2319
745
561
3219
1128
6533
9402
6256
986
5863
5130
806
9303
556
78
709
2536
6856
1532
9772
5026
8463
576
7488
1428
2717
9646
5355
9229
3044
3830
2612
4554
6704
8934
9734
4413
8648
5433
2752
4265
6114
7021
7146
1770
1235
5587
8302
7073
6627
4735
5290
4221
7209
1743
5793
4821
7400
9944
5096
7170
4757
6539
420
6442
3860
4295
4141
5127
1310
7640
4063
2758
2241
4910
2718
9018
8660
9384
9907
2385
5798
6111
8183
335
962
4415
8234
1062
9328
3664
6993
4327
5227
4323
3770
3010
5850
4664
2141
4554
6670
9084
6417
9012
7335
4559
3351
5741
899
9587
807
5387
8052
3329
2262
4396
1613
1318
817
1531
3353
715
8824
9617
8296
9346
9481
5799
8902
9564
9688
1546
2505
4791
4889
5848
6664
1701
5034
9350
5827
1544
4783
6036
2179
8057
5963
1256
4734
4472
7559
3095
5350
7565
8579
4114
1168
3869
87
573
7980
9784
1460
411
9638
1071
2651
2981
8039
1620
2425
9481
4808
1545
6447
3775
6261
26
7898
5895
2026
7767
7443
8430
9149
57
261
4880
4471
1302
2437
7703
9824
7552
6867
145
3174
7623
8301
7312
1642
1343
2074
6058
5607
8924
7050
5553
8735
6330
5207
5629
6628
6905
5751
9029
304
8549
8273
5549
7058
1155
698
8938
6598
2984
9227
6832
927
5348
8497
4108
4083
7899
656
6925
2579
1060
2885
317
838
6699
6103
9918
289
9585
1640
1776
6789
3795
9374
8223
4404
3208
3784
6841
5361
5667
3295
3740
5668
729
3148
6318
6647
9052
6976
8631
6097
3126
6211
744
6044
498
748
3503
9748
6836
2810
98
2062
1640
3069
6713
4450
9223
8948
6024
5575
4151
1364
2698
3866
7674
7793
1129
3179
1046
2636
3946
9380
2629
4313
8486
7254
2402
4316
658
2273
9876
2752
8688
6816
6568
2419
270
815
1190
1697
6108
1483
694
556
6940
1652
5931
3941
2898
4849
8829
2009
779
1600
4101
1083
3130
5432
2497
9450
2780
5821
4599
1583
1853
7695
6758
2341
7604
5088
7912
2677
1193
640
277
1388
2407
5511
2369
252
4141
3630
5988
7100
7822
3114
346
1197
1976
9766
4241
9962
4514
6587
2528
266
9086
7391
8952
6422
7854
9320
3666
3713
6338
1099
1095
2937
5920
1270
8959
7209
4781
7238
2705
3592
2535
4261
313
6002
1637
2803
2135
2992
7542
3888
5620
9238
6966
4420
8464
8666
9151
3947
9799
2588
7852
960
8626
9270
169
4853
3497
7921
4998
3724
582
5441
330
4278
693
2814
4100
7109
8327
9697
9405
5135
3078
7031
7466
7922
1715
6325
6717
5918
4619
6968
7066
3876
7400
4375
6279
7817
7971
5240
7021
9302
3735
1595
7980
5792
6978
8759
6507
3375
677
8047
924
8141
3898
4929
9757
380
3908
3195
2315
5892
4466
4362
497
3401
5406
3760
607
6533
5202
4193
7942
6759
6762
2074
927
4839
5412
6127
3499
2628
8820
5920
2165
9053
4004
4327
3012
776
2873
4000
5949
114
3201
293
7269
3172
9976
901
1811
7790
3001
6017
6068
1570
4369
7123
9288
928
1696
4987
2346
3674
9929
5479
6206
1139
4649
8494
5410
7416
1700
1001
679
7835
858
3438
5497
9576
2521
3067
3929
2759
4844
9387
1820
8733
721
3016
9772
4510
9769
142
4412
8147
8824
3256
7785
1091
4588
1369
1436
4034
2010
872
7916
7875
1668
1689
9713
9435
4886
8468
7011
5492
1712
549
9457
1754
318
4591
5213
5446
3571
5213
1972
1748
9541
5991
5164
3475
6913
8189
6326
968
7087
8275
9490
2623
6896
7065
6306
992
8068
9014
8359
8842
8680
1585
7943
2366
6828
9835
3681
6043
2659
252
7863
3217
3139
9592
7817
8916
9917
7614
5971
5967
8214
6045
3708
1986
5860
3187
815
858
3492
6276
6727
6796
7960
3811
1700
4286
8047
4848
2490
3329
7020
5534
4936
1934
6968
9264
38
2460
6130
271
5863
7371
4533
2202
9262
3025
9187
8203
6077
4271
8557
7650
7129
8703
4116
9440
1433
7564
9626
2754
7325
493
1282
2536
4700
7167
7334
2625
9557
5534
3510
6917
87
8672
8926
9807
300
7775
5777
2852
2224
4945
9186
8308
2256
3686
2081
8364
269
7117
6818
9206
9791
5666
2713
3790
3190
408
2002
5073
3708
2671
2221
2196
6519
8290
9190
7278
9338
9329
8114
6691
5643
6358
3942
767
8143
9525
4514
379
9954
7252
1339
8318
3715
6229
2134
867
7659
173
7727
835
8974
9954
1673
9775
3962
9781
641
5341
9580
5289
3419
3228
3443
9104
5166
9301
3756
1729
3035
8064
7900
5783
8008
1552
9068
5993
6860
6652
5086
3665
6803
6139
9838
7404
4928
3083
8196
4429
4946
3358
7782
7726
191
6738
2411
5092
8958
3740
4682
1789
1377
2400
7824
8729
9343
6079
4512
6018
7503
6685
7988
3482
2288
8205
898
5792
8886
8364
9963
9806
8638
6887
5581
4961
5187
7994
4295
2278
1241
5399
1820
8206
3351
3502
401
6494
4386
5151
4977
4661
7620
9385
1921
9546
1307
7294
1229
2802
5485
8741
5504
3547
8665
2859
8659
8920
5913
7208
7469
1770
2677
4282
8648
6695
9217
5040
5636
2265
9142
4436
453
1381
7341
4277
7576
5015
3383
2560
947
1863
5867
8843
9049
4730
9511
5039
1677
9847
4247
351
9374
67
7892
2889
769
4108
8499
5655
7133
2959
2190
3874
5343
8711
672
1109
2813
5651
1434
5689
6376
8434
4723
1250
4202
2349
1820
5221
95
9281
7585
3636
7249
3543
4379
7640
9451
3426
8626
298
3487
2389
7312
2798
2675
5278
2177
7788
1045
7763
3206
5628
3887
8151
3961
7277
2679
6937
2715
4835
5053
6762
2873
9611
9623
7241
8541
6092
2042
5980
1777
5035
6990
3197
2238
4346
9700
4415
2050
975
9556
427
2672
2733
4110
539
5618
8513
5730
1858
1145
4043
5148
4791
8997
7639
7863
2268
2224
2583
18
8399
6612
7183
6879
3852
4413
6540
5768
6397
9513
1970
1469
5455
108
1440
2920
7282
2321
6466
6434
1517
4922
5715
318
7515
8520
1533
6723
9270
38
4271
9319
6910
3744
6217
9766
1702
9233
2775
1458
9916
2826
7016
2244
2467
7406
5994
2929
5247
522
4723
3721
4652
210
4318
9928
4970
486
3457
4943
3321
4
6535
9261
1646
552
5406
966
2847
7998
1807
8230
5425
7623
1958
4287
891
7737
5517
5277
4070
1409
4633
3755
5363
9749
6848
1199
3753
1636
4854
5680
2074
4862
8643
6440
2081
1632
5170
8548
1723
9287
9736
1096
1359
5526
495
5135
8826
6675
2143
1104
6475
939
2680
9405
3000
9190
8686
5349
9596
7733
8241
3449
9918
1288
6215
4508
6942
348
4457
3683
1150
49
7831
4636
346
1066
1257
4842
9782
2254
2259
8734
9763
1067
6787
9634
3422
9338
666
9632
21
733
7909
4559
9031
7077
1112
5293
1590
6961
5606
1960
4795
6464
5182
150
8295
647
8469
452
8034
1086
9741
9595
5442
229
6079
1711
6169
9205
954
9778
3498
2289
8663
2982
2810
8938
6360
4847
2720
1506
1821
870
1048
7224
9907
618
9002
9010
3338
5072
2801
9641
7841
6332
1659
3134
3344
9688
6908
4154
4609
5633
3135
4851
763
785
5242
7307
4861
7318
8637
7715
4484
4738
5655
8476
3289
6108
4341
5838
4426
7827
5640
2641
3059
2227
6738
3449
5417
976
3900
9327
8771
2607
7815
3018
4789
8468
1837
8252
1242
9030
8611
1816
8477
2175
8478
8354
708
2272
7150
9871
1450
8273
2060
1099
9432
2005
2683
3098
9791
7564
5966
9094
6484
4562
6118
8567
4472
1748
22
2272
2211
515
3349
9542
189
9090
9951
5996
6456
1994
3465
2345
9021
4524
9055
171
7634
4886
5195
8101
9397
4383
6484
5444
1672
6972
1201
1279
8505
5
2984
3837
3452
6050
4536
2608
695
7054
8015
1919
5210
3902
9209
513
4745
6667
9574
2181
1671
9834
6486
1839
5248
3133
5123
7805
4388
9763
3995
8983
443
2938
2985
7941
681
6421
4559
6106
6208
9800
6514
9230
1164
4848
8002
618
4431
5760
7621
2989
8618
9414
15
4987
7252
8796
9247
36
1930
2314
7369
6899
163
6312
811
7277
5359
8513
9887
9961
7356
6148
6892
1727
1940
2900
7193
2713
854
9887
1920
3654
8655
3260
730
3693
9365
1597
3180
623
5648
3412
4958
4453
5301
4018
1060
9128
2672
4347
1803
352
8430
6469
4065
2708
6501
5246
3937
4928
8672
397
218
7205
1802
33
3580
4426
2790
1671
9726
1920
5369
9863
2718
2339
7893
45
5446
3948
658
6933
7271
6019
8171
2751
2757
3506
8787
4723
575
533
2898
6126
5929
8814
8592
1690
3064
7189
7292
9979
1433
716
457
982
4334
7856
998
6892
6406
6235
2408
7476
9864
1143
2407
1383
3548
2733
6306
3141
8982
9851
4479
3093
6224
7556
6499
5417
5522
3394
9482
2064
3169
1494
9444
5269
8401
6032
7821
7540
2376
1690
7654
2093
2577
142
7285
1425
4921
2408
4310
9593
3402
9559
236
8790
9762
7933
313
3300
703
9525
4757
7111
6329
6548
5342
1207
2172
1736
3389
6440
1600
6669
145
1634
1655
942
9770
880
6658
7641
7763
964
1440
1307
6397
871
7636
3787
3797
589
5122
7219
2689
663
8823
8664
2236
5778
7074
9322
747
541
6674
1207
8043
3865
5949
8395
7914
1289
3001
3186
3486
9304
9627
7853
949
425
9483
2931
6107
9818
3760
6431
5810
6418
7629
7143
3089
2377
8087
2461
1467
279
6674
702
5530
3204
935
7927
4616
8559
820
4376
2666
9530
1056
5681
537
3442
6457
9704
3151
813
6380
6781
6571
3436
8080
9909
6000
224
9488
7842
544
1417
7315
9268
9312
5529
7322
2056
473
4694
2821
4110
5435
3983
7458
3369
3469
1190
2899
9056
4645
8444
9355
225
9584
554
6533
2725
7215
5883
7024
3535
4927
6855
7883
2830
9043
3370
7017
2657
3504
1300
5073
5978
4997
3785
6997
4571
4437
9848
397
6797
2466
4377
7648
2848
5431
5376
9886
4381
1634
8030
1180
5815
4412
4822
7820
5519
1702
7933
2873
8807
1747
5866
396
8030
988
6942
158
2266
5476
5421
2427
6788
1048
3866
3119
5149
9058
4129
2016
7215
6427
8925
1335
2526
8058
6090
7516
4989
830
565
253
1196
3667
9711
522
2687
3204
7824
1344
9387
4046
8712
321
649
29
5601
4877
9693
566
9617
5295
8208
3103
5484
69
3849
5806
2982
4157
5626
6077
1989
2377
2246
6727
3285
607
1761
9410
2453
5872
5312
6409
3822
5347
3584
4340
3892
541
7250
9638
2869
1726
5283
9027
5295
251
7962
7244
1998
8132
7851
1257
9235
3026
3609
5777
1376
5215
9496
8665
703
785
1439
1767
355
4948
844
9249
9446
9427
1250
3431
177
6467
7950
90
8458
7676
7639
2055
8232
853
852
1764
194
6539
3959
6774
3797
9358
5319
7917
2420
2952
5323
3596
5498
5786
6658
6632
1403
8532
5184
5149
56
1905
6675
3784
7201
3789
5380
324
6101
8660
9512
6036
1413
8009
2422
3034
5959
1007
8131
4242
4103
7335
4841
6206
2519
2007
150
1470
8102
6787
5617
9851
8431
6699
8487
8833
5912
3953
420
8167
2827
1669
6669
9900
8114
6175
3913
6928
8587
5016
2192
1980
443
1605
6332
4831
79
3969
6556
8757
4509
7653
40
1894
1977
3751
9550
6169
1524
4861
3338
8627
7278
5996
2261
496
956
1921
2133
9405
6501
8507
1842
1055
4550
1859
2888
3795
7013
8410
6248
7939
2019
8909
3033
9474
1323
7591
8300
4708
4439
9380
3485
7085
7905
8349
3221
9445
9623
5012
5292
4132
9112
4157
5932
1135
2203
1048
8257
9023
8878
5559
8109
4923
8572
4560
9848
8226
9832
2464
1220
3751
1574
5946
9406
1801
4297
4683
8497
8285
5047
6427
5844
2298
8232
9283
1092
3329
5613
3909
3724
2263
9966
7692
848
5393
8316
8401
8554
859
3189
9959
8235
8549
885
804
3987
8154
6874
1356
4812
1406
9264
7051
4832
9075
2186
3887
8476
1240
3106
8384
4252
6959
2488
2733
5829
9225
9943
4292
3937
5969
8901
846
4261
609
7065
3973
1647
1669
198
6690
6619
4762
4854
5607
8357
4514
8994
7222
1928
6984
4653
2476
7605
2186
8529
254
8784
7144
5393
5390
2804
8295
4973
4714
3206
9282
7780
7121
1062
1901
9844
7747
6786
8567
2013
7540
8662
701
451
3180
5038
2917
5090
5822
844
6477
6460
9811
9396
2128
4398
3602
7380
866
8497
159
7185
905
8507
4221
7373
5240
2998
3857
2421
1176
5209
4085
9223
7797
690
2565
6208
899
7781
4953
4387
2284
7422
8031
710
7655
6818
837
1879
469
6931
64
5484
1947
483
2348
2615
5736
2496
7249
488
9650
1118
8510
6220
5409
5634
8660
9668
8343
4202
7730
752
1402
7082
744
1818
8800
4465
474
6352
8534
4842
2851
5081
8765
4542
7027
5512
3089
5543
8551
9502
695
2496
9028
6714
8371
2472
1439
28
4499
7493
2411
9911
6444
4757
208
4020
4639
5999
629
3571
9111
6024
2459
7277
1345
5378
8661
3269
3256
4095
8439
2780
4509
9683
5226
9684
8800
839
3305
3724
701
170
491
266
437
5234
2925
8504
120
9680
3867
1573
3084
7441
1595
7643
7325
3569
3511
7184
1489
8043
7941
4246
886
8043
5636
6350
1499
1316
8069
4826
24
9453
4036
719
7194
4998
7009
4665
4511
6360
4367
8152
9482
443
3721
6793
8228
5201
5756
4864
6368
7359
4757
4720
120
3980
2599
5245
9401
9282
8632
5144
3608
3106
6922
1178
2383
1284
6497
8188
1081
331
5062
4675
1253
7303
1943
3401
3146
9252
456
2598
1672
6096
6474
3598
6038
5946
8134
8451
9662
3382
6135
347
7345
5597
6929
3213
8200
6481
1698
1653
4424
542
2227
7367
3553
7883
1114
1696
2883
8112
6656
3399
62
5474
5210
1955
3012
1322
8054
9766
7773
4755
5108
503
6039
5714
7950
9982
6856
7120
2694
3832
4434
1299
7338
1578
3793
7019
2374
1330
8836
7624
4215
9800
7429
4104
1031
916
4167
990
8026
4026
6235
4526
9156
3920
3471
8149
8725
4656
4964
6326
8082
7992
2378
1583
32
3391
9610
3786
7247
4290
7743
4847
1602
5949
4466
7431
3159
7925
6257
731
1527
241
5580
3947
5339
7993
3580
7354
616
695
4975
8279
8617
3482
1860
7622
1033
3386
4127
6221
6889
9733
8474
3467
1060
5288
9849
2418
3468
985
6696
1125
560
5905
2787
5373
3677
9831
4721
1846
158
6984
3742
7894
3393
7954
9188
5709
8887
5055
7254
5895
9128
5856
2792
559
5681
3071
8750
8750
5195
7974
895
1697
153
3213
1109
6968
1710
1182
8820
9835
1576
5878
5557
6039
2813
1236
383
166
9504
7123
7920
781
6880
1444
2877
190
6558
5397
8500
2574
3000
8638
4458
737
215
2810
3638
2705
7825
8546
9816
3422
4908
7749
9480
9279
320
4308
9479
9799
9368
3225
596
7970
9077
8
5405
2846
8190
6606
1343
5815
1751
8838
8397
2075
4685
6875
6521
1500
1404
2999
7138
3299
574
4921
3034
6786
112
9925
2530
6658
5202
8326
9908
91
138
9935
5085
738
8566
8735
2581
5324
8684
5586
3788
1297
9936
9604
7683
5420
6322
2496
6580
1071
4000
1159
2895
2723
6303
8348
7363
6124
1090
7900
2373
9819
4661
3452
1231
4478
3849
2970
2968
3010
3211
3637
2156
553
4115
5145
2488
6902
2214
370
8916
1140
3065
6898
6413
4983
1731
8365
6462
5530
8269
3729
7994
9847
8072
7284
6505
1990
1259
7638
9341
4989
3752
9925
7999
2933
1146
4942
3019
2333
7213
9825
4149
5751
1114
30
1190
1153
8206
1660
1015
2462
9670
1769
6264
5539
488
9275
3150
7838
4929
7364
6791
8880
9639
6020
2587
4491
3914
9704
9025
6534
5740
6385
3498
4061
921
9728
5375
2597
6405
1405
1602
5134
8081
2854
147
9394
9370
5764
9634
1146
1710
4186
1643
2015
4379
8439
707
6781
3862
8890
5053
9012
5061
7413
5146
712
7866
3115
6011
1305
8972
5267
3828
3245
8115
6430
1886
9960
3616
6821
5737
8526
5239
2539
8813
495
5066
8737
8683
7857
7075
4953
5605
2876
3261
403
5942
8574
5935
2147
1871
3902
5143
8051
2351
1166
7327
6164
5726
5386
1743
3984
5207
5598
1151
779
3616
9156
4902
632
5479
5673
6772
6856
6603
7409
4088
8333
1475
1793
5535
6172
9631
8443
9530
3217
7161
9607
4666
6828
1639
9532
3515
4106
6993
1630
4890
9295
4313
6033
9988
7726
7643
891
3229
7403
8403
5192
634
3799
1030
1127
7883
7403
5470
242
5944
1456
4597
6891
5367
9419
5965
17
5528
2054
1209
9250
8909
9737
5452
3146
3001
6504
5580
2906
4579
9030
6066
4516
359
4807
5617
3363
3929
1123
3793
359
3623
1670
6023
9661
9659
2948
4819
1534
6601
1274
4629
7150
7051
8015
7356
20
5591
5338
7309
3514
6921
573
9404
3770
2466
7439
2666
1128
7965
6104
3948
431
9434
1701
6787
4147
4137
9067
6301
4742
4548
504
1848
6102
4553
293
7358
7171
6739
9704
7202
6510
8964
7093
3813
6525
4993
4788
9188
4092
4938
703
5010
3917
8836
5250
1886
8608
1541
2421
9937
7725
732
4837
1382
7150
4538
4638
6358
6794
1713
709
8559
5868
6791
2561
7360
7650
6950
58
1603
5953
2340
3626
9512
4518
7290
5713
970
5400
1444
2068
4097
2089
2484
8213
8387
1098
1762
7309
9703
5310
3332
1590
1976
6199
2342
1830
3122
9309
9111
6741
6876
3773
512
4975
1586
8174
8657
5253
1005
4351
2857
398
2417
6203
6961
7548
7716
7599
1094
9417
6230
5810
194
4815
8625
3555
4726
998
8718
1505
918
2153
8417
6739
3745
6546
403
3304
523
4580
154
9272
4233
3111
1847
4858
4616
6669
891
4591
538
7267
6087
8715
8958
804
1086
6756
4298
7063
1097
4402
2392
745
5064
7271
7099
3221
3440
2744
3565
6880
949
4025
9846
7633
2389
6055
4107
9869
1662
47
4400
9313
8605
9628
75
7256
6260
3646
6871
6909
8519
2485
9329
6186
356
620
9555
8222
2460
7571
4315
6238
9410
4421
1815
2610
4015
3401
8719
2560
2640
1363
2894
9750
6253
1754
9343
2800
5958
453
5280
2746
7788
8606
9029
5104
7593
456
6396
4033
8253
6269
2089
1969
2502
8736
3902
1229
5147
9154
5032
4378
2405
9760
9992
3990
7562
9161
7356
4896
8632
797
954
8788
4091
9872
5672
1358
2491
6590
7115
8000
5380
1193
9067
4607
8707
4190
8255
1159
4778
8406
2282
2910
7345
568
2305
790
1802
7307
9511
3004
5134
7674
1208
8014
8920
6256
3518
5626
670
8690
7011
913
2168
7676
9252
4410
8015
4611
7582
1843
8883
2986
2089
2
7480
9345
7981
6377
7086
1719
132
4120
5612
2384
5470
2876
1417
5505
7867
4694
9094
6728
793
6727
571
7721
6938
9511
1245
5011
4720
1237
7624
5538
5224
7608
1743
1165
8513
6051
7405
6623
5383
8167
2199
211
881
5155
7792
2536
1139
1351
9640
7284
3392
6902
4114
3637
5807
6586
3377
1122
8713
2609
1566
8865
5229
3652
8056
5873
560
4137
6857
5383
8420
350
1201
6439
5188
2582
2418
5256
5897
3169
3911
3066
76
2371
9233
9779
7545
1286
815
2884
4508
8891
3977
7211
8938
1900
8281
8146
5151
9645
1863
4548
3455
9585
1776
2896
1467
4489
4290
6630
6515
7415
3831
46
2962
7409
6571
712
2970
8369
5355
4910
2813
7224
9548
4693
3861
883
3493
6339
1489
9350
4235
9690
6524
372
6935
6722
9451
6113
1381
5877
4131
8383
9708
2404
3045
4660
277
7479
1735
6173
2905
9010
9104
3627
3676
7299
2592
5212
3184
9799
2730
1973
5736
3916
6927
4395
8330
6833
9495
6513
6847
9562
1326
7195
5146
5088
7818
4896
3474
7461
2661
3503
9982
8165
9963
1641
3564
5944
4896
2044
4799
8484
1775
3567
931
9119
3739
2729
1485
4370
9508
7725
9475
2760
4425
9568
9429
1350
756
3338
103
582
5462
8154
1181
2683
7743
5556
18
4729
2234
7350
1780
3052
4435
233
4223
3542
2742
611
3988
1911
6405
2249
2342
2820
5638
6049
9330
8026
1799
1653
8216
8284
2175
6900
9018
4153
8930
322
8223
7545
80
6528
2773
2549
9098
2967
5057
3846
4082
925
1300
7493
7695
5290
5708
9554
3786
8324
1219
1201
8888
1926
5177
1438
2675
767
7577
5105
7991
2519
7466
8124
8919
8204
7572
6210
4585
1739
2029
8082
3061
7547
6463
3744
421
9922
6232
1669
3785
5291
7198
8669
4010
7247
8909
9246
6248
7312
5566
2008
8691
8821
8885
7496
3154
8047
1527
278
8148
8875
7734
3167
4225
5648
2971
6413
5643
7016
4207
5041
2134
2507
8694
8323
5841
6038
7272
1680
9137
3467
8845
5859
8073
946
5813
5822
455
7533
8449
1527
8958
4490
9009
5968
2363
5377
8699
3422
278
781
1573
1003
9287
7752
2319
4151
2306
9470
3616
7386
7201
100
5067
8676
3437
1857
8509
2469
4425
2586
6566
3080
2683
1100
3314
7130
6807
4386
9347
617
3529
9079
7005
2695
9903
8197
9550
2750
7969
7084
4103
637
2670
7966
3067
432
7396
6567
6067
5983
3243
1081
9339
2477
6015
4070
5917
2032
745
7383
3080
8976
2569
297
6380
1432
7153
6279
1365
5690
4049
3618
3794
9183
5178
5374
6385
3644
4977
2310
8120
2304
691
2672
4722
2858
8639
9338
2405
7319
4789
7236
1836
281
2809
8631
4902
323
8563
7299
2250
1328
3142
5110
1924
196
555
5480
7889
3930
5289
9796
2787
189
9491
2193
8481
7330
9871
9695
6462
914
1902
396
7493
598
941
9462
9070
9659
6967
2075
5375
9893
4116
668
1346
2639
3763
4352
6511
6352
4159
1940
4534
7433
689
801
4059
3755
4370
5622
7566
9366
3882
1988
5637
8701
2698
3257
3017
4149
50
387
4570
1659
4160
8918
8928
1397
663
425
7103
6768
2408
5563
8150
9033
5343
6099
1908
1768
2524
9285
2999
3271
5548
7104
2306
4880
7027
6868
2106
5444
6073
3121
1934
984
4782
5674
6593
9449
7451
3912
9702
5456
9559
444
7238
1553
9554
9180
96
7517
7329
4847
1678
3672
6839
1764
4815
6581
269
7691
3479
285
3582
7895
4000
8958
9553
731
490
1120
6211
1250
8950
211
8592
7819
2459
1188
7214
2417
3299
7934
406
7336
406
1949
6272
2787
6369
2670
5115
5475
4802
2051
9078
8938
4610
4755
141
8718
5391
2429
6387
4776
2245
5356
8968
1644
649
3574
7031
5923
3074
6239
5327
6213
4644
7979
8652
978
1114
5345
2273
5919
8207
7931
8788
3966
9865
8169
7047
3541
6275
1445
6830
1361
742
241
2450
2948
979
813
9985
8553
287
756
7503
8168
8188
2726
7789
7685
5808
7025
9492
3811
547
3144
8270
3542
8842
8150
4034
3238
7035
6811
2010
3295
1661
3637
9906
1542
2814
362
7407
4726
5056
7666
6794
4759
3585
3569
4424
5744
1797
8658
1655
7012
4370
783
711
2984
5560
8060
6194
3956
8123
2628
7850
7320
4526
5868
2797
9750
4382
3859
2327
6733
7080
587
197
1974
1592
5953
7265
4615
9151
5591
5407
6325
1440
9651
7651
9318
375
1393
9132
2452
2262
1380
9969
4158
6814
3065
1047
5512
8550
4972
4012
2883
7131
5172
5619
7336
8533
7769
1932
4365
4753
9446
2143
2698
8048
3945
165
8085
9787
6104
5427
8665
865
7934
5076
3349
7183
6578
8306
8321
9291
7304
7665
2876
1645
7697
7496
3536
8235
1822
4093
8567
7007
5794
9179
999
3687
245
6114
6265
264
7508
9388
5863
9456
1462
7592
9539
3527
2618
9140
7236
3617
5804
1915
91
4819
7718
6073
7717
3631
9267
9431
9561
46
8655
8344
433
8808
5274
1503
325
6019
747
9210
9106
2038
3025
367
1354
5081
9765
769
3621
2315
9163
5919
1798
1103
5799
6889
9160
2932
3837
6048
8983
3600
3633
985
9643
1352
4620
6958
2286
3375
1808
2706
5743
1640
1075
5918
5391
6521
8599
8620
4073
622
2074
5199
991
1559
5177
3933
8991
3712
9743
6395
6196
7787
4092
2163
4681
7899
7761
7508
6312
9215
8119
8806
6113
1690
1679
9177
7254
2475
6356
1033
5363
1470
9420
7104
619
1550
3902
984
5453
6965
8606
3531
1046
6385
9748
5849
8271
6293
8506
7349
5207
8729
7700
7101
2636
7215
5849
756
4179
3204
7488
6701
519
5838
5734
5942
3086
1352
4699
5935
9558
6375
2765
1381
7215
4088
7357
4720
9922
1001
9997
4389
143
8048
4234
7608
1813
4044
2407
1603
5529
2454
2767
8683
6922
3923
8348
5845
3083
7161
7061
7765
6191
5675
5729
2958
5315
3059
7339
5547
2869
2780
526
7896
5699
5369
1647
3310
8254
4308
5242
9241
2174
135
5237
7512
2702
2465
4177
4257
6519
3253
5166
4606
4635
1333
8190
5416
7656
9943
866
8238
6461
1889
5792
1330
3672
7910
6358
8192
4333
6301
1528
6220
4676
9866
2006
743
1641
5595
6425
445
199
1841
4524
4591
1982
6857
1175
1064
2608
3942
5462
4126
7948
1149
8216
9350
9362
7229
9043
2772
6454
5096
5397
1902
9423
2291
5590
9020
6367
4678
1273
6399
7468
1248
6193
4955
9485
7018
5584
9922
3361
2646
3899
8846
3496
3364
3753
7178
5813
5904
7850
4061
3291
5772
8788
4837
9925
5974
1097
3996
866
8837
9077
8282
4621
4613
8787
1222
8138
989
5342
938
9101
8921
2421
5282
2245
1417
1176
8592
6885
6229
5455
304
9714
8331
6826
2803
4280
1351
6611
3578
3192
1774
9200
4737
6092
2326
9940
181
44
4453
453
8275
7752
4613
504
287
5813
8145
2376
62
37
9327
1350
1232
3615
2394
491
7213
9581
4970
3064
2811
3828
7506
2062
3049
4879
4983
970
108
5220
632
6504
2739
6680
6253
888
1464
3694
6992
8910
6214
5242
3570
675
2018
180
2780
7337
1543
6136
6788
5420
7490
4251
5928
8468
7687
1752
74
4647
4781
7975
6631
5836
973
2239
3925
4665
5842
1379
9865
5918
5901
1848
1539
3690
9097
9207
1207
3291
1285
3213
4104
6180
1523
1151
7410
8854
6573
4283
2852
9809
1231
6842
601
8804
2500
2578
386
3120
8608
1544
1057
394
6087
6035
6404
3680
6169
9723
6988
5059
4411
9071
4090
8306
1619
3558
2629
3463
7040
6430
7274
2731
4787
5825
9616
3060
3598
4005
2262
9087
2919
7154
2140
9545
8904
8110
8619
2663
3831
4948
3986
8213
5117
756
1070
7771
1254
6563
9557
7036
5988
8867
1119
7096
5167
2990
6481
7522
1837
4252
6231
603
5178
6676
1981
8205
308
1214
9195
2964
4790
2807
9131
1430
9967
4526
3208
4580
5486
651
4853
5240
541
831
3078
5326
4455
247
3743
9759
9222
1882
9032
8537
3149
1218
3145
682
1903
6343
712
6459
5547
5831
2732
7210
9893
6994
9612
1647
2353
4929
1482
6560
8318
9878
5653
8496
8813
3295
2975
7138
4109
8132
5165
7451
5077
128
708
8149
3293
541
3974
4272
7177
5672
7656
9700
2018
4067
4015
4865
6051
2313
4375
8759
3741
5980
2032
7618
1159
2634
1141
7853
1846
3134
4778
1399
9749
6755
7457
450
8673
9524
7801
6856
1764
2542
9348
8056
6396
3431
3332
3727
9399
375
5025
3378
8541
2596
1481
9863
7561
4877
3300
2884
5013
9980
3827
111
6754
6190
3397
1572
6657
895
822
2757
6993
3726
4724
8796
677
7536
9279
6779
9985
6976
7772
3045
881
8436
358
1557
7430
4170
6866
6092
622
338
8077
248
4847
3301
5156
1424
9743
2611
991
3180
2739
4315
1899
9089
2530
5539
7572
1291
4518
4263
1371
466
6926
2542
937
6239
8259
4744
7600
4280
2325
9923
2890
6103
2400
861
4289
4921
9729
1092
9002
1586
5823
8905
8799
2701
3512
6691
6535
5041
4281
8272
3203
3888
1145
7366
7624
3017
5906
3688
4597
8109
4173
1748
1584
2527
8666
1609
2785
4548
1945
6470
4698
6377
6760
1741
1649
9572
9865
3622
5052
3139
1502
2432
5112
3281
4340
8818
7206
7287
3210
3920
5923
5807
7500
6521
9442
7443
3472
413
3816
2116
3548
1132
2915
5927
210
8890
9784
1689
1130
5182
3704
740
4938
313
7294
3001
9604
9700
2151
2685
5900
9139
1486
8545
7589
9062
9940
9289
8679
6717
9689
6830
638
6219
1513
5742
2
1444
1014
9905
7439
128
7821
4311
7312
1346
8408
717
5053
9313
7824
4463
9550
3557
4812
4967
1707
6334
8522
8499
770
5326
7753
5941
4019
4247
2353
3380
683
6287
7087
687
6508
7664
5617
2450
2917
9420
7386
5377
7187
6317
2739
8689
6532
9979
3791
9270
8563
2438
3048
6759
7909
8291
795
1022
2847
5092
813
6571
2
9776
3369
1928
7428
3282
2823
4423
7068
3516
522
7928
3866
9644
4630
7335
3185
9943
3051
4786
6545
8866
35
8408
5429
7024
2692
7644
9622
806
4739
729
618
9674
8470
6928
9693
7945
9571
1788
186
3111
250
4727
6022
9970
7659
8373
2409
5871
9894
5582
681
6310
7566
4201
4021
4570
9368
6084
4956
1088
9094
609
3687
6609
6474
6490
4425
7034
9321
3268
8322
65
6511
8161
3450
8290
2744
9871
4576
8791
9138
9103
8255
1606
2109
6288
3530
6340
8779
6506
9092
7591
6394
3366
6142
3658
4395
3786
8958
8985
2734
5411
6552
4476
2508
3611
3116
1409
3616
42
6700
5490
6003
1416
5975
1765
3892
944
4039
1826
3376
9504
8612
6175
3923
926
9971
1799
1403
37
1982
6522
9940
5565
4225
8782
1286
2808
590
1827
7752
1288
8974
3011
6143
2430
261
4088
6183
3597
6208
9368
7948
2205
6366
4348
7413
5756
8712
5390
5998
2014
31
7457
7761
5221
1184
3930
3873
7053
4822
2779
2098
2910
3228
689
2760
6548
973
4179
2186
7835
2554
2843
2770
4179
8359
8417
5285
5955
3251
5267
5897
1306
7363
9025
6264
4737
5034
9460
3776
2365
3462
9311
148
5104
9561
9645
2770
4239
5554
2874
5841
9406
8793
462
247
2567
8324
7716
5701
3625
4008
104
3968
6349
4479
975
4733
3012
322
9057
3048
9901
7747
6513
1920
7026
5018
4301
1811
1746
2842
1888
3889
3386
4495
4549
5919
5260
3015
4887
5003
5377
5946
2579
5127
682
3559
2063
756
3954
1340
7428
6460
8304
2529
2854
7996
6281
2210
1348
7340
8882
7415
2027
2781
9986
1794
8965
4846
6806
613
2303
26
6127
925
1208
1985
4918
2655
836
7650
2495
621
6305
2786
3211
7748
3250
7403
1399
9974
1670
6132
1442
6319
6589
2265
4348
8934
5617
1415
2506
3362
2783
7078
7735
7462
505
1459
9524
1274
8884
7833
4559
9160
700
7708
9505
3168
2888
5905
3986
4920
5144
8909
1703
3620
9915
7465
5915
6462
5917
4527
6044
8978
8205
2227
5388
9592
3180
1073
6729
