4634
672
5109
6920
7992
1802
552
5034
9547
9091
2067
7699
4946
1103
9490
6724
3896
2235
8244
333
3577
8258
4627
5484
7761
7720
8674
4196
5602
4835
1474
4650
433
1978
5696
5513
7230
2630
9951
5589
6703
2517
78
9500
216
4621
2838
1753
7288
9837
5683
6178
1811
2351
540
3153
184
1066
2048
3007
1678
4581
9502
5964
4128
9269
9649
28
8754
7703
9094
1675
1358
2761
7660
7793
4576
8354
7895
193
4090
6498
4353
7371
1828
9284
862
1281
6020
8033
9034
1783
2791
9134
5569
8931
169
5813
2634
36
2694
6625
481
2480
7533
2546
9776
2117
7886
1825
8409
1201
5792
5582
4498
8844
721
2853
9838
1395
2747
4974
7188
9408
303
4372
5294
3492
8241
6365
5360
1655
6016
6856
3715
1687
9312
470
3629
6524
2038
9294
3311
3004
3295
5428
9355
4106
7502
6852
8351
2120
7328
4056
6946
4878
2621
9834
5930
8403
621
2227
8008
6744
2900
5089
705
3044
3900
3287
6473
6570
6445
9918
1918
5223
5516
1129
7919
1559
7133
9303
9015
6087
3622
3506
7417
7189
7554
6756
3801
2547
4719
8841
3077
9915
3349
4367
2383
4172
5251
3242
1000
7555
5511
5460
5354
6645
8425
5169
6225
7528
1940
6033
984
3266
2227
3951
7708
9273
6644
1734
7935
1801
5084
5876
2379
7620
5623
9462
9024
6659
5513
3458
1900
9611
5190
8196
6022
4747
2955
7808
3431
6994
2215
8838
8470
6925
1737
5492
591
2398
3127
7029
9007
2200
9768
6071
1374
3286
5007
5290
2217
6156
9748
5669
139
3222
9649
1650
6007
2428
2390
794
7349
4807
3257
7723
742
6973
8669
8021
1830
4616
910
964
6238
3941
9799
7512
1298
1831
9104
2768
3949
5116
1159
9653
5559
2408
1721
5299
2577
1213
6733
2
3965
5436
670
2179
6636
9429
2579
7813
9829
1435
4621
1320
1615
7219
4780
201
8764
7386
4062
2043
2882
7414
3254
1367
8150
1989
9700
5754
2743
6946
1286
5053
8052
4134
3035
1954
1628
586
3488
2778
4721
7835
4185
8947
5591
3494
9837
3231
4782
2419
30
8832
4905
8319
2516
895
7643
753
5222
1787
9390
7486
1124
6783
4239
9335
2835
9693
9289
4720
6134
4918
4124
748
2229
6011
4570
3060
445
8141
7742
4406
3076
9889
73
7162
5302
7456
826
3168
2065
5963
921
8437
8026
3707
3761
6485
4763
7526
6248
4474
5849
4158
8220
7346
8037
8227
4587
2623
2255
9225
5807
6727
1618
5108
6516
9132
5249
5872
3671
5238
5116
4573
6254
5212
7902
6215
4254
4978
8630
2835
3420
3980
4783
1142
6212
8385
3262
4432
3007
8251
7993
2725
5973
8058
3103
7116
9791
1528
5719
1025
6455
5255
1176
6069
8734
7847
6882
693
6298
7348
6008
2552
4267
7356
8795
8817
6568
6413
5124
965
9242
5629
2861
2982
8900
3155
2476
6430
8397
4547
5597
9320
2877
7752
763
2263
7168
1209
6283
3274
9225
5213
8774
1095
7558
8171
8480
6516
4060
923
2313
4454
7951
3912
9728
7472
6752
375
783
6941
3652
2064
1063
7192
4060
4235
4585
6264
4950
6071
2461
2442
2864
6659
2323
4150
4468
6063
4388
6468
7060
125
3796
5639
1267
3121
7542
4327
1406
4232
1099
2365
3157
5060
3289
8375
74
6181
997
475
5365
2052
7420
3272
2193
7545
4211
5256
1927
7020
6361
9154
4213
5080
2198
1597
6330
1612
1155
4974
2016
9291
4581
6674
4983
3283
7655
2807
3626
2922
5315
8500
9457
1301
3372
9466
7810
7890
3947
7170
3140
6341
5317
2997
8785
6928
7269
6427
4423
2492
4507
8443
2012
724
6560
6433
8012
1312
4421
2541
2225
975
9287
2648
189
6877
4401
2546
9430
436
911
6167
590
6095
9146
5584
6862
8234
6756
6565
8255
4709
2386
7136
2741
8215
49
6988
8665
7455
3494
5517
2513
9206
5127
9930
942
9985
7615
8853
1553
6978
1538
171
794
4429
5517
38
6863
136
6408
3615
1782
7548
7436
3329
3839
8297
9291
5290
17
4341
3488
2810
9423
8021
2404
3534
2999
6500
1274
9110
279
3232
7464
9826
7084
4788
5282
6716
9256
4560
5508
174
9807
7093
6684
5380
5663
5436
5186
1020
7289
5862
4870
6458
208
862
7748
4680
8317
2347
6181
4027
4173
6882
7397
5152
3191
2392
6301
853
3950
2228
1661
4805
9439
6227
3192
9115
2087
9797
8187
9768
8565
2293
3627
3455
6935
8790
5514
8189
7636
1689
7574
7878
1685
7931
7246
682
4737
9803
9762
9191
8003
202
4630
8248
4842
938
2754
1771
7261
8217
3881
2753
9992
7175
8340
9390
7512
8322
4907
7360
1167
6931
1215
5420
8981
3873
3975
3475
6235
5172
7861
4436
5357
9940
4019
4316
2899
6640
1263
8280
8948
8330
4161
8587
7976
6959
3989
4731
6119
5044
3610
7285
6387
9517
9174
6785
9856
4583
5011
5840
4124
4965
7497
1281
654
7464
1545
5540
5007
5382
2404
8342
9599
381
8502
1595
5030
3234
1874
1561
7577
8610
1387
2880
2996
6185
5085
9352
4170
7441
5030
1060
710
9506
4516
5922
5084
7688
5131
8100
2482
2963
5187
6792
2132
9479
9884
1219
9929
5955
5456
8381
2880
6335
4787
1574
4982
6158
1929
8423
2023
291
1812
9235
4269
5584
6664
2411
8074
6394
5966
8800
1615
3400
2769
7332
9783
8234
7048
7994
1379
7495
7712
76
8802
9934
3702
26
8908
1886
1182
5936
6443
2049
546
9777
4407
1043
4395
9807
4653
8128
9141
1325
9771
1420
6514
5212
1610
796
6110
9777
5176
6625
8073
3927
417
53
9846
8081
8490
7902
7056
8808
8170
6431
4372
7666
2870
94
2143
7236
2311
5392
9012
1710
185
5952
4042
6804
2083
7263
9328
4430
1246
4390
2622
8229
6755
9207
3450
7693
7974
1601
355
3426
4489
7105
3373
7179
7742
5077
3801
9484
5421
2813
4624
4167
6734
9883
3469
2594
9956
8553
4180
7348
4151
2617
3059
8696
7612
5351
7395
6388
4626
9291
2010
4484
6379
427
8993
6799
9317
7182
8797
8876
1732
5435
2428
4237
5902
687
2574
6360
4755
5293
2286
7319
3495
543
5291
8294
1598
9403
5927
1097
6386
4177
2587
8896
6196
3249
421
9715
1357
7258
6831
6743
2895
1869
2845
5811
7517
1088
4979
5772
7267
8110
4993
8059
9556
5148
3948
529
1838
2310
5273
6657
2284
6903
5929
2299
2728
200
8284
2665
4858
1007
7683
9282
9778
3449
5878
8445
1870
6019
4078
112
5752
1010
1649
8069
7984
1363
5704
7789
2769
5260
4366
8079
3410
3440
7959
8873
2187
5906
3018
6039
850
2497
2509
3138
8161
9186
6924
3823
9382
7708
213
9544
631
9788
8867
2648
9743
8696
8532
8688
5530
2144
185
4087
3016
9313
5034
8206
9410
6820
3252
4897
2039
163
1153
4297
9216
9308
7985
6158
2744
6254
7610
7738
1362
6239
5434
6809
9046
7728
9764
4092
9996
2456
5903
8893
3652
5501
4743
2781
1215
7042
8045
4889
2557
5738
7170
6843
3076
3915
4620
3629
4569
3741
3490
3320
3567
4705
8090
2234
2185
4911
1836
9334
9869
2791
947
9702
5992
8105
8960
6155
2808
3617
9962
7349
3033
9306
5350
430
2720
5491
2750
2816
5629
7486
7890
6583
8337
8997
8360
3377
8828
8056
496
9826
4401
1489
4809
7989
8488
9689
6650
1756
9984
7843
1054
4680
5519
1749
3295
308
823
7480
269
2412
9416
4117
6588
3131
2732
1535
1319
7473
9618
8367
7172
2724
6826
4586
3590
1102
3994
1551
1625
6020
2491
4173
4398
3158
7267
754
6323
8914
703
9550
6877
5203
1069
7253
7460
6424
7876
6643
1644
3823
7184
5865
2732
1999
382
1382
8525
3861
2864
6866
3697
7558
5901
2292
173
9556
9080
3123
196
2588
4683
4201
5745
1355
9793
5203
8176
8209
6477
4165
6186
4158
7098
5002
940
1449
7375
5785
1843
9663
2910
2852
9382
7960
4762
554
1887
2597
1571
9836
3399
4438
1968
189
3549
4424
4823
8610
3539
555
2411
9000
3830
514
6835
7317
3303
2868
7603
9031
9067
6175
4889
6649
2219
9564
1431
724
921
1757
8568
130
3728
5171
1360
942
5974
1372
9348
6231
4305
2122
7971
9330
8227
7839
912
2399
915
9460
5357
1012
8649
6761
2261
4694
70
7575
9830
1367
1902
8193
1386
8313
2531
8184
6065
6960
639
6269
4332
5253
5645
6034
6824
8742
8757
5866
500
3307
9442
2655
3889
2036
3586
9330
1766
7551
8377
908
3133
1589
7474
1251
9182
9604
564
9785
1573
1447
3612
7983
6770
7041
605
3878
45
7992
3425
310
6516
4638
170
5783
9411
5900
4825
7261
4751
9319
282
7505
831
5332
9306
2521
2871
2359
5143
4746
7522
871
4418
1556
5019
126
6979
4828
6104
1741
3626
6983
9764
6124
2557
481
6200
4334
3955
4110
5669
3314
8235
5544
4320
4119
250
8167
9850
5671
4319
8750
1563
7812
1797
8050
8555
1329
6356
9126
1085
6551
852
6993
5624
5223
832
4417
1235
1823
3219
9449
6732
6790
4353
4534
5524
353
1924
6095
4859
6056
594
2523
8276
499
6071
6428
3989
5069
1173
7641
9342
8459
4324
5801
1203
6070
6695
8907
5351
9091
6445
9427
3383
6644
9441
4319
6736
968
2511
9655
6238
5053
4354
8259
4562
1110
3343
1894
5390
7159
8520
1192
4401
2749
9742
658
4202
1995
7942
8930
4874
6959
5670
5759
523
1346
4397
9238
3494
7022
2668
6978
1030
2139
3205
6923
6423
6178
750
5461
42
3139
8194
9593
9208
593
9780
4608
5312
6298
5905
7500
703
5221
5841
5793
7659
9252
4890
1152
8684
9
8017
4149
3720
2325
77
6902
7769
219
6266
4556
2156
8388
4919
6814
5001
3307
9357
7928
3146
2824
3276
6075
1403
9194
7107
8174
3052
4205
4763
5858
6965
6812
5282
8611
5575
4480
8303
6234
6827
1590
3206
7439
1897
8190
2922
6812
5879
7935
1818
4365
8108
4905
3578
1092
1168
3043
3295
7944
3138
6466
1766
9181
5829
7851
3105
2752
7624
6095
8863
9833
9297
6037
3863
3378
7077
8758
97
8183
3622
9762
6129
1171
9866
5872
81
314
9907
2658
682
7126
2705
4567
9310
5656
1584
1049
5589
3136
9775
1607
5665
6648
1695
718
6912
4746
2739
1728
4639
1234
6586
4134
6870
9343
9991
641
4467
1522
2665
4380
4966
8377
3180
3566
1494
2278
9259
4396
623
6263
735
7035
297
3707
3321
9427
2998
2042
2600
8799
8439
4019
5192
9808
3467
5891
7255
1697
8726
6561
2229
566
8282
5079
6135
4110
8628
4842
952
5399
1765
106
2317
5600
1035
9957
2067
9370
2332
5559
5672
8903
2959
6188
5010
3493
9415
9029
6464
7780
3020
6777
7307
50
9943
7203
8552
5049
7898
6665
7293
9950
6667
8396
9949
2234
7803
4427
1554
6309
4118
8083
22
7278
3737
1682
1982
6727
1659
1737
5220
2637
9610
6526
3071
1814
4659
4545
4241
7123
894
5287
989
9845
6467
7986
3107
1900
3149
6754
4809
7610
8809
8708
4679
3541
1850
7608
6175
3148
8221
9185
6120
2705
868
4550
5382
2724
9762
213
2439
5489
5330
3447
6188
8896
3508
5439
1010
6810
3764
4859
6572
139
8664
1453
8543
9795
9543
6420
2137
2550
3153
9011
6879
5795
638
2339
4674
2002
2599
7956
7149
2359
1867
1567
5342
6755
7167
8327
5406
4617
7078
8653
4031
7694
8312
9459
6497
7721
1858
9688
4144
5339
8906
1922
8590
3304
4284
506
2713
1651
2614
4209
6360
4152
5949
5569
3767
2274
5450
6830
6989
1981
8389
747
2406
8005
5500
6696
8066
3006
4208
713
5465
2957
8748
3266
153
7891
9250
5663
6989
9962
4276
336
4716
2152
1212
674
7116
9041
5513
8152
5121
7225
6726
616
8149
86
8200
7138
3269
516
1477
1435
4150
6818
8347
3992
1651
9273
3492
6374
9060
989
3876
4182
652
1452
8732
4053
3839
8692
879
3002
5790
257
4893
2953
9697
8452
961
4149
6432
5983
9412
3585
8381
4972
6589
6343
2145
5486
3478
2194
5938
6143
2715
1814
3341
9752
2433
5472
4214
47
2192
5959
6522
2394
943
1346
9485
4979
5851
9091
836
7508
2963
2385
3873
8353
2723
3283
3703
500
59
9080
9065
6356
8492
2228
5859
3503
7630
4901
6116
6022
6288
3188
8567
5336
2894
1558
3516
6694
4408
6642
7688
8022
2437
3533
5174
7331
9235
4673
5256
2594
8505
1660
1758
6367
5099
5765
4641
7558
5609
9881
2893
829
5413
9571
4297
6398
5006
6491
7604
3907
5134
2837
7806
5002
2829
3690
1984
8792
9152
4340
5401
138
6274
8914
5174
1334
5085
203
5036
5808
6996
4448
6101
6840
5568
5082
9990
1009
4469
9923
6697
8861
4689
4416
8443
68
8400
6956
2883
9059
831
7552
5150
5440
8731
2382
7331
1100
517
1388
5032
8978
9157
510
8577
3628
4887
4909
8399
5236
4102
5459
2637
6616
1924
1848
3778
2311
5827
9302
2196
4504
5555
6681
4906
345
4360
4947
6891
8549
3815
2348
2376
5167
7918
9030
483
9243
5853
1774
2139
9100
2085
5198
1365
4440
1979
5408
8777
1511
3416
8317
8982
8954
3296
9972
7874
1897
4269
9446
3761
9269
1448
9901
7985
2140
2500
2717
1233
5562
6599
6483
2380
7212
9333
8202
6790
4497
4154
3180
241
9545
2676
5237
8092
7023
5067
9444
7689
2467
2142
3259
810
5296
8668
2341
983
6012
1819
279
8846
3166
520
6879
1063
8441
9308
5033
5859
5047
663
5633
5009
8977
4059
2290
3484
2346
7080
3661
2357
8060
7535
9205
3224
1114
3333
2711
5437
8980
4247
4072
3422
6633
3205
7990
8304
71
1132
7504
4896
1165
1043
4130
7915
5378
7761
696
1705
4447
4073
579
5367
7431
9620
3242
865
9143
4426
584
616
6023
7676
259
8997
5728
7680
461
4378
2873
4074
4499
3489
5050
5700
7651
3380
1297
3290
202
9400
2402
6468
3499
3814
2216
5217
3868
3671
1131
1532
7547
6460
1722
334
3182
2087
7000
624
6519
5962
8915
2634
4886
5050
7599
7677
5336
2175
305
442
1982
2059
4423
205
6968
5572
5045
921
6704
6544
5386
4433
2132
2700
6049
7440
2235
9689
7619
2294
5176
2355
6506
1232
1916
6815
7697
35
5478
2753
4583
1748
4949
6664
7762
9463
7679
9014
6895
338
5114
3503
1800
13
3863
8605
3791
9432
3086
1134
3287
2025
7669
5963
6113
3968
122
8277
1012
4169
6560
2222
7990
926
854
5569
3719
5846
4498
8960
6093
4590
1533
1320
7177
210
2152
835
7544
3321
1277
2233
5670
6490
368
52
2606
3166
7476
9999
8380
84
5818
121
7267
8202
1972
6172
9322
3967
535
2453
7360
9699
4031
9855
5649
7303
9036
5697
6225
9270
3803
6800
262
4479
9695
1714
8338
158
8974
8161
3581
310
3368
7383
2241
7998
8386
876
2223
9845
945
2666
2639
9123
3442
5385
5748
5629
5686
6684
2558
5844
1323
5046
6473
3499
4502
218
6211
7684
4667
7599
8939
4022
7503
9724
645
5372
5989
9189
9690
8541
5349
2498
2780
2227
9387
3336
7158
2538
4651
7351
9602
8456
2002
7600
4501
179
1399
8800
6405
3587
5473
1517
1258
198
1090
2699
5586
1177
3377
1068
2447
6362
582
82
8299
5079
8750
2258
7772
2946
7630
7719
2866
7556
9491
2624
6316
2506
6616
9960
3899
9649
2482
6991
991
7338
7254
8489
1149
6793
1098
4147
5442
1360
9000
4798
1953
2835
8446
842
3000
9592
8163
2240
3089
6381
2676
3276
5188
8565
8092
677
9674
7376
3235
9850
8092
470
5213
6106
3482
2160
8035
9520
4407
6644
1583
2490
2129
9739
7952
7940
7407
5968
5262
7766
4612
2903
7671
8134
2032
8055
5048
7355
3637
8805
4071
8048
4758
111
941
625
9068
6226
3793
6934
3810
89
8480
4841
9952
6243
8824
7524
5766
351
67
5788
4542
3222
5233
2916
3124
9364
1311
6224
8529
6965
3220
9015
386
9465
1625
2195
3895
563
920
4761
7896
9700
9757
655
5314
2798
3978
1103
2783
6152
8167
1031
8324
5517
7718
2457
5459
9425
8949
7110
3665
9586
8076
5490
9634
8982
8470
9476
6288
6343
428
4925
6763
3480
5485
3186
6618
8066
314
6023
1439
7967
1981
666
7865
7202
7802
6682
6179
4657
9310
1730
7898
3425
516
741
5548
2812
2486
1223
7803
7185
3505
7190
9184
7657
481
8292
2285
1089
2987
4066
2571
3945
826
3530
7138
8168
5808
9545
2471
1865
5182
6295
7823
8998
2752
5925
4834
7199
2271
5697
491
4551
170
8281
6812
7660
8399
7962
3134
7761
2082
6611
485
4665
96
7259
4802
9938
6094
1148
4595
6572
4954
5802
2501
7813
275
7764
905
6178
2885
1046
3301
9819
5884
8600
7825
2852
602
7239
2881
564
8099
4814
643
8468
709
833
4174
9974
1222
2693
3851
1438
2485
6415
5311
17
8179
8376
22
2873
7658
6345
7420
5267
1579
2969
9268
3206
6006
160
2348
4239
914
7
7959
461
6029
5983
4122
6470
3181
154
9203
9284
1684
8585
1250
6304
5378
9875
5196
1737
9348
5247
3460
1857
5163
5183
8826
1365
2200
7337
6240
2022
9314
4386
3527
6217
810
361
697
71
7110
4430
5199
3489
6666
6381
1490
4005
5861
1259
5902
1797
4086
4060
2307
1210
1039
4830
8933
8661
2114
4309
2708
6989
8473
292
1014
9146
9394
9573
3471
669
2886
1029
8546
298
5931
4847
3378
5427
5135
3587
9202
7330
213
5955
378
8162
8396
5226
331
4635
7259
3433
1945
5736
825
1536
2423
4327
4152
3669
8017
4764
7458
963
5042
7554
8347
5458
5814
4159
54
9327
6666
1171
8148
3385
9504
2909
2918
5368
5118
4026
3924
4649
6630
7163
7591
489
3536
1537
9536
1694
9443
6968
4091
4557
7043
8045
5854
8667
8308
6318
7484
4
6364
172
1367
7441
1207
9151
2801
4890
7620
231
1363
6136
4924
2650
54
5589
9651
3807
5439
563
6664
5717
5080
2134
8455
5760
1753
2654
813
8818
6
2468
3355
2354
1250
4481
3843
7356
4417
8454
1919
565
2939
331
1794
6872
540
8119
8182
578
8984
6585
4900
6775
3244
5729
9459
3919
991
4702
4551
832
8568
9957
5242
2425
4793
2523
4969
4840
5113
6783
6261
824
6544
646
3834
5419
443
8468
7084
1920
1855
3204
9981
9057
5002
3092
8747
9564
6165
7840
1846
9436
1349
6234
7183
1011
8081
3971
8444
7446
6606
6185
6009
709
8806
5308
8632
5749
9848
7198
3785
2764
4296
2199
5332
4729
6839
1890
6307
7229
1869
8344
6813
1274
4995
2759
7357
2134
733
3518
9473
2508
5380
7560
5230
2191
8690
5682
481
9548
1367
2891
5361
891
3832
5703
4304
673
2391
2432
2911
5510
9229
8377
4257
2062
1108
3408
136
5334
8818
8720
9788
6108
3807
3760
2378
9691
6647
7116
3321
1122
155
5613
1911
4128
5938
728
3538
5055
1165
8960
2851
2714
7017
6920
3061
1979
7005
4105
5124
9686
8866
2237
9952
3515
1794
8326
6352
4012
4922
8733
7331
3548
5449
810
4017
1168
8619
9101
9793
5381
5999
5688
2436
13
6595
3001
2254
4439
4434
7
9301
2474
8467
3912
865
270
1043
6220
5716
9975
9885
7642
3571
9102
6390
8005
5154
7134
4469
3563
510
8824
8495
1402
9972
1780
9809
7215
7103
6277
2550
3004
5166
8806
1481
5461
7796
2791
9012
4056
185
5103
3638
327
1454
8252
8547
7091
9006
1006
1926
6438
1488
5932
3330
7996
9624
2482
9750
9327
3293
6600
6974
430
3749
480
8198
7706
9965
459
7946
5149
1621
7416
7640
5623
1560
1178
9207
4966
2809
9429
481
7297
7353
6597
412
9329
8645
2779
5414
7549
1131
7189
9582
5968
4429
1193
8240
1353
7375
2878
8456
8527
7291
3335
5608
7583
1156
8796
645
7875
6407
3446
8731
5905
6557
1175
3200
4013
3885
1924
3830
3212
8782
609
9786
2582
7050
1959
154
6679
9295
3892
7092
5474
7103
1167
5737
7346
1543
3478
4048
1391
988
4326
3558
6857
2577
1158
5827
7589
8037
4081
2297
5233
1882
2574
4662
4949
1664
7453
2936
5815
9296
784
5760
5563
2293
932
9487
8422
7156
5755
4957
685
828
6776
4984
6799
8936
534
9082
4155
1634
4
8227
1727
1234
3921
4341
4847
7860
5136
2367
9470
6407
360
9729
1164
2673
8955
3214
1916
9200
4241
6640
7505
2827
432
4853
9685
1255
2922
6134
3749
6406
7107
5449
6012
3242
3998
6124
2410
8072
1795
6562
7072
7287
7375
4651
9435
615
6087
6491
3291
8334
1658
2412
1903
9181
7795
2943
31
3938
7640
5246
9990
3591
7714
6221
9753
8551
1897
5743
3032
1425
4747
3637
2288
2885
1736
6881
4795
7371
4221
9625
2837
1891
1260
6582
4443
7719
9492
5164
690
492
5314
7748
2658
2775
1108
7013
8749
9645
7349
2754
6495
4259
4794
349
211
1396
4280
3512
6992
6129
9264
5036
2143
146
6649
819
9514
9963
584
111
6722
5530
1230
7470
9597
4620
2013
5525
2074
6655
2040
7673
930
242
4919
8380
733
7593
9684
5013
6014
8221
6869
664
8749
768
1174
6437
8046
1454
6898
3933
4611
4991
7534
3678
3547
9657
4498
4991
6693
5906
5301
535
2517
2706
724
7016
4530
3047
2414
153
3529
4307
4751
6290
2450
432
2359
3872
9709
1556
9702
984
6888
9119
4119
2760
9248
1905
5270
681
8145
6537
7391
7425
973
1032
3781
7925
2533
9891
635
843
8342
3303
1282
1885
482
3799
6976
9018
2618
5521
6761
902
6438
7056
1757
3298
7233
2090
3214
6502
339
2569
5276
3147
5356
198
4974
1989
5306
4657
4223
1133
3096
749
3379
1581
835
8713
6565
4853
633
3338
7134
4171
5392
8899
6868
942
2481
2151
3725
5435
5071
6821
2590
9032
2024
1681
1684
6238
5783
7412
2494
597
2162
2218
3493
4263
1735
1465
6298
70
1950
1777
7898
3289
4651
2095
1248
4801
7876
8411
231
7499
4169
3794
5498
4190
3716
3870
1323
1059
9326
1920
508
7413
9834
9808
4957
6126
3731
9227
8882
7457
9742
395
3664
5014
4219
2453
7765
1743
6302
2396
513
9658
8788
6291
7332
2831
7268
8287
5877
9401
2563
1098
6973
2993
644
7332
6430
4326
2538
5252
8979
4681
9499
6269
4373
2917
3476
5980
4918
1388
115
3005
9390
4204
4037
5469
6544
9504
6108
9113
3881
9779
6716
2550
8964
9151
9170
4938
5516
20
8129
3944
2783
7668
1259
7273
2235
890
9305
741
889
6315
1143
3634
547
837
7919
9219
6018
2293
3008
2977
552
453
1706
9399
1767
4913
1849
1479
5260
9658
9052
7882
3532
1780
3937
3029
601
5210
1583
4135
912
9186
5359
8894
9443
2762
4791
5866
2046
3921
7876
8393
1720
3763
6404
9442
120
9532
4622
4557
6161
8382
414
5535
3932
7358
9953
5459
6560
6600
1929
6420
8865
8851
6189
9799
4418
8238
3137
2421
8440
9882
141
2775
8748
9746
8828
9594
5532
676
7300
4674
6352
1796
3325
7274
4644
6838
3855
8777
4535
1800
6172
4368
8398
6082
5335
4080
4293
9798
8672
3689
179
1762
2654
6381
7113
5444
2487
4884
1352
7741
4463
8808
252
1470
8938
2208
8616
6095
1231
7193
9007
7839
1020
2000
1932
1813
7504
2269
1455
6213
2841
522
437
3006
6539
2897
7874
2560
2681
7459
1070
7771
4147
9988
5257
3554
2204
9540
4300
1022
6086
2185
2830
3104
6204
7784
9327
6062
5612
5138
6037
7535
5568
8795
6192
9057
9320
598
1036
9847
7045
5548
2755
8257
8468
2651
5964
3811
4677
8043
2964
7511
391
8300
5623
3823
2721
4459
6043
7490
7888
1619
42
4776
7992
6720
4522
4401
5881
143
4378
9391
7952
5954
6587
4308
6502
9391
200
3749
6217
5592
9220
7486
6693
3109
5855
3696
4655
6141
8404
8101
4622
8900
6210
6180
9590
174
2069
4928
9874
2018
6065
331
6446
3930
4874
7416
1934
8102
6114
733
1982
5872
2256
2935
2774
4762
7609
3528
6282
5347
110
8699
476
3001
6962
9208
5966
6233
8710
7203
3624
722
9203
3631
2498
2935
708
5632
2959
6851
8365
1758
5718
6902
2859
1397
301
7326
90
9418
3573
8241
7613
2200
6301
8822
6061
2631
8451
9444
881
7518
4574
242
1815
8080
8689
7054
8156
2770
8716
2793
4430
3916
3765
1327
1147
4990
2015
8324
9109
9194
7332
7098
4164
2159
6772
3376
488
7046
5322
1588
3562
9861
1303
2760
7934
9088
1966
6258
152
6304
7979
6942
4727
4060
6177
4879
9266
2643
7374
4882
2254
4572
8157
1811
8009
4693
2696
5785
8678
5623
6455
4300
9221
8011
3385
8631
1422
2374
7070
7848
8858
7823
1664
5797
9903
4209
7724
1192
5622
7643
7552
3947
3210
1685
4658
9551
2079
7374
8426
7766
2492
9504
4317
593
950
5733
7976
5955
9019
3139
6149
5204
8328
6770
8541
5185
7463
8863
618
209
9609
3097
9015
1123
6236
4504
9991
5363
4185
7053
8431
1691
2028
9909
6513
1942
1489
2039
4838
9536
4344
5549
2871
8377
5860
4975
3831
9896
9349
2650
6993
4684
5040
4336
3753
6286
7912
8521
4354
5378
2364
5480
8028
1964
525
2056
5607
3456
6569
8069
1752
1314
7497
8775
7191
923
5779
9880
5459
8477
9549
2583
1330
414
4207
8437
665
7808
6339
6381
245
961
8828
1137
2435
3038
2912
4991
8610
2594
7796
6466
8355
5724
1011
6853
6378
2223
1913
6674
5204
7348
6418
6057
7252
9978
506
7964
1020
9917
3953
7415
5716
1955
3661
5357
826
5203
7292
8621
5639
9873
8772
2243
362
868
9641
6875
5059
633
3307
3841
2798
1840
4104
6292
1417
1956
885
3593
5892
9609
1445
5483
132
6141
5363
1696
580
8096
4530
2070
4586
7456
79
8028
7633
8381
9215
3822
455
6716
3226
2889
2213
327
5028
7980
5558
8257
500
3663
8614
344
2595
7069
9929
6035
8306
1597
8294
1850
6312
6671
6718
676
7367
3505
7212
3707
2970
81
7578
829
3293
3389
3725
8796
8761
7670
5503
9621
6123
9091
3799
3406
1023
5922
2295
9319
7982
6969
5586
6899
7665
8251
1128
8513
6417
9238
1151
1298
589
665
5151
1727
7127
6786
4394
403
8316
7061
6567
4771
4717
2377
3946
9695
7982
3357
2369
960
7755
3384
4365
4145
4162
542
6331
394
6977
8334
7422
8455
8253
4056
7723
1415
1948
6332
8097
7232
5535
5630
2291
8560
3344
1973
7347
5663
6532
8754
380
8128
8812
8558
4188
9302
1966
6125
5436
2083
9787
8846
1966
6924
9757
516
2274
2776
6991
1327
4789
5271
4841
9811
3190
111
5174
3579
5334
5906
404
1126
1228
6812
5271
1455
834
5720
4314
7418
7391
2481
6851
6714
2066
4774
9458
608
1832
4391
6102
5599
1082
4300
7020
7738
2502
2789
3188
318
2583
7196
6546
2764
2244
3943
8830
3838
2515
6793
1657
1691
7336
1272
7853
7686
5454
2505
1695
1185
7232
5303
915
2175
5716
995
7596
6198
6404
4981
927
787
7707
2001
4114
3960
1641
3093
9527
7041
9059
623
2015
8820
6682
8299
7805
3430
6022
3081
1224
7946
4126
7101
3627
8548
7975
5056
1725
5724
8663
3652
921
5982
1492
6021
6329
5214
1358
2859
8740
5769
8726
8732
6753
5767
410
9454
5430
2845
9982
666
3650
9103
3544
9596
8467
8002
1943
9623
5556
8847
2321
5062
8295
9635
7192
5341
4187
4163
7081
7053
3706
7949
6241
5142
3730
5706
3275
6871
1966
1344
3098
8817
7936
8324
7696
2745
173
7196
1001
8236
8453
4723
407
8254
3933
7301
5754
9355
4795
2698
9947
7582
9821
8080
2918
5984
5191
2784
7698
8327
6919
8035
8367
5488
2438
2430
8394
9592
4702
3336
47
4196
9106
3148
2876
7600
6463
6154
398
2372
749
1639
8011
5491
4449
3797
2603
5821
4659
846
5155
8389
7078
9930
9359
9388
8425
2016
844
7212
9642
9352
543
2129
5218
607
1493
689
1920
2708
3304
2877
2246
9119
3163
1983
6634
6897
643
8979
6810
4023
5602
7682
1536
7704
2128
2202
8189
3182
2616
9625
628
6097
6108
7240
7062
3694
4726
8101
3174
6663
5421
4168
3065
1109
4160
9367
4668
8504
9490
3109
1
6687
3106
389
8071
2130
1013
3916
516
2188
6242
1412
50
9719
8234
7709
3684
1056
5987
4063
7972
3497
4735
2666
8218
5661
8637
1166
3338
462
5580
3174
8123
9994
4103
4335
272
4764
2066
1447
1701
7567
5232
1409
7287
2397
8782
3013
2975
806
2703
6035
2157
6940
9300
296
1950
8347
2296
2969
5258
6406
3781
380
7004
1308
8215
1191
1295
3898
1323
9296
3905
6106
1812
4531
294
153
4602
4450
6268
8358
7102
838
1511
1974
8975
4532
1992
596
6946
2443
1870
8933
1234
4346
9065
1978
6148
4671
6599
9232
6101
5385
9070
9937
8098
7199
613
3069
4228
7001
1279
5139
1350
5116
9700
2168
7204
772
4861
2747
3970
4809
5964
3871
6054
1988
6294
1767
7587
5195
7918
993
9379
3528
3824
7369
5343
888
1478
5294
1278
8927
7802
417
9801
4920
1209
6857
2455
474
4960
5540
6634
6279
9142
6872
1780
462
6886
3400
6039
8096
1607
3186
6264
5535
9929
5893
3087
2115
174
2991
2766
1750
3523
4149
8444
7183
8490
2396
9820
6220
6
2676
527
9560
9041
9940
8578
3292
1149
9168
965
1794
1877
343
1658
4548
7504
697
9910
4067
2802
8294
1287
9748
8110
7265
4162
7348
1515
9732
5672
5244
258
3565
6500
1792
9745
9334
1940
7858
6480
3187
2401
5060
6526
7588
1068
3418
246
761
9495
8317
8564
1333
7518
9947
1885
7708
5648
9836
4128
1606
7198
6240
552
1749
2670
5364
3707
6115
2604
6884
3362
181
3678
1546
5908
8668
9794
788
609
2346
6663
8308
7417
977
4021
6097
87
5655
7914
4794
8333
1334
9585
5579
2365
8096
3393
9528
9568
1711
8703
1286
6103
858
7585
9625
2397
948
4321
4808
629
7231
3994
1853
6420
1758
2882
1256
2637
8152
4675
259
1734
5000
3367
3152
7860
480
8240
7471
7031
6126
882
6204
8932
5703
6030
565
2267
5664
7611
6425
1876
364
307
9995
7435
1392
1943
5430
2213
1042
9872
7082
4670
639
4947
1285
1265
9195
784
2430
5731
9411
2216
6506
4124
8879
6920
129
771
2436
9318
4906
5
5654
7031
4067
2833
9898
5818
8989
531
6777
709
84
635
3536
6474
4077
1161
724
9013
5608
8456
2948
3125
1828
2916
5143
772
1218
585
804
8949
113
425
5888
8185
2632
7018
2145
1854
7491
7514
7649
645
3861
6255
5807
1470
9948
2111
9824
5682
6785
5673
5875
6493
9326
8319
4161
7238
8171
9793
3315
8540
9825
7510
9854
6494
1215
4889
3625
5335
7819
7742
7599
4037
224
5504
2096
8053
4613
8024
3746
6652
383
2508
4037
8596
5021
721
547
2433
5632
6767
1990
7343
2878
9520
756
1226
5564
8259
3430
7066
2888
3428
7686
4249
7593
2656
3206
9793
9838
7559
1118
7271
8675
8915
5021
5774
9203
1743
2241
650
1095
7542
4577
9666
1820
2586
199
4993
6754
1661
4107
7353
512
4671
139
5300
2021
1108
8551
4040
9098
2209
2840
2278
596
9603
7473
6912
437
8301
5421
389
7282
5372
9592
2970
1502
3000
7802
5798
5365
5289
9534
7786
5286
8947
4176
3339
3816
2016
181
7069
4557
3721
7765
2814
2147
7024
147
8013
8215
