5662
2017
1839
6710
5985
7242
318
727
7257
4317
2739
5740
4895
6621
4780
1653
3563
4776
337
5444
2734
4973
793
8959
2520
2411
4470
3556
439
3476
9742
5944
2766
272
5847
9752
4989
4398
4894
7713
6627
693
2211
5962
6284
1145
5653
8895
5336
9626
7862
9833
6651
726
7578
6488
9738
7550
3041
3202
7592
7957
2975
197
1069
6789
5925
4585
5440
5724
1533
5202
1505
2420
4695
3121
3926
7521
5851
1641
4671
9027
5962
5407
3352
4875
4998
522
59
9177
314
7626
1423
1908
7015
6902
6593
7268
9853
5789
6365
5129
6802
6734
3529
5358
3426
9475
3102
5831
1587
24
7748
9480
7331
5370
2553
6048
5056
6362
3758
4786
596
5104
5214
9652
8220
2461
2108
6544
3763
6521
8136
7736
5935
6698
1325
6886
3400
4486
1562
4130
1296
2848
9355
3020
9700
8542
7139
6649
7037
7403
7832
5691
8291
1096
4460
5897
5151
6622
5987
4798
955
1135
9686
6413
8569
6074
6658
2722
7837
2092
7021
4483
7591
9716
7944
677
7889
4031
1690
4523
7201
914
2398
1401
2651
3479
2682
3704
4023
8782
5210
7234
8234
1828
5754
4028
756
8977
7549
7940
8629
9483
5756
6431
2652
4136
7518
2885
7246
6241
6672
7481
271
931
7682
4640
1201
9231
3598
1715
7798
1456
7189
5280
9955
3948
6120
3946
6723
4660
3584
4160
5300
5270
9386
4395
3603
1058
9251
9633
4511
409
3515
7239
2524
3873
601
5204
567
629
5339
2480
8641
4633
1976
5723
7706
731
6629
5434
4219
4086
8336
9180
8767
4560
8156
3307
2143
9843
2633
397
5481
9417
8991
3386
3836
1408
7335
1768
3155
3581
9126
1923
1195
3773
7879
8664
8515
4950
3140
7312
1487
7244
6673
5466
905
2495
645
9137
2405
9106
5
3805
9278
7366
5887
8645
7810
3333
80
642
4184
9243
9058
6254
281
1391
2998
699
8002
6335
3626
33
9588
7865
7287
6511
9862
2918
1737
4947
7528
3200
9676
8852
1188
5493
6639
3228
9923
9460
8040
3412
9850
8723
7428
2743
3887
1347
3689
3272
8283
6731
3194
5312
9998
770
7542
287
7530
6457
669
884
8109
9764
6064
9495
7502
2952
7844
7780
8211
9632
5170
722
3149
7290
5487
625
2337
3070
835
3555
6227
4799
5496
7585
6609
7306
2465
558
2761
9019
9220
1592
7736
7967
6678
8090
3520
5364
9489
5407
1157
7469
5940
4818
1765
8146
4455
5057
6530
3076
1162
8607
5645
6557
4233
3144
2192
5430
8894
1647
5799
9010
8099
6500
956
4168
9634
5857
6399
1054
6955
7715
7182
5760
6897
5510
3622
1120
6449
2025
9526
1016
128
5713
4429
1835
2928
6634
3728
9641
9167
6471
3049
4833
9821
9530
6830
5569
839
8544
5485
2216
1253
1812
3218
4637
3420
3155
3557
1865
4704
895
3555
2895
2442
9773
4551
7499
1154
2266
9492
4616
9034
7210
5761
7468
7078
3457
4786
334
4427
7226
336
5672
8515
7668
1108
8823
7002
7757
5893
7727
2905
615
9547
7052
8749
5799
6191
2003
2674
5356
8657
4230
8881
60
5
6167
5843
6250
5116
7604
4609
788
5402
7600
426
921
8633
9299
2176
9544
6250
7783
5567
3555
9267
4611
2763
5762
3913
4949
9093
8452
763
504
5401
3569
8664
5446
8423
7739
4607
4774
6316
2594
1329
1510
4717
1558
9301
7812
4784
6743
200
5078
7527
1257
6446
2698
5273
2436
4010
7031
1774
4135
8773
8066
3878
236
5662
8973
7607
23
3039
3865
6322
9656
8456
7485
6737
8992
4875
8511
975
1056
9395
190
8131
1324
4033
9410
1547
287
500
1340
4801
6184
3636
5831
9148
9682
460
4624
3590
4418
9538
3265
8549
6121
580
72
137
9241
4912
5943
8353
1269
767
2549
4538
6353
1392
4146
2772
5128
4877
2343
8915
9996
8908
3132
2591
2503
8292
5619
1864
6881
8714
4913
2699
7371
9975
7453
5801
8631
4439
8545
1498
9163
9681
238
9709
2122
9502
4396
1722
9058
1800
7182
6359
7717
5936
8596
7795
2047
812
6474
7666
6310
8555
3342
582
2080
9974
1135
3670
1358
8646
2016
6942
1669
5212
380
466
525
4224
6948
4464
2403
6777
1796
7777
1001
1813
899
492
8637
5991
7609
7608
263
2699
27
7659
2188
1510
5985
1859
1808
302
889
6976
7208
3027
5317
3757
6350
3914
7327
3465
5277
1556
1260
9078
7403
3423
9310
685
2663
3017
3140
2460
8264
1612
540
9582
6245
4506
8905
6789
627
6902
9168
3990
6393
3100
4635
6753
7039
2399
7280
1211
2757
9742
492
1162
752
6833
697
1884
3759
5638
5439
3604
636
7346
5255
8403
1597
5942
9722
5199
2954
9584
3624
8914
8794
5019
1364
6930
4294
4548
2396
9928
3199
6345
791
2447
7995
1152
1047
2523
7914
4834
990
4964
4934
2611
3661
5678
6313
7358
4376
9061
4874
17
8053
6682
3135
5426
8483
5029
4310
4365
8583
8053
1918
6875
3233
9676
9072
4896
5085
5312
667
1953
9494
6031
1549
7056
485
642
7245
790
327
1308
1093
828
8300
1200
8958
9414
2299
6237
5267
7565
5972
7399
1799
9287
8846
2450
8675
4932
1342
1597
120
1992
2377
6729
5954
4240
0
2581
4173
5091
2363
8232
4609
3175
9185
2745
7241
6748
8034
4254
2386
9385
871
8944
6431
8177
9154
6871
8329
5361
8159
7175
6851
7338
3612
7831
1083
5797
2021
5561
1853
3384
1575
6347
177
6787
6791
2297
6149
1223
7675
749
486
6868
5013
965
4759
2909
6337
3038
4948
5323
7716
1490
4593
3546
1011
5100
939
4532
7974
9124
32
1848
6625
8507
4362
5527
6178
3572
8310
3787
42
1469
2099
3684
7442
5098
7334
1504
2815
6108
4187
4725
2879
8962
6053
9102
3219
6284
1494
1889
4183
3224
5019
8697
2636
4604
3983
8933
7287
3886
1584
8924
9475
451
8622
4827
8289
9202
5007
7516
8560
7572
9439
8212
1271
187
6661
2746
9198
5356
3777
3519
525
3594
7330
8126
1436
4225
6548
6578
8970
1899
2182
8446
8618
7106
7017
4797
3303
7091
9221
5511
5256
9275
9158
2460
7422
4449
8995
2080
6122
2432
3423
995
3707
5951
72
5404
501
7550
29
5713
2974
5823
1277
2070
643
7071
8618
9311
7559
8960
6525
7636
1707
3876
2659
8880
5928
5496
548
6917
8681
1882
1348
8913
4038
8857
9635
4101
2172
9960
7327
3479
7944
8638
3961
1878
7458
7565
1717
3189
4518
8556
7499
6087
1501
5475
4234
6133
6218
643
9468
3086
3409
4112
4661
5436
466
1661
4533
5535
5219
9474
8189
2536
667
1067
5342
8036
2763
6640
8012
7187
2375
6461
7074
7620
290
7501
9280
8863
4792
5848
927
974
5108
5782
3156
9993
9106
8510
1027
2924
463
608
539
9239
7212
1436
7231
275
5682
8701
9205
3836
351
4693
3863
3823
7902
6165
5208
9073
4485
5865
5936
2649
2072
5327
648
2651
6394
18
6897
9650
4964
9303
8190
905
6846
3411
1842
5095
1003
263
276
7637
7681
8377
1823
8156
6421
5904
3430
8192
5669
380
3620
4659
3407
5167
5522
6055
6672
4780
6578
9524
4854
8731
3496
4546
5030
8741
2553
7924
4586
226
75
3313
7138
1437
1740
2272
4171
2017
2478
2719
9198
8867
399
352
4079
1099
3303
6337
7093
3952
5275
8326
6745
9822
2751
3877
8120
1527
2505
46
2675
1203
4960
5717
2198
4757
4242
6398
2709
7181
3141
2323
6561
3315
6277
581
5018
7302
1276
3885
3327
9201
5504
8429
4130
9158
4631
7800
791
1131
5797
4010
6250
6430
3510
7797
8607
261
1687
9946
8085
694
5550
704
980
1440
3578
9332
7174
3253
8757
5790
9874
9380
6949
7259
3299
5911
5154
668
6247
278
2867
6762
355
8422
3217
7509
5140
2865
7917
648
7824
4179
4765
5258
9355
5870
9009
2339
9686
3419
1188
9912
1169
4094
9822
8038
4257
1812
1926
8760
2669
3548
229
2900
6578
4287
3798
2792
4279
1997
3257
4044
4747
7429
1015
5732
9609
6657
5599
5205
4829
6156
5295
6161
1777
4097
4238
8817
5617
3697
5014
2046
3261
240
8048
2939
9564
5485
6120
3603
76
989
2911
5018
2168
3298
9246
3699
4435
6109
1480
1678
737
2685
4537
3979
8437
6018
2971
6624
2725
9075
6983
6754
1850
2104
3960
8179
3971
8709
5867
3897
7960
4276
6818
4279
2172
1918
8872
890
3132
3301
2192
9682
7109
4321
5622
2331
5666
8373
2231
1671
8018
8861
508
5001
7368
1783
3776
3169
6412
4043
5651
4319
5231
1400
9400
3238
9852
2188
121
6590
5257
1727
5370
1142
7885
9789
4251
6964
6732
3662
2054
8426
5421
2196
5273
7095
4828
3552
6558
295
6892
3298
2677
9305
9860
827
7107
1131
9674
5184
2339
9299
1550
7693
3419
8620
7853
9028
9338
987
2901
129
4718
3230
1560
3019
4082
3616
4362
1817
6692
5627
2517
3742
8500
426
108
1394
1272
4186
7004
4015
2556
1101
7486
2677
7751
3050
681
2490
3770
4612
9828
7586
5585
533
89
486
7436
9223
6629
260
2919
6879
9772
243
2580
3207
1370
1681
2411
5143
8916
5596
2344
895
8701
1833
9938
1923
6420
8692
2556
6322
7611
3844
9156
2037
6466
1146
8265
5425
8178
5110
5434
9801
6358
4694
6986
3828
3971
8077
9823
2118
168
1579
9529
9389
6336
238
8208
1275
1252
7381
1302
4154
3534
2637
4843
4449
1385
3194
2304
8594
5876
7044
9811
3164
7941
1019
4889
2004
9002
9704
9945
9708
2234
1201
5509
2013
5067
8808
7204
2598
8588
6370
8427
2992
9298
2015
6186
4733
881
2491
8738
7885
2240
4752
3588
9469
9071
7461
9269
7404
644
2167
9997
8491
9136
578
2687
9121
3889
7947
2147
152
5120
1150
5807
5495
9163
8704
5204
5741
1565
528
6373
3943
2537
2431
7922
4126
3462
9048
2
2240
8292
2621
4031
8537
109
6624
3179
5886
2294
2763
5313
9301
5524
1949
7767
8228
9884
4946
5599
277
7011
2525
8316
8323
1844
1636
4481
2245
3040
985
8453
1987
5167
3664
7795
8601
7172
1073
3054
4887
959
2364
8802
5378
3869
6276
8485
1419
6970
9418
269
1898
6550
55
7707
55
2116
9077
2116
8484
4591
7627
8561
394
8616
4083
3420
4863
2251
8169
6763
2161
2416
6130
9625
866
5565
2422
4111
5679
5432
6860
9442
1439
761
2977
7254
6693
4622
2165
5009
8977
7753
4274
26
6265
7716
185
8336
2527
2021
4347
70
6768
2588
417
1900
6633
5081
6824
6937
3301
1450
1084
4068
2039
9250
8608
7234
4145
4278
632
3418
7263
8033
4419
4341
8179
3511
5752
5761
5198
422
4299
5748
6519
6904
1420
7837
8907
3253
7661
7926
4753
3126
1982
8869
8136
6052
5607
5410
176
159
3201
7668
5938
5626
9937
8324
1933
3844
1746
8611
7118
7953
3486
5063
1819
5383
6585
3952
172
5893
4202
9417
8678
2957
1446
667
5654
163
6042
9067
2214
5213
4789
1091
2319
2922
9441
4285
8619
1775
1948
9452
4949
9580
9863
1221
5664
5006
3930
9723
1344
7405
5217
5369
8169
2117
7880
951
6163
7219
3118
5312
471
2277
649
8090
1576
6036
3094
260
7184
4813
4571
4798
1590
4954
8411
7522
1753
1184
8292
8752
572
2050
3833
3527
3246
7522
8551
1840
3188
1703
9783
1732
5494
6331
7391
4686
3075
4907
1252
523
465
4210
9921
1822
357
3471
5693
1248
7819
7330
7115
8741
8723
3862
6163
6089
5832
6920
5257
5465
3294
9621
4759
2494
4679
7778
8124
4307
9587
3909
4848
9960
9218
2369
9459
352
3094
6239
3697
7685
714
9879
5044
5724
3385
574
5446
4994
2956
2185
8640
261
8500
8736
1348
3967
7680
5614
2836
1469
4171
7365
3246
1279
3398
190
7252
3624
1342
4766
9116
5268
2249
5060
8065
9945
5906
783
1715
4758
5966
9948
3122
7177
6186
5756
2
9453
9011
4196
9115
2464
5602
991
3968
1618
7666
2654
7418
8793
7791
8320
7313
50
3021
300
3750
5058
1410
7819
5216
9130
3377
1107
6833
3593
3028
7437
2724
8715
2261
24
5413
8527
5785
8247
3420
4711
9673
3397
5720
9976
7151
4361
3621
9410
6169
3604
1049
713
1981
5927
8064
6097
4458
9570
8514
8104
3718
4039
6782
4158
8793
4829
6534
7904
1269
3553
3126
545
8929
1990
4450
8217
4593
3997
2027
8728
5475
2160
9693
5779
936
3144
584
5903
1724
5422
2249
4908
2772
2238
3765
2504
9812
5032
1537
6613
4043
417
1553
5300
1147
6694
5115
7632
1848
9696
7543
952
2445
4451
7526
3188
8373
8368
363
4585
6061
7179
4442
7975
6659
4855
2540
4063
8458
2908
4940
6354
1822
8187
4161
5013
7774
4376
8056
4017
4411
1542
5966
5478
5979
8769
967
1760
9834
4197
1518
5106
4398
364
1465
5902
6182
8276
4039
3974
5262
3310
9257
301
9521
195
9035
2215
9100
1441
7982
5855
27
7635
8259
8167
6434
9823
2453
3178
3274
9353
9380
2254
3670
8821
7786
1013
6481
2106
635
4562
8918
1154
7326
9544
3738
7693
9794
2782
4442
1797
9263
5215
2077
6684
3147
542
8614
7153
8437
7015
217
5122
801
5953
5431
7755
6400
9135
120
1101
2060
614
659
8922
8669
136
4893
589
5979
1167
4028
9606
5264
5509
4118
2851
1753
256
3755
826
7881
4427
4283
434
5418
6575
4998
1394
1761
4578
4959
8385
1324
8470
3836
5069
6459
4561
5084
8695
7065
3948
7125
843
2837
901
8361
3741
3969
5200
6788
1647
9430
1786
4709
1903
4290
4077
7606
5901
9471
4832
1466
7307
8945
7222
8851
3245
3244
3671
4429
1535
7472
7307
6346
6790
5570
2706
9098
7934
3224
4417
5302
4867
8384
2040
8313
7916
4094
6431
6381
9745
240
5069
9406
109
7295
3595
6124
3374
6196
4941
2290
297
3573
9168
4542
251
6539
9202
5469
6603
5809
7130
132
9483
331
8712
2685
9564
5856
1063
6380
2961
2486
6831
7613
8764
8537
4471
9837
1797
9367
7544
641
4954
5211
5261
7062
1567
3588
8775
5398
902
2129
1260
5892
4682
6475
9519
9700
101
9375
875
2218
1042
6502
8393
3149
8157
115
5809
6984
9478
57
1852
4077
1636
4631
8920
5654
3942
5872
9189
889
2628
1691
8445
2183
805
212
737
9314
8522
4877
1502
2825
5959
6325
2974
5297
1426
6530
9194
8977
2116
1246
5885
5610
5996
4636
1140
8545
3043
6581
2082
8955
2538
5427
4640
1108
1231
2570
3074
4635
9919
7534
6932
9662
2757
7621
6739
2589
2128
4889
5736
1390
4675
9897
6063
60
6006
5790
7206
1356
4026
8806
6272
2959
1802
8110
6522
9101
541
1728
5461
9972
1720
5702
8002
9372
5983
7066
9228
1158
5036
5117
4766
9761
520
9568
5029
4984
3447
5682
752
8779
9313
5574
4421
6888
9370
9040
653
1415
8194
5868
6831
159
6696
3770
4778
6232
6154
442
3580
7742
8216
9345
3648
8142
9559
4421
948
7440
1185
875
1688
6962
2841
2346
4035
989
8812
2827
7503
2821
3891
8336
1220
162
2805
3326
8179
7286
7130
9384
9192
7803
1050
2185
3219
5594
8163
5534
2928
4650
89
5390
5202
7604
6840
5430
5470
9375
1078
213
5651
4476
8452
5201
9912
5008
8850
1637
2766
9977
2450
1448
6869
4639
2580
4906
7978
2585
7281
9677
9933
3193
3492
2814
9216
9237
9666
6383
8748
6307
7674
866
9774
1600
968
6067
6911
6349
3331
2915
2433
4230
9062
5309
3700
3488
8636
2247
6505
6287
3268
5799
7454
2097
5876
5887
6456
6443
3450
5159
5599
9853
5166
2565
4355
9204
2291
9035
7932
5837
8300
9725
783
5265
4475
1853
5852
4993
101
1253
4740
2127
9489
336
1320
4470
1823
7014
4141
3544
4581
6546
6684
5154
7396
4130
1174
6749
5866
3515
6244
6756
3569
5414
1820
861
9541
4042
3904
8119
9010
3815
7728
6126
4411
220
9391
3965
9175
6118
5588
8128
2230
758
3095
2373
1730
270
4283
847
177
8136
3787
9895
9574
4674
749
8415
1015
6457
563
5956
3225
1921
576
8896
3175
3775
3911
6136
4354
8612
6607
1753
8770
1766
2212
3306
315
5580
4295
9598
6779
9077
4805
376
2479
5254
5892
4683
8805
6191
2698
9341
557
1336
6936
2184
120
6733
5396
7341
4466
8003
2052
7637
941
4518
5958
2677
6307
3168
5565
509
6428
9160
7333
1309
6048
2389
855
3428
3940
702
7753
2423
6193
3391
1293
5323
3971
4122
5417
8527
8989
4023
4455
2968
4793
713
1522
4442
8637
671
6337
6400
1482
884
8960
5945
6701
6964
6858
351
3928
3515
1523
4965
9451
1563
7826
2460
2092
5513
9979
9266
6358
5397
9162
3608
6797
5221
9196
4670
1871
3597
5431
8413
4758
1036
8811
6400
8987
6518
9776
8624
724
5802
4094
4971
4766
8863
6731
9568
2934
3568
1790
9514
6480
1776
6979
1511
7771
1180
8904
3891
12
6060
2708
6182
86
5862
967
70
5996
9983
6541
5354
8669
2286
7132
749
3902
960
8060
4123
5669
9329
2182
3371
8161
3965
7893
2793
9463
5619
4793
3327
4456
4259
7147
7007
3774
2132
9531
8144
4789
2436
6245
2306
2454
3037
1106
9519
5919
7408
7482
2801
1662
5537
167
6794
8924
2367
8660
2164
3830
6590
405
7877
6839
2867
3168
4766
6946
7019
7945
4384
6762
4521
2364
2956
1412
9450
2099
9238
3892
2134
7800
4421
6773
3045
1140
1209
7733
7371
8773
7049
6844
2578
4478
5689
6029
6882
9032
3349
5156
4816
3478
8844
320
5664
6983
6635
3706
3544
8421
612
2099
387
6986
4684
1853
5119
5426
9070
239
3492
8395
5391
7708
4368
4761
5439
7309
8148
9958
7144
7931
5157
9750
4551
9305
9951
6137
1588
8733
5917
6122
1263
9951
7533
5493
8857
5962
8628
8229
2604
4224
1678
2922
6776
8955
959
569
8299
9229
8267
6974
9565
5577
5391
7933
1829
5626
4970
8102
7947
2257
5243
5943
4794
2748
4312
8315
7073
7650
8520
2256
4631
3787
7262
6807
9001
3836
2514
6052
5858
4656
4446
7653
3333
4162
5266
591
6538
5880
4260
8211
5971
3273
903
7408
121
7422
7703
7282
3112
4486
5535
8105
4212
5748
663
5764
6214
6355
1949
2332
3671
4778
7118
9869
5991
8587
9537
4191
1354
4741
3553
6611
561
9017
8101
5289
2065
1321
4494
7150
5793
668
3564
834
7189
9135
909
1895
5186
358
9795
1046
637
8256
1329
7580
8917
8407
66
6962
6506
9782
2502
7146
7384
5478
4345
7685
5844
705
7746
4625
7505
2872
245
8080
3456
1600
1093
7188
3170
5030
1466
1478
6842
3444
4619
1254
8996
7291
4072
12
717
6576
1142
4589
1629
516
183
5657
2840
6747
8790
9441
9804
525
6381
8823
4391
2443
2995
4525
8473
6634
5908
2735
7218
7403
9470
6797
3672
8747
934
6497
9846
3461
4422
287
260
2486
355
6233
1199
9353
1054
9170
742
8800
8471
1930
3504
4452
4457
2488
9789
292
3959
9399
9079
809
1329
87
6884
8186
7858
9460
6683
251
8888
8868
7713
5120
3793
4265
5823
5920
2255
3510
4802
4389
3720
9822
8190
1407
8765
4009
6479
2600
4437
6800
2782
3298
3061
5271
8397
1389
6910
8666
9247
9301
3795
656
6983
1559
9573
4012
7787
484
2061
8547
4436
7518
9221
152
3621
752
9475
706
6806
3355
2643
8959
2604
6474
7696
7042
358
1063
4447
8935
2135
7814
6937
2439
6859
8287
642
2280
3143
4281
9882
6828
7858
7570
3360
3545
6122
3819
6302
8249
6036
9040
8485
3319
8036
8294
3958
8442
9957
5212
153
8159
21
2388
4222
9358
7248
9035
1742
3167
7512
2116
9085
2133
2206
6947
7070
6536
9487
8388
1058
9281
734
9900
1471
5438
8010
6056
6425
9813
7547
9138
1168
8837
9615
1393
9254
7849
1595
9664
1579
9782
2752
2839
4023
8995
5548
9365
8115
6088
9850
4336
3700
1966
1175
3363
3573
4118
4594
645
6736
5286
9935
3706
424
111
2823
4883
8534
1594
96
5585
831
6624
1317
9287
3502
6905
5202
8157
6163
2012
6318
7969
1127
2325
5348
3880
8955
2852
688
6801
1164
9346
7235
8203
1829
9663
8499
1389
6674
2183
4595
1107
4524
3523
1738
6921
8949
2107
9474
5471
6306
4633
4623
4860
4336
8665
4729
751
9684
3596
584
3697
2899
8236
3260
4038
2363
8954
6214
3315
876
9939
8743
5097
6599
7537
8963
4623
2529
3133
2080
5006
4307
6691
9249
5957
9266
9806
3402
4253
3846
9426
5599
7767
4345
7912
1117
1154
8446
3603
7669
1800
4491
4994
4432
1960
9668
2767
4196
5022
5509
4740
1746
4830
1244
3197
8696
2193
4929
8920
8138
9878
8691
601
6216
8809
4113
2122
572
9872
4497
8176
9314
3010
8880
2185
788
7299
7079
1649
4049
5339
214
2067
9066
9140
9744
2828
2745
5074
2658
8588
4525
5213
3489
3030
2822
9961
7695
807
5210
855
362
1523
2610
2004
5441
7002
2133
4303
996
2522
14
3032
3047
2254
9500
100
5282
1861
9206
8477
2632
2285
8521
1414
1874
8381
8495
5549
4584
7682
430
4153
7403
1937
5370
5330
7570
2796
1224
7519
4670
5856
8320
7515
2988
1690
5389
6865
6119
4105
9157
4663
7752
3439
528
8263
379
3890
4023
4695
4607
2607
1226
5546
5097
9214
7213
2144
7366
4304
8752
7352
7899
5797
9978
310
9402
6250
6801
4560
5716
4335
8825
8786
8565
7399
5719
4625
8224
7336
4032
7261
2472
3267
9859
4559
6425
2061
703
8514
5121
6220
1762
9246
9502
6862
3104
9391
5188
7986
588
7860
3787
1354
4550
6564
4595
2600
6065
3451
5989
9141
5359
9201
5176
6096
8860
6236
109
7012
8228
9436
7063
6195
7394
884
282
3118
2726
5736
6543
3046
7329
1698
3361
9965
7104
6095
9431
9366
2131
6758
3790
443
169
5785
9507
3821
5674
6356
9770
8773
8336
8498
477
6521
1075
4894
1941
9803
5440
2055
5486
7931
3653
3869
250
9069
9084
6361
8564
3317
8465
3273
2799
1007
6721
456
1339
4939
6289
3115
6404
581
1464
4440
2487
7555
8970
8754
2945
2967
9922
207
6037
8612
812
5706
9338
7582
2604
9876
1935
2634
6990
9702
9100
3236
5019
737
6102
3472
3204
2374
3999
8568
527
8882
2696
5219
9595
1953
8595
1431
6753
6324
7881
8117
7561
60
581
2963
9126
5670
171
9240
6575
193
5353
8592
6331
730
2792
9838
6984
8297
366
5185
9960
132
5716
5791
8745
2257
5215
1359
6800
3561
6381
7923
4833
2888
2766
274
525
3713
5405
1011
1672
9311
2089
9301
3125
1462
1860
9980
5793
3095
2999
3125
4217
7218
6736
3691
2521
982
8537
9618
3506
9844
7254
8625
5655
7426
2395
9245
7701
4267
4967
6016
9708
6019
7762
1528
990
8777
7598
3035
5682
405
12
1816
5653
6352
9679
3162
271
67
7157
4102
9149
664
423
1715
9440
7629
3022
1065
3138
311
1552
6961
6736
3890
9238
7485
9208
8134
2507
8209
8048
3990
8003
3598
9985
2210
6517
4592
4558
6413
4775
6605
9589
5801
4885
5229
6240
5021
9853
3049
4776
3256
1529
1324
72
3136
7530
9943
7913
1667
2638
4529
2431
8319
8638
4235
1135
6109
2951
7425
8347
7063
4675
9020
5692
5690
7218
2260
9835
2919
4666
9507
60
9044
9865
7093
7175
6288
2082
9211
116
1891
3980
47
1762
4595
3923
402
6485
9123
6056
6081
1098
3542
5820
8438
6903
2657
1237
4283
3492
543
2346
9545
4944
4558
2241
9599
7186
166
2994
9933
6797
5098
9688
9216
7678
2999
1140
568
1381
3737
4653
5045
6542
557
9304
8273
6891
8145
2095
54
6448
6264
7873
5536
9562
3738
6487
7741
8572
6903
1934
1169
1336
4108
5782
647
9095
5918
4710
8385
4053
5156
2585
6960
316
8449
5465
7343
6875
7518
4246
266
3874
1686
9379
2300
1421
3067
6750
1174
4027
7735
9914
2651
3481
4349
4043
8584
1792
3869
1245
7585
8152
198
2017
5431
5623
5541
6084
5109
2795
9916
1278
7770
3103
2975
7076
6001
7149
279
3195
1467
7825
3961
8346
9854
3477
2001
538
8279
1262
1336
9757
5740
6386
9380
6808
9884
3349
4110
7934
9335
9215
2159
1226
4378
6987
7604
136
6338
6366
8913
1873
4242
6786
8786
9794
7008
191
4524
1480
6969
1029
6241
6010
7765
2728
7651
4274
1493
9256
9088
1529
1657
8139
2171
5662
3358
4329
6604
387
9524
2213
5149
9989
2574
9235
1045
2821
4323
9658
2434
936
2401
2600
7583
1079
4641
428
4533
2308
6565
100
7550
4890
1118
1603
9156
3439
3915
5695
5736
1129
5499
1300
1439
3226
3123
7432
9687
5593
9643
8316
1575
6942
8723
8876
6692
9466
9988
3892
4816
8529
7473
4254
7420
613
203
3900
4238
1728
5828
3582
4063
8301
7563
9377
2283
9412
1782
2597
139
2752
7022
3001
6639
2047
7220
2020
8420
6949
7393
6355
9590
8573
5516
6650
5071
7950
5060
6633
2446
8069
9853
6093
1442
7589
3672
1951
6933
8712
4746
1645
6022
5520
4990
1299
6126
1438
1703
3846
2309
702
9246
7901
9597
9933
1322
1756
4843
1033
6461
7870
9622
2547
7338
494
5176
1299
5557
3330
7889
153
8163
2869
6395
603
5665
6655
4905
5504
5104
1603
6504
8199
9837
7398
5271
8581
4479
1943
291
9273
4138
6959
7979
30
1824
5685
9363
1996
5863
7790
3491
6571
2390
496
3759
7734
6120
2066
7266
7144
5315
2642
6131
2981
99
3826
9098
5735
704
8352
9932
260
1726
8848
1169
9704
7282
920
1383
3077
4050
5639
8191
5891
4693
6435
3941
8725
1418
5823
3118
4586
3861
8933
7114
7325
4724
709
1144
4586
1887
9850
8489
1308
3326
4069
7052
5752
4692
4361
8521
2704
5721
7762
9626
7045
3046
8322
4978
2444
3802
5850
4545
5179
4073
5185
2688
7297
1859
756
9479
1871
8147
9082
8047
4327
4318
7283
5393
5183
4315
604
4412
9970
8018
466
1606
1539
3773
7201
7882
8607
1531
5143
9280
2926
1971
2106
2666
1078
598
4546
8362
5644
9229
3908
2817
2039
1905
668
1490
1411
1706
1687
6453
7119
9375
7050
136
4948
284
3523
8160
194
6594
9450
2653
4296
4760
1491
6203
8719
9279
4019
3205
4244
627
4043
6644
9409
5453
342
9332
6871
4965
9756
9512
5066
3461
6848
2772
4041
3785
9133
5576
8328
4883
647
1869
4124
2155
8353
5560
6930
4291
1771
475
5228
2568
3093
3179
7369
2900
8564
7852
6656
4785
527
3304
265
1128
3816
3710
2216
6135
146
4791
4839
2545
3171
1589
606
1680
2983
660
2722
7797
5150
2610
791
192
8611
555
7027
9675
1674
1292
3217
5728
2998
537
1343
3019
9892
1147
4901
1851
5127
7761
1873
7378
8977
7239
3219
3963
6410
2756
6546
9739
3456
8813
1514
7552
8380
4263
8195
2742
3820
2682
1951
3960
7107
6961
8847
5476
3193
621
1490
3079
3088
9721
1900
168
7316
5049
1615
7537
9438
779
6056
6871
3590
1680
936
6315
114
7236
5565
4440
4655
4120
7853
5261
8602
3121
5711
6277
9340
2265
5510
6673
5024
9764
7466
136
2098
4397
4484
933
6022
4910
5830
4190
562
655
5877
4645
8458
3541
9205
1591
934
3004
9535
4081
97
7087
6225
7331
3968
7684
7650
3165
4332
4053
4176
1142
3247
537
7768
1451
231
2017
8546
5284
5642
3198
8534
9154
8935
1167
7295
1429
9380
1288
4186
1946
8378
1583
330
9905
2713
4512
2444
6893
9000
5393
2354
357
109
5983
2831
4999
245
2775
3054
6956
1121
897
5951
2311
7294
182
2238
231
3455
4338
833
1483
4265
5732
7359
6805
2635
5891
520
1815
9031
971
4756
282
753
8629
204
2478
4052
660
1199
6300
8123
9643
1394
2919
5123
7277
6312
9712
5034
236
9145
617
5075
2163
6722
2497
5578
6799
968
2926
110
7272
9322
3225
1424
4877
8019
2771
5959
1805
601
4742
9277
9346
4053
8534
6137
3928
2447
5046
3641
3964
8293
6166
3276
4127
1960
6666
2842
6250
2819
9719
2625
2347
1624
1014
5533
445
8585
7691
9266
246
3472
9263
6313
3114
5100
5417
7797
7164
88
8075
6001
7573
3241
6536
8696
6221
660
180
160
9862
4858
6196
451
4313
8706
5413
4700
8888
8833
4472
6107
4978
456
5866
6053
1509
5721
7714
1963
4077
1591
3908
5844
7930
8266
3939
9626
9585
9500
6243
4798
7481
8211
6571
3337
9909
7083
8105
3793
497
7968
2928
8980
646
4148
2109
372
3448
6115
6888
750
7998
993
9061
1464
2353
2491
2057
3831
6237
7171
8682
5674
7526
5378
5632
3639
228
2265
2455
2608
5406
9928
7446
5682
2741
3178
9178
9273
3111
8203
4012
4131
6532
2376
273
6096
1677
2785
3120
3858
2360
5005
4350
4775
2736
7562
3029
6528
1914
7838
5779
606
2338
8464
6351
9704
899
2189
7494
5115
9030
263
9620
4622
8674
4256
7582
9696
6754
9359
6075
2385
3540
6429
9955
1466
8061
2927
3184
7385
7418
1488
2321
6525
753
6074
8814
9435
5894
5216
4693
8043
6361
1627
9123
2770
2717
8159
3598
28
628
8858
8511
2677
9781
6824
5837
3637
1824
5974
2628
2662
2488
9761
6869
1875
3231
2986
4663
7295
7423
6728
8891
14
4980
3882
2125
4324
8776
4968
5974
7720
9414
3796
3454
1797
9776
1395
5935
3629
2684
9602
8501
5098
2713
582
1778
8483
5711
6228
9854
1447
4661
7002
7035
9897
9004
6616
9206
6312
3048
1823
6202
9817
9934
6660
8974
1747
2233
7904
5519
9927
4343
9111
2728
2538
9185
867
3693
8977
8919
6029
7544
5560
6777
8808
5834
6334
8483
602
6115
8449
6560
8679
2541
4593
1455
5067
1715
6884
2819
2836
1583
1862
9684
7258
7216
3802
4035
2956
3674
4033
9402
3257
4951
2901
8802
199
6956
3459
6990
1875
7319
2644
373
9062
1860
5686
6893
6879
527
7515
1811
3491
1955
6574
1847
8415
2033
5325
8739
1429
6205
9847
5532
538
5698
4964
290
491
2789
7067
4210
2439
1559
404
1498
9406
5731
4779
7180
1908
8632
4349
9116
2433
8705
1555
148
5544
144
392
2422
6034
4185
2376
2993
7127
7930
6183
7565
3160
7544
3771
3473
8091
277
4822
8916
7316
9902
3732
4272
7213
3041
9950
6482
9762
2268
4041
3742
7355
7823
7374
1856
1479
2931
5447
9821
5681
757
7650
5000
8418
4331
5893
6064
1107
4535
462
4087
7468
4505
9606
7325
3470
8046
1986
9659
1386
695
3284
267
7196
6101
437
6052
9559
1919
1047
2692
4558
934
6235
9863
812
7568
6766
9652
4641
5616
7696
5894
890
6567
195
6439
5996
3268
4428
7864
5116
9623
3321
1278
7662
7059
4783
791
984
4593
8078
6538
8370
1505
2435
8221
6508
428
8939
6191
2812
2357
6015
4805
4722
9741
7872
1586
2122
5638
5008
8624
7230
3711
4971
4427
4245
6574
4368
9500
1292
9693
576
8932
2287
699
1073
2398
2885
4914
7375
4775
8965
4873
7200
8633
6168
9983
2050
9923
1468
7016
756
9908
6978
4341
1854
678
1862
5563
5917
8664
5529
2278
1567
3204
972
1015
1655
9487
6874
8856
2862
6782
5858
5008
7334
4806
2464
4673
6428
988
4455
9263
602
9403
6030
9595
5894
5555
1492
4014
3642
4991
4433
9105
1936
8351
3946
5737
5914
8836
6560
5408
4876
5978
4150
4126
9751
3423
446
3351
274
6770
879
2237
1479
1207
5860
502
9287
9894
4980
4473
267
3459
1017
1938
5864
5657
1007
6581
5278
1408
5164
8655
189
2670
4566
5736
9524
5753
4837
9876
2600
7641
8614
6552
8910
4124
7369
3338
4325
5572
2777
7378
4163
9019
1493
7789
5738
7638
1503
1600
5382
7175
3696
4425
4582
109
1077
48
9716
6343
4379
9037
3203
8821
8739
3844
20
9151
5745
6171
8741
2623
6199
8540
87
4569
233
9925
9994
7355
8925
445
3223
4383
593
6257
3817
4957
8696
669
8345
6925
322
1878
9301
2587
3479
723
4813
6915
5664
652
6073
1212
8035
4955
618
3537
3545
4863
6908
2746
4909
832
8644
617
4483
4829
3260
7281
9586
2272
4280
289
9935
2643
9860
1949
4232
2267
7980
1357
3626
9938
6279
4175
4144
8052
8369
2264
313
1072
8484
4984
6787
4254
6706
5628
410
5231
5938
6380
5543
8527
7636
2292
7911
919
5635
3728
8761
2703
7094
4433
3331
5377
3938
764
1394
6330
1728
8050
4972
9
3942
906
8069
1001
9797
1353
8249
3116
3583
5332
6092
5725
4498
4797
3724
2567
8662
2153
3055
8340
3343
9762
6303
7565
1294
24
4958
8961
4074
2418
3832
6049
7895
7698
7060
7143
6033
7479
8102
4231
2599
2172
7540
3822
6022
9437
419
7735
1121
2794
4125
1469
9338
9060
6625
5226
784
2661
56
9725
7348
9916
1839
3450
826
8022
9366
3644
6585
5960
5300
8230
7598
7096
4820
4007
9284
7723
3120
4955
1752
681
2056
1790
3244
4813
6207
3051
5914
6200
2115
8387
9218
3205
5399
3977
6962
5496
8526
5547
114
3776
1446
5867
2569
7243
3471
2043
2511
2105
5191
5846
831
6856
2051
2587
2680
6670
4283
4661
818
7686
6915
2150
8
2737
1170
1442
8101
6158
7697
6007
6255
1012
6833
4123
5835
1147
761
8958
9227
5947
6011
8734
3643
8301
8434
1593
3060
7741
971
7100
3562
6961
2668
7514
2281
835
6325
1609
3063
9338
5954
1335
2437
1751
3482
6474
7367
8875
6007
2916
1374
7302
1938
2869
1439
8058
5130
5786
5826
830
1537
8820
1784
8446
2212
7620
4777
368
4788
7138
266
5458
5637
4524
7048
3950
8611
2155
5299
1839
3676
1266
3226
4286
4159
9680
7375
4133
4318
6293
998
2932
7426
16
2079
658
1596
6215
766
1595
3987
3296
5123
1352
