22
7273
3804
386
5492
7193
4173
991
4828
6957
2586
6141
2521
499
6145
5397
9205
5843
6792
5335
8484
7115
2983
535
4814
8711
4788
4596
1686
8032
8314
1619
683
5099
9620
6442
8250
9314
2475
7305
4654
7200
5578
7795
9078
3174
1386
7289
961
6955
2975
7672
7784
5904
4078
5577
5623
2752
857
4086
7674
5270
4665
1069
881
1898
2695
5436
7968
2788
695
1548
7109
1633
6097
8523
6838
3394
5517
1681
2534
4833
9882
2340
2196
2495
6251
5831
7025
9369
8832
1677
2300
7161
1564
2364
8507
5497
3944
6540
7384
4434
7875
7854
5989
2482
6420
2057
6190
1500
8286
1136
7850
906
7278
9344
2109
2349
4340
2325
2589
9637
6956
764
6735
7516
3336
7235
2430
7692
4892
1501
9863
6449
1829
7202
7715
6729
4582
2787
466
5336
113
9162
5969
1032
2319
1679
7399
7214
6124
6776
2274
5800
7282
4712
9193
3170
9120
5688
6797
7015
3046
3316
1505
1941
2336
4796
99
4233
1981
2122
5606
26
522
9811
5869
626
2656
2070
1542
1094
6631
5074
4897
4070
4037
3797
1580
2736
2872
1390
8988
6255
1771
7556
7370
2881
3832
7824
2039
7015
4378
6884
270
341
4158
3247
4980
3673
5766
7049
5470
3880
3657
3016
4224
5844
91
1174
4125
3450
3620
9097
7760
199
6351
66
2006
7835
8337
2721
8805
566
7460
2901
3885
8302
8912
6146
442
6419
9029
6427
2867
4042
7271
9743
2482
4565
6853
7935
352
8499
7800
9965
3149
9892
9013
6369
2200
6693
9632
7541
5537
1722
5661
7792
553
9465
2579
9008
9650
9539
8736
7280
2249
5454
8643
7881
316
8173
2282
6245
9081
5153
6568
5375
2101
8056
3794
5685
3094
7892
2263
1807
7278
3031
8378
3690
3588
8218
1629
3837
1648
7677
1740
8861
3443
2216
163
1532
6753
7328
6908
7100
7852
8902
7897
2977
7630
4681
3066
4900
2051
2636
44
9715
1696
6514
3103
9014
5108
5413
3906
8605
3337
5590
9676
5542
727
1390
409
3658
9382
8275
4192
6167
5949
2871
9870
3272
3692
5531
9441
2416
7650
656
2898
7301
3868
3918
5807
2073
7067
1229
4388
7621
2881
6368
5702
8110
8471
9123
283
2137
6302
2297
7274
6010
7088
536
2539
8280
882
8112
1098
3037
89
8518
5085
937
2805
4479
9327
5478
1934
631
8536
5975
7802
1554
2987
265
7353
7402
6829
7099
989
7239
9917
5450
5353
60
6388
5333
3268
2462
7897
1792
1290
4864
2721
7219
9104
9177
6162
6034
2113
3799
2339
712
9594
621
1266
2524
927
4200
3617
4230
8120
9135
9262
2731
7147
6536
9357
8499
6167
1144
1044
5948
9946
7267
2546
3240
2576
5329
5629
8273
9816
4689
760
668
7349
9783
9469
3339
4782
2480
7884
7469
4882
3207
2080
5696
6396
7601
1418
6759
334
3122
3405
9750
45
7906
117
6362
2761
1194
1908
2390
4871
3752
2075
4919
8029
5443
7489
4665
6058
4360
3411
9555
7024
498
6232
5774
2110
1544
5824
9939
2638
497
1624
8161
9735
8963
4653
3566
5904
5512
9019
7717
274
9602
7904
3422
4825
1557
7682
2987
2711
7778
8265
1038
9445
3749
2106
9096
8262
2452
7905
5052
5034
4648
7131
8866
3548
2376
9661
296
7384
1648
3173
3427
8253
4833
9003
4499
7546
7185
8067
5860
5033
8323
4641
6177
2341
4450
7497
2115
6153
7704
675
9447
9894
651
4216
4093
1568
7430
4811
2396
8854
9237
7463
1812
4204
1737
6880
1819
3942
7820
1752
5545
6916
8159
2754
2847
2021
2783
7755
4610
2601
9927
7849
9766
9175
6510
9027
8933
9943
9057
747
6735
8125
7051
276
1755
8434
4880
2932
2683
225
7033
5351
8157
6667
8218
3037
1102
2680
3200
6785
5178
6987
2262
23
6910
6288
7958
6450
9487
9284
3148
5279
9507
8353
3110
3345
8300
2005
7208
7050
4981
4398
2717
2674
981
4740
3847
1591
9377
5554
8423
3330
2350
6947
4168
8401
8564
3573
9014
3303
5614
3597
700
636
397
3495
3435
6226
1468
4151
3975
9157
879
6913
3642
8238
5173
6545
204
2181
9356
2680
5450
7024
3731
7381
8099
1548
4074
5307
5410
5910
4582
1556
8966
1143
5362
4002
1693
2298
8591
2861
7358
3051
2811
9663
7094
8878
2976
6776
1915
3097
4835
8030
1724
5391
4285
4468
5769
4282
7846
1718
3647
4805
957
7375
1436
8435
8916
4327
3712
8366
7528
7852
5380
1280
1615
1355
2101
7063
5866
9627
8840
8953
7482
4199
1554
1445
3582
8534
3279
6897
8730
6649
6688
3797
5620
4144
2130
4276
2344
7833
7609
6722
3532
6822
5980
4086
9805
9337
217
6653
8968
7823
3401
4504
4709
935
5406
324
445
30
3257
2868
6988
8120
9753
5373
3873
6636
6014
5502
6819
9052
5947
9049
8750
4928
4569
3170
507
8878
2856
1428
2749
8488
5888
7050
1736
2051
6742
5729
1004
4367
5035
5943
9951
3479
3694
1263
8888
2119
882
1973
6087
5109
9866
1848
3619
3070
272
329
9772
1470
8741
6063
6526
5930
8515
2756
5767
2286
4430
2687
5103
5406
2536
9374
4438
5563
9412
288
6125
3333
1859
1245
5018
8135
7130
5459
9006
4804
2933
8206
5491
1531
4388
9746
7359
7753
3795
5064
710
5260
1752
4579
716
4016
6678
6414
7751
744
2430
6788
3106
7594
3717
7195
3118
7799
7552
141
3892
1125
2588
1333
6870
7675
2010
2371
3459
1401
5447
9868
9545
4210
186
5553
7508
8119
7367
7417
2837
1633
528
5502
9214
5482
5675
3473
1209
3880
9631
4811
2040
8471
1336
2114
7912
2242
3962
6068
8527
5918
786
1826
9812
7331
7879
9212
6669
8760
1648
917
1907
7082
8703
9747
835
5528
8747
6325
366
2606
9979
3777
5967
8236
6862
5209
3100
4579
3800
3785
2358
9548
5639
6496
4171
7796
2900
7033
6235
7527
3460
7781
7879
8728
9886
2262
2069
3082
2727
6954
8480
6686
5849
6946
7197
5866
4706
4975
8168
5298
233
2392
9677
9846
4411
4553
3954
2024
4835
4940
913
4584
9417
3805
740
8478
1233
8668
2553
4226
9380
2180
4629
859
5852
7219
3813
515
2184
6022
3871
7924
3087
9171
7943
1522
9010
5474
4269
3443
9402
7848
2692
4543
9841
5393
7966
1472
6172
6169
8946
9414
5269
5592
8352
6682
136
408
9707
5229
4707
356
9445
572
6768
7310
7977
1122
8463
5069
2913
42
2220
482
5255
4575
5009
7317
1753
9299
7428
5809
2726
6616
9024
9816
2964
2830
4289
6932
7604
4042
6457
332
9070
5023
2080
8559
1670
7003
4568
5312
9072
8353
5598
2509
9055
494
6524
9918
297
2202
5804
9975
1638
7837
7
5514
4855
1804
8924
6860
4596
9599
6156
3730
6126
6768
2833
152
755
1425
2815
8829
2191
4746
4611
1839
6543
1423
6728
6622
2241
9658
6424
752
7464
3386
479
2433
7628
4039
6764
372
5918
2288
2737
2762
3289
2451
7993
6333
2659
9688
5705
1098
8738
5995
8767
4938
7244
5957
8647
2667
7879
8310
2365
815
8256
1265
8348
5425
4935
6659
3525
5343
7846
7057
4219
7080
3938
8285
8731
6852
2827
708
4986
2970
3854
1608
8502
4370
2857
8933
5742
6840
4462
8146
2222
8697
8769
7975
8818
6174
988
7749
6299
6578
6818
9989
3776
2481
3183
321
7372
9919
7774
8969
6277
8881
7941
20
3613
3356
5979
2260
5969
9961
1914
8739
5071
2130
912
1727
9332
6108
7871
7024
5731
2160
4019
9042
9010
7256
3716
8532
8415
3218
145
1691
2623
1748
9213
4803
2871
2140
6022
3652
6452
4498
8063
2909
5716
1294
1312
2479
8007
7855
3236
2152
288
9695
3632
6987
1126
1536
2227
9097
3336
3842
8024
894
9485
2853
4824
954
5576
1382
6989
378
5178
5512
4273
8562
34
9072
9030
1674
4415
3420
5743
6882
2439
3312
3706
2419
5552
6991
5249
4964
2059
6275
9894
2565
6896
5466
7836
3084
644
4525
564
7258
5192
8141
9781
2552
604
6748
1205
4339
208
2534
8180
2930
7866
5978
7048
7440
563
6809
5426
3802
2668
249
8575
2614
3071
8038
4651
4638
5872
1910
7536
6968
1218
4663
9005
9059
6086
4008
3442
3472
1278
561
1031
6506
4831
5263
2971
6916
1957
1440
9226
9630
5088
8407
3256
611
5036
2205
7467
6306
143
84
8053
2711
6076
6201
1342
1750
1828
3430
960
5955
9628
7521
2780
3072
2793
7252
8122
6436
2072
6521
365
8197
6650
2082
6165
578
6381
4707
5182
8047
1222
157
4806
1437
3177
8599
2044
6005
5979
5642
6932
7121
8671
1130
7959
2264
365
7437
8167
7124
4865
1017
5615
626
1631
6878
5449
8485
7316
2348
3098
423
9319
2290
6936
9421
575
7541
8283
7621
478
6266
6433
3199
4587
4608
7468
5509
7117
7981
4902
5624
1683
9427
6453
8921
3617
8126
2697
4097
1029
7357
8369
5902
4360
2890
4846
1098
9328
4056
5488
4281
9441
4456
6508
6991
1108
6744
6511
3819
1888
9272
3420
6356
6740
4219
1073
2575
1718
7095
312
6010
1414
9304
7769
9480
9020
4279
8701
3914
9777
9394
5085
9862
5945
4057
8201
5910
7661
6724
4804
7455
3175
2308
7260
700
3286
437
9672
7847
4322
8012
6235
1716
2489
6483
6741
4666
56
1534
2296
5471
7541
2057
887
7039
5385
8240
8475
3240
3643
3802
6415
3876
5095
1843
9163
9524
5838
5125
1855
8150
7511
3954
3109
179
7571
8561
9816
7848
4462
994
484
5886
6610
8784
2163
6248
5349
3106
8438
1881
5106
8333
1621
1215
21
3898
1693
7920
400
8927
6360
2639
1851
1789
9259
9307
2584
9382
3272
7332
2980
5928
3044
6907
3914
5803
9939
8486
1250
8418
7119
8492
8518
5633
4872
8147
3124
4972
6037
8819
736
3448
5752
374
6785
5041
3296
527
4780
5766
5496
5925
3966
3876
8461
5290
9106
1342
6476
9052
6578
9062
1418
5527
1531
9451
7613
356
5369
3854
2568
3411
4401
1602
7892
3632
8686
6753
5945
4613
1954
8213
1356
9244
7310
8314
370
3071
5950
7581
9603
3118
4331
6464
1610
140
8932
141
9656
6919
7591
4196
5113
9362
6712
5619
1422
6785
6516
5681
8201
7312
6000
5720
760
415
3194
2125
1336
2910
8913
2796
346
1553
6833
612
8563
49
9254
2333
7550
2335
7490
8738
508
5157
825
5326
4524
7979
6681
6135
8597
4467
5320
3570
4736
9298
3717
7153
8354
331
304
9424
9079
2089
6598
3928
4619
1672
3861
7421
5841
4961
9598
4299
5510
1169
8456
4904
8496
5444
3600
9381
1265
2355
6046
5926
295
8344
7476
2860
3797
8329
32
5020
1180
1689
3840
1262
7123
1574
3045
3667
1687
9200
6271
7603
4523
4136
9416
2755
8256
240
2302
3168
1343
1156
2120
4362
7411
1109
2553
7408
3621
6174
9554
8196
4991
613
2306
9738
8338
6672
8249
3826
4370
448
8954
2688
6446
7567
7327
660
9550
7282
5670
1051
3894
2699
520
3762
9239
5501
570
3265
1829
9628
7389
5692
9283
3089
6225
2145
4345
2200
358
1327
5208
8390
6002
1844
5044
5418
2255
640
3904
110
1132
8891
3800
6874
6307
512
6343
7925
4555
4421
2329
1721
8116
2536
187
9810
3823
167
8575
7507
8704
2220
6139
5749
3356
8275
5729
9932
6829
5690
4873
2985
9172
7508
5530
1381
9165
1849
8631
3105
702
6222
2454
5879
4570
6172
8589
556
9250
5632
7029
3253
8843
142
4113
3506
8251
9459
1399
4651
8332
5398
4732
2134
9523
745
239
5554
2458
66
6827
9268
7609
1425
96
9611
5428
2605
6156
5938
6478
6191
8946
6561
107
2458
508
9936
2130
5862
7277
2394
3458
4616
8015
809
124
6047
7323
4804
4734
3406
8008
6306
6559
6977
8170
9609
1510
285
9003
6568
661
9017
232
157
163
6835
5538
1396
3768
368
3973
7468
7153
1476
5349
1607
2691
8554
1427
95
6444
1825
8784
2128
9285
8899
7161
7397
6403
9666
7296
7699
1613
2577
9499
6748
6648
3469
3910
3281
3598
4951
6851
9335
8590
6703
2386
5300
4012
5949
3083
4390
2761
5791
1736
6321
557
4250
6752
5587
8641
6719
3422
4934
8249
4541
6880
9281
2974
5852
59
1099
2602
6157
8092
5901
4188
6859
921
5171
8188
9533
1974
6831
4313
1708
4900
4025
2717
252
132
4551
5490
4952
5161
5413
5150
7886
6379
4562
2153
3668
1127
646
1583
6902
3284
8275
7505
5118
8624
3272
2022
4286
2073
7532
4959
2268
2616
8877
2200
5083
1976
6997
5467
8690
4725
1829
2926
3019
63
5569
4924
6938
7485
8296
530
6264
9774
9614
3599
7851
2842
9479
2174
3267
3991
6466
3841
4372
4153
3328
9075
6651
7217
3088
8943
2015
8197
4745
575
9974
4976
2419
237
4049
4784
9570
7301
8276
4142
5552
3915
7926
2075
3413
9113
8305
5429
3910
7169
5495
9913
9111
1281
4114
6194
8750
5588
1813
2735
2214
1764
6628
4467
8508
4750
1036
854
6890
9230
497
7785
7790
5513
6403
9767
6326
2010
7724
6263
378
1588
6808
2717
2245
8102
7233
4368
3697
8956
1879
9574
7695
2978
1464
1420
6240
4564
1233
9394
4659
6752
2513
6083
4668
7293
9174
6578
8684
5717
8599
6191
5427
4574
7453
313
1839
5766
3903
8286
3599
4396
2889
5742
808
3836
7063
6846
9699
8802
9683
6888
9874
896
8809
8511
4893
3274
7540
4160
3134
703
5111
9732
4180
866
4618
2962
5320
8630
4814
2465
1834
8568
8159
3339
7206
1158
6133
4846
5961
8126
631
4428
5610
2673
6045
5042
6503
8278
6304
9173
6797
346
4128
6600
8947
7829
9361
490
4628
2361
6035
1709
9159
8628
5949
1169
8573
7780
7446
3871
4294
1322
3551
8162
5440
4695
6576
6191
5325
8899
4989
2453
2607
4028
1477
3903
1395
1435
8247
4295
9784
6483
2514
693
1082
7619
1335
6772
6335
2539
5261
3414
9533
731
3073
3838
9783
8214
4503
2059
6786
5941
3873
5716
4440
8521
859
2782
7112
7400
6129
1643
8951
680
4078
6157
5847
5882
4626
3385
914
4878
7710
2534
8628
2788
2847
4436
5075
5091
2549
5961
5468
2146
4895
2470
5050
451
8982
2393
1541
4832
5682
1276
6693
6813
1292
1898
8370
5021
7457
3778
1978
7105
4079
164
6077
9291
9791
5544
2985
8017
9712
1646
8941
5964
7388
4703
2284
5440
3209
4691
6544
3270
4446
9420
8727
5637
6639
7312
3839
592
7319
9844
9642
5737
1986
3475
7006
4722
6740
9358
7036
2836
8665
5917
4762
1448
3274
4
7135
6419
969
2912
1035
7648
5913
6289
401
5589
156
498
8209
4646
4235
7299
2214
6840
9004
9096
889
4302
9123
3594
2928
1008
1367
5787
6215
3370
2495
6471
8329
6737
6265
8966
6843
2047
4471
1101
1541
8031
3911
1269
126
2533
8686
8019
6643
7892
6752
4150
6691
7155
8286
3616
4378
522
9820
4683
9576
7510
8846
8877
8750
3516
5118
998
7700
8682
3453
5830
2458
7401
5524
6012
7033
2127
6165
4537
1860
3377
8611
6498
2176
9253
5066
6772
1838
6005
445
7778
9057
5232
8747
3434
7441
1082
5404
8934
4266
4852
1629
9231
6177
6870
3366
699
949
9209
6629
8775
9422
8913
7209
2096
5572
4311
2028
1706
3902
7285
5501
2596
8806
8763
4074
7587
5350
3822
8455
3706
5249
4992
1869
2299
80
9723
1490
1976
5607
9862
4208
2002
3396
9130
9989
9667
6003
6223
4871
4471
8081
9039
3521
9812
2587
5228
5215
3818
6513
61
4930
3765
5245
8947
2832
8736
2010
9082
4603
2868
9731
7132
76
655
3898
1231
2796
7215
1681
4847
4399
8669
2360
646
1389
150
2276
1383
5358
4836
5816
5242
2450
9628
562
5329
938
1169
4708
649
5478
3878
1550
9293
9084
4448
2581
2309
4242
9241
8626
2523
4008
641
4249
782
9893
527
5924
3583
8780
2774
2188
9897
7626
8531
7300
1102
4559
6978
4849
956
9575
4911
2282
494
8740
1306
9064
6127
1738
517
7274
2057
6790
4087
9928
7627
9164
7363
6401
8330
3067
6114
1091
7742
671
4412
3638
6253
2948
6
4054
5925
1281
5430
3564
3139
3720
8098
3911
3521
8313
566
428
9067
8286
2436
615
9346
5830
3477
6893
5338
8865
8878
4192
5854
3461
1534
3566
3747
91
1747
8966
4138
3721
9085
1959
8863
7309
5482
663
2271
3794
4577
4638
7702
482
8890
2829
3830
9929
5930
5229
8484
1793
5644
3864
3212
2064
9899
4814
100
4378
9356
7893
4862
6531
8328
1185
9496
4725
3160
7116
9773
7723
8793
6434
590
648
574
3147
2235
823
9205
8582
3867
2016
6130
2174
4844
6371
4311
6347
4756
1172
5845
3816
790
2611
812
3997
9440
1494
5582
3081
6000
6630
3154
237
2279
6947
4821
7687
3670
7605
3931
8874
213
8560
6546
918
819
8658
1463
6538
9271
1325
2642
1123
1892
9324
2109
6382
4140
4771
4418
2674
4796
4807
3010
6659
4084
1463
625
4325
8266
4598
4591
9518
3684
342
9570
6277
8947
1139
5375
4413
8944
7065
5143
2488
6814
8546
8462
7898
4815
4992
3239
4027
2627
7683
4426
8696
7019
9192
1176
8680
8571
6063
1702
7318
2333
3015
6500
8159
5987
5144
8034
7945
2372
9356
5224
8541
8904
9403
323
3235
7263
8721
2736
953
4859
8686
7633
3856
5310
3499
9788
8388
5805
6004
8643
2997
7668
630
8158
390
6196
9302
5684
1074
6151
1691
3097
7542
6132
793
9569
878
2462
59
5331
6368
2183
5068
537
6879
2337
7538
6099
1005
6197
696
1067
5137
445
3943
5139
9377
5691
2992
1258
6571
3981
3464
6126
7974
9432
8368
332
6768
4897
8656
9363
4147
9979
6272
9302
2985
938
4035
3647
3032
9350
3744
2721
1789
3451
3662
5863
2657
9565
555
9624
9658
6329
3561
4283
2097
8439
8598
9735
3035
5260
2646
99
6390
667
4911
4541
5234
715
897
9734
8921
6004
2784
2090
9020
531
2095
9645
4044
3854
907
7345
162
2609
9745
1620
9579
8358
6333
6839
932
1122
5472
5609
878
1564
5821
2801
6189
5946
8016
6539
8371
4052
2491
4505
3748
5177
6095
6363
1493
4992
483
5946
1654
8503
4740
4382
5738
7063
8649
9727
7071
7273
9394
2280
7582
5857
9485
839
5456
6969
5316
6401
4682
6649
5590
6019
2423
5361
3936
6804
6017
1161
4424
8054
8444
4048
6230
6075
7151
2384
6656
8916
3727
4019
3024
9796
5370
1791
708
7075
5981
6636
5633
3774
4915
471
2741
9100
8474
1711
3368
5020
7923
5836
142
570
1174
8623
9900
1888
3776
1380
3572
2553
8938
7045
2702
4689
4247
3081
21
6648
10
7545
9788
8629
8401
2418
1499
3735
1266
3558
9130
9479
3152
1341
1832
4361
3114
2106
8280
6417
9248
9800
1721
9827
2419
4291
6961
8882
4824
9426
1157
2026
9209
7154
3655
7482
8008
9167
7805
2120
1921
2107
1642
2696
8827
7313
5611
4760
3162
3059
7104
8979
388
7311
8500
9685
3981
7088
2251
9645
4402
1905
7608
5198
6207
8028
3912
9392
8813
5169
4526
3349
9596
9586
1516
2245
6072
7403
3707
1978
7787
2015
2999
5752
1375
5485
5849
6004
6014
209
5282
8053
4872
5623
2545
8
304
683
1186
7005
2228
8092
5492
9919
1222
2815
7940
8609
9340
9951
2107
692
6033
5569
6801
5989
7941
8854
9516
2659
1160
1578
8377
622
9806
7386
3238
3499
2016
6963
937
9732
367
7172
2801
6828
7925
997
6535
3344
426
1489
2544
3193
8864
5567
9154
1407
3531
7903
8304
6807
416
9951
3460
6876
4313
9677
2600
4444
723
5079
8225
2921
9396
894
569
2608
316
9561
6616
3270
9687
7734
6301
6046
7115
8027
5374
456
2773
1355
6634
1124
7371
6852
1639
1843
7853
3172
6878
5598
3852
2476
8191
2816
6759
3933
193
6590
9775
1183
3210
6727
8422
7537
9528
4215
952
1882
4362
7669
3269
526
2622
7084
7323
1068
8711
6247
8748
292
586
4902
4833
358
5141
9261
1163
2486
8269
699
7409
2731
2259
6808
2107
9734
7667
4919
1706
9216
9608
8827
2818
8380
9471
2614
8085
7276
6262
3516
8956
1744
2993
5815
3269
633
7353
7028
3492
2507
2513
5834
7367
2097
7862
7595
3851
2010
5042
9778
500
1665
6830
2956
5069
6058
4146
1588
2956
56
5994
839
4305
6812
4566
5782
6715
1688
5758
2057
2487
7282
3984
6304
8774
3780
1640
1845
5049
4544
6266
4237
6684
4672
7471
5566
2380
5995
6650
5131
8902
9332
7878
6090
9326
3933
7790
1942
8329
4825
360
4560
407
7902
1775
1552
6352
4233
5211
9914
9914
1084
2799
7724
1156
1554
8831
5188
7922
4276
7532
174
6086
6484
462
8810
2279
8662
525
5916
577
4110
4059
3389
3337
1188
8593
3359
8986
6084
6549
8238
9089
210
2277
2978
6801
3659
8995
1153
644
7815
2348
6977
8015
3899
1494
3531
9233
1931
2918
4891
7656
5004
8796
7268
5248
5110
5163
209
4136
233
1209
6485
7010
503
6639
836
2871
3855
9453
3611
3829
6186
6110
4042
8583
606
1635
8786
1039
4752
1454
9080
4786
6406
2749
6345
9408
5307
8225
8889
6542
5883
1211
484
7538
1310
9250
1221
7419
8946
4291
1252
2042
9216
6581
5626
3232
2161
2007
1297
8550
1450
9129
9127
1747
3362
676
8849
1662
9092
7479
6219
4672
1279
7727
9229
6036
4587
6481
8778
30
8119
1655
6818
9910
8286
3910
8295
7968
1207
4024
445
1545
1099
5594
3531
1407
8594
5428
1710
5645
4214
3168
1404
8626
5897
4249
3333
5133
7059
4513
2950
2615
4787
8959
6536
109
9750
8164
3029
1673
4182
5752
5082
3196
4794
8966
4136
9786
2811
4369
9813
8113
8630
8273
1344
2263
2525
7213
129
9760
4265
7894
814
4137
938
9550
3690
1428
7598
6852
9879
3440
7744
1373
1565
6484
8408
993
9875
2056
7617
9679
9338
6079
9735
5805
8458
4901
3503
4272
2915
338
5745
4260
3413
8808
288
2168
843
2382
9994
2234
898
9561
8522
2843
8728
7908
7547
6846
4928
5484
5303
7202
7842
9595
2734
9769
398
3583
7666
6500
2401
5237
6015
2574
4976
1063
9352
5522
4177
6672
4108
1193
3850
5656
6360
9924
3137
9505
6102
34
5138
5612
9363
7422
9375
7288
8334
4057
6049
6808
2523
15
2285
8688
5480
3065
1858
9276
5559
5646
9311
4317
6730
5974
3250
3745
2637
8781
9386
9101
9821
1809
6142
2074
6599
9448
3638
8362
6187
4880
1527
3301
7950
580
8797
4308
7263
2440
3552
1913
577
3794
2889
8153
8567
4645
3134
5528
8447
5419
2697
2527
3493
4062
567
2252
8888
4419
2748
1942
233
3027
3411
474
527
6807
4371
5975
6808
3504
6126
1364
4202
3585
115
2361
5272
3369
2563
8720
8784
6737
3600
5817
2065
2942
8017
9972
3833
9219
7699
6527
1548
598
4682
7932
5874
5405
8117
6893
7143
1941
6783
8447
3590
7615
3585
1072
8511
9351
4740
3119
5653
1843
7749
4911
4693
2436
3058
9335
7904
6908
6913
3145
521
2028
591
8781
2442
9480
293
2473
7169
202
9095
9183
9400
7104
7127
2403
9170
2755
8742
9975
833
7333
6058
3461
2597
8550
4219
9945
2927
1922
4344
8617
4643
4186
9127
577
4252
1726
4521
8719
8185
7620
7467
5768
3509
6408
7289
933
8837
3073
5933
2734
8506
5659
1733
833
7142
5333
2899
910
7771
233
6286
8866
1039
4404
7765
3262
5084
3362
5892
5236
4388
4919
7807
7230
7409
9628
3483
3722
7066
7988
9804
7430
5650
985
9385
2932
779
9752
444
6250
680
4278
5717
5993
144
5693
8334
2007
8909
664
7625
8331
2548
8599
5542
6869
2176
9374
4017
3831
2343
7632
2264
3636
3246
3668
2921
2980
3752
8273
7018
5425
9625
8252
9939
9041
6826
6378
5589
2592
9893
2660
5518
4153
4719
2423
7140
1264
3589
4932
655
208
1519
5931
1716
2364
3490
7630
123
3476
5426
1477
4066
7974
8596
1006
7642
1230
8065
1375
2015
3580
518
6538
6342
2049
120
7019
3567
7957
7062
6225
4601
4951
2135
9095
1924
9794
8626
9069
9506
7161
8668
5800
9495
8815
3787
1890
1024
4533
5369
9647
9040
7249
5637
2334
7684
5127
6404
105
8056
1863
421
1641
8307
2482
7681
2152
9150
9034
9441
4532
3058
7286
5210
7885
6462
3054
4915
4316
40
7065
5639
4383
7307
7441
54
9797
9038
2800
5638
1299
7718
361
2854
9904
8705
9733
6691
8979
7363
5000
3620
6551
9375
6063
9472
5129
6635
5929
2656
1326
6293
2415
3934
163
5940
4289
6620
4658
9735
7951
5890
2973
6746
1712
9951
3099
6136
7299
8416
9420
8906
1664
111
7835
3612
9593
3491
1535
8945
8738
5797
3357
2717
6250
9283
4606
2752
8565
573
9785
7315
6904
1308
4749
2395
385
3010
2796
5770
9728
1389
8151
6052
2677
6054
4770
3375
7447
182
4356
116
7198
9111
5422
4643
6751
3336
6197
8979
4786
2619
7502
5318
4960
4969
3205
6458
4638
2693
3689
9196
7841
7629
6983
2488
5997
1484
6786
9403
7790
9597
3340
4201
4722
7290
3652
1259
8673
2883
6588
2128
3945
1787
437
8932
3787
5755
6057
206
4796
7754
6677
2147
3705
804
673
280
3770
3078
2318
6916
673
8924
7931
2132
8240
6770
323
4808
2996
8039
7190
3355
6769
6208
4482
881
4379
3417
2494
3065
2831
1893
2292
3329
4940
8966
5353
7704
8114
1080
634
4462
7941
72
9908
3112
6253
1043
8367
2880
5741
6057
1192
250
5645
16
1226
6113
2823
5764
7976
6639
8043
156
746
9275
1679
296
2226
9741
3783
678
4730
3293
6716
6404
3035
1306
6588
1968
8828
5734
8719
812
805
9678
4497
4525
6015
7672
2560
7010
8843
2357
5940
7905
8667
3254
2853
2733
3889
1306
1454
2100
2914
2613
9373
8949
7206
6253
4627
9983
4159
1310
270
1556
5347
2269
4512
8236
7383
3946
9340
3398
7738
8222
7677
1369
4348
9940
2435
1897
8617
9508
7899
2325
3222
4282
3689
3517
535
470
1237
3137
8106
8796
767
997
1844
6139
9568
1121
6693
59
9151
1988
2490
959
5532
9688
8736
2523
7708
9248
9168
3231
8402
5647
3819
9872
183
2706
9603
7944
1173
1261
9683
5412
4453
8996
5532
1308
2227
6911
9965
9567
7883
4033
4863
5372
3395
6770
5882
29
1141
423
3191
6206
4439
6659
2580
2588
8808
9880
8589
1704
1193
7318
8189
2698
1461
4644
1120
8770
8367
3196
8164
6650
9399
3135
3708
4632
9656
1002
7248
7088
2401
8401
741
1061
9950
9400
5364
6944
9186
6017
8186
4985
4979
2815
3260
6834
6162
3145
5700
8628
4262
9514
9660
8736
9092
1781
694
2376
637
2069
6405
4854
8692
3075
812
9690
9098
5265
5361
8849
3848
2323
6366
528
488
1357
3268
5760
2993
8247
668
6260
5005
7038
6571
6790
6552
9940
8672
4655
1831
1975
5838
3429
6867
4831
7681
6222
3697
1665
5583
8851
5951
5697
7036
8064
3293
1780
3209
8568
4149
4067
7995
4038
3624
8827
564
8734
2087
162
3440
4769
2395
4932
8605
9087
2097
1835
8039
3751
8341
8525
7968
4026
8938
2543
6777
7230
5860
3896
2016
4399
6386
6112
3622
2031
6939
2615
8074
4317
1396
4738
9079
8772
4731
7936
8456
3002
3859
8490
2516
4601
5340
4569
5513
9259
9982
3810
5129
430
1074
3820
7339
1719
9821
1698
1680
3298
3882
2404
3924
3928
2227
3000
5884
4793
988
8318
3986
3017
8348
3137
4345
2327
5464
633
9375
1880
8894
2829
2831
7475
5339
3797
5296
9941
3129
5918
302
8180
3385
8951
1763
9665
1065
1641
785
3991
993
1043
6654
6784
4688
578
1485
4694
3902
3584
7925
2870
7166
3444
3616
8417
8627
2423
514
9533
1563
8759
2852
3993
3787
6228
7388
5085
2617
7863
9547
4239
3456
1219
4610
6194
2036
2899
1410
8377
9458
5507
2671
7770
3427
9179
9488
8157
4109
4902
3717
819
9606
1553
741
9380
1814
543
5236
8961
6759
4616
9709
2056
3196
3650
5906
9653
475
1464
1117
53
6936
8902
6129
3334
784
5399
4018
1003
5679
2758
558
1404
9150
4448
2486
9353
8476
7403
573
6767
9096
6896
4220
9844
6105
1123
3872
4572
1994
851
5217
5565
3844
5389
2911
7424
4362
2507
75
8894
6811
8986
9871
2970
6904
4153
5419
4990
9139
9149
1101
5245
735
9185
6892
7719
2026
7163
7298
1355
2420
6682
3011
6422
2042
3132
5470
7466
4244
2139
8271
6747
23
2791
1294
2370
5431
7295
9864
8532
509
1401
9783
7517
865
321
9361
2550
1716
1038
1002
1382
4381
1856
7175
1668
9118
2230
4944
7562
4018
5340
8081
7941
6037
8689
2302
6553
4368
2166
9616
7489
5439
9203
735
3989
5841
4084
9870
3332
7132
1824
5678
2705
7578
2906
1424
5194
3892
7200
2075
3218
2153
8193
1446
3281
4234
2620
3794
9889
5270
7971
5015
3321
3709
8462
8106
3671
4596
9916
9096
2022
1332
2021
3665
7983
9262
2058
1683
9372
6111
5406
4978
2024
8844
382
1745
3618
1051
5947
4976
5472
285
4217
5843
2767
619
4256
2602
6009
6092
5727
4962
9760
9825
7392
1287
6486
8254
7654
1636
7775
8517
8116
7113
190
1232
6743
9032
9725
2490
1059
4076
3272
4458
1260
6806
1064
5213
2667
1013
8541
4048
7168
6385
4901
7879
4726
3349
8329
109
2978
9078
7863
4856
3045
5636
7738
3144
9857
5917
293
8108
9448
5784
3215
7264
5584
6500
1319
3607
8675
1486
8585
3569
2643
7769
7385
5754
155
669
3724
8655
9792
5710
871
4861
8454
6424
6719
5912
95
660
3535
7349
2206
2522
3223
