2431
3452
6059
237
9681
2212
6547
8427
2989
8235
1460
6022
6213
5570
7231
9664
9811
5323
565
4148
7874
9158
4420
7055
9738
2775
6282
9833
6774
6952
1367
7106
5540
8378
8579
5927
4456
2775
2169
9171
8413
3747
3311
5314
1113
9041
9571
3505
492
5234
1715
2961
5701
3752
5865
7339
3521
9528
1841
1293
8321
7278
969
4066
8966
6938
7748
3376
5212
4313
4010
4091
3136
591
6416
9463
5424
5711
5279
1259
7405
6669
1732
9712
7343
10
1876
9128
4902
5167
5801
8924
5480
4197
4221
3422
4524
7505
6913
5437
9041
685
9851
8759
4251
8241
3915
1049
1052
369
2888
369
1035
5296
27
901
5988
2162
2583
7388
9820
4111
372
8186
8414
1251
5703
4201
6887
6386
1151
7010
9467
4297
9711
8891
914
7616
419
2395
5890
3275
577
5673
6825
9520
8189
9795
9080
7954
8296
6938
5463
7868
4694
6473
2809
9978
539
8999
509
689
5010
2050
1453
5519
2554
8124
3399
5309
3117
5410
4870
5377
8429
9814
8876
3007
9053
3534
6222
9344
7258
949
6636
6539
9621
7888
827
2239
8174
1963
9265
435
6413
562
5965
6452
3200
8908
8656
654
7517
4033
2572
486
1138
6956
5655
2787
1905
875
7676
2893
65
1587
6830
4174
5091
3537
7114
8646
6562
9915
920
922
2325
9157
9677
716
7877
7536
1345
2950
3734
8669
840
7183
836
4063
9423
3104
9402
1021
7972
6304
7970
4743
4754
2523
4628
7184
2600
3042
5645
8426
9605
3404
4222
2544
6947
2171
4445
7692
5965
8121
4589
4985
3357
512
8613
4530
8358
1193
2527
6873
6347
1948
5263
7044
9211
7686
8782
8194
2538
3225
9474
7516
2301
5197
9787
8582
7873
2372
9501
1780
8936
7179
7205
9978
8881
7053
3466
1275
6179
1522
4546
3699
3238
180
8126
6016
9438
2450
9331
7115
452
2173
6677
293
9683
671
3601
3324
4156
3308
2856
7133
7
3297
6164
5363
9670
6953
3448
2989
6343
6543
6520
3294
2775
8717
7681
9678
3790
594
9735
9502
1850
7283
6746
8633
1787
3576
4868
5157
9976
8055
1602
8233
3613
5278
6636
809
9394
2169
5314
7148
8089
3076
6420
8975
3923
5435
2222
8482
1183
7821
9055
496
7376
3886
325
9100
2762
9419
9671
2454
8905
9289
8031
5581
4030
4919
8257
2735
7175
6130
844
5372
4474
2630
8971
3225
4094
9937
4456
7632
8998
5588
4815
6820
7610
3940
6139
1186
307
8109
2031
3155
5971
309
8771
2334
607
9134
6968
6602
9355
1493
714
1
9552
3576
8977
4544
6812
3141
1700
7148
1974
1453
4875
7646
5548
3591
1791
511
555
5841
432
3263
1034
7697
5202
5950
7603
6793
8661
2877
8208
5689
9632
1135
4718
95
906
4122
1856
5625
964
426
1219
7851
8118
1940
6009
8620
3220
6103
3173
891
445
9982
9202
1759
6849
9251
2351
6667
2556
9325
6619
5360
5378
5962
1481
7437
73
7112
3104
2114
6174
6078
9618
2914
7925
9383
3799
6055
8848
2638
4613
4063
7291
2005
9854
3204
5106
9311
5190
9273
848
4142
2416
2368
3701
6662
8948
2200
2914
6577
1551
260
2980
156
8294
9607
2571
7534
8792
9067
5079
1224
9696
6689
2734
6200
8116
5843
6427
3880
1501
6054
6454
7299
6899
2219
636
5064
3140
2563
9675
134
6976
962
1116
9640
5828
4189
2878
1866
2353
6286
2027
6217
521
4230
4617
6986
9526
930
8415
7520
919
8934
9601
9089
9255
4181
7163
8706
8187
9763
5238
3870
8440
9346
1641
1030
3935
1240
2447
6514
4455
4386
481
4101
9125
9185
2625
8335
6217
3875
5506
8925
9464
9917
9814
8635
9890
6404
342
9
7728
8843
744
7067
588
2806
7264
9258
6028
2477
3141
8712
4828
5916
158
2049
4759
4199
201
5884
9938
2603
9320
9585
1685
5520
7689
9733
9511
4602
5841
8609
8053
3215
4980
9729
2558
4179
131
5224
2110
4958
1378
2304
2933
527
2709
9487
323
4475
8230
3429
3875
7470
358
8482
5713
433
9358
6533
1721
1292
7888
4094
9694
5795
1151
933
4467
1036
2823
4724
2905
3905
1563
8479
4790
2257
2378
2052
8014
2145
3932
7645
9441
1743
8142
1523
7393
3319
5208
6540
2318
3870
3320
3797
6175
3948
1661
2538
959
7527
5873
4114
5042
5850
2099
968
5795
4804
1537
5844
475
9133
2463
3673
96
4723
9878
2535
2728
1699
8588
896
9256
660
4939
1800
1197
1949
6385
3045
3398
4918
2948
2774
7100
43
3935
2256
5935
9213
9150
2180
223
6435
82
684
8372
1647
2145
7252
8586
1819
7949
7253
3100
1217
7903
6652
6764
4554
9904
330
5356
2926
9988
4197
1308
2906
9939
8715
7344
2256
1541
9126
3757
9192
4490
1019
8864
5412
9219
5069
7132
7602
6144
9102
718
3658
4727
4886
5838
7959
3166
5340
5924
1635
8229
6577
5285
7082
5043
2156
8713
1809
4203
8000
1114
2767
6858
6601
4554
2393
912
4869
2161
4444
6809
416
4178
4483
5895
5944
8905
8345
8574
1280
7140
9480
6715
1087
2011
9072
738
5848
3933
5635
8611
2996
7400
6381
7383
7163
5445
5345
7853
5794
5518
7774
8843
9439
8172
6240
5443
7512
4113
4163
453
8089
8415
6547
2347
5187
3619
5934
7637
594
5842
2571
1968
6727
4366
4100
5109
2917
2292
9711
6284
2071
4470
2667
1628
3326
8176
517
4976
4824
1193
1417
3527
3355
488
2038
9287
8082
5168
5978
5215
3390
5002
9949
6424
6190
3949
8922
8696
921
4541
7848
2195
1032
4701
4583
93
5457
2674
8773
768
1454
1797
7280
4887
1355
6388
6118
4277
4862
7655
6888
8549
2498
2650
4237
399
3692
3628
8674
1459
2254
1458
8400
6725
601
616
9398
7829
6429
7749
4725
5657
4076
6314
5755
4922
5693
1912
4166
7528
5629
9243
5818
9659
4271
5158
7918
7495
4564
6444
8657
4522
8278
5720
5482
1846
3614
2074
4557
1926
5829
3167
9289
5902
3992
8987
8974
8083
3716
9462
1756
6820
4929
9376
8822
308
5468
1714
6070
7525
9836
259
2586
2483
6901
6547
5724
3674
2555
6680
8575
3028
7694
9874
4245
4595
996
4797
5949
3560
5477
7891
1098
13
9952
7467
1423
2117
5418
690
9047
2414
7574
5204
4609
1776
2400
3399
2408
517
9236
389
2608
773
9580
3460
2108
6396
2118
9363
2493
1194
5411
9091
9157
6040
9036
2575
4746
7314
9216
7594
1221
8805
8
9412
3402
3318
2523
5704
4771
8684
8541
4485
2133
7259
4242
6455
9315
3406
1761
8721
7649
3664
2083
9898
3585
5383
9755
497
3737
7614
767
7934
9606
9070
7557
4838
986
552
2809
4906
624
3969
3594
7229
8928
3082
1413
3760
78
5067
9544
236
3053
380
6185
3452
6673
6208
6495
3604
9186
8334
7678
4369
2989
8205
1344
8655
5380
6363
8191
8897
5205
650
7567
1056
7768
8696
8536
8675
3681
9209
4833
1752
694
5635
7544
8444
5371
9974
5726
7148
8185
1574
5183
3497
8125
2774
8975
6498
5276
2691
4512
5120
1460
6410
4208
5267
2334
5623
2415
420
8672
763
7327
3511
9951
489
1204
7952
2833
2829
9003
8446
2848
8153
9206
3960
5755
9262
677
4931
1254
8067
8273
3357
3858
3829
5137
9801
2328
9355
4544
8487
8734
4325
5158
6559
9388
2417
754
3450
6168
5417
6361
8750
3021
1452
1992
3508
8954
951
2230
2119
9959
9616
1701
8122
2691
9439
9383
8967
745
8458
8972
7536
3696
1691
1753
5796
7825
8704
3429
1936
3828
6702
158
3534
883
947
8745
3599
9552
7863
7446
2305
7522
3102
641
7101
7306
9597
8740
3551
6805
5350
3050
3843
9386
6881
5742
329
6515
6777
9762
4708
8248
5393
6589
884
6710
5633
5084
5662
3231
5089
3784
5797
3244
7312
7768
6360
5501
6497
1853
9368
6352
4243
8939
275
7216
3308
3144
8482
1541
9105
7709
75
4617
7012
4009
1940
3019
7403
8085
3269
3644
7017
6578
4392
8871
5675
383
8080
7934
2769
5878
2163
7903
7110
6934
2950
4501
446
3675
3875
6379
1388
8617
8665
5707
2349
3528
4977
1621
2292
1913
296
7915
3603
6391
2558
7193
5859
8121
8713
6130
8224
5924
855
9813
4915
3325
62
7087
1581
1915
7794
8330
8141
379
4546
9186
9791
1805
7775
6360
7218
9740
6891
208
6051
5931
281
821
2827
2539
3175
6445
1410
8553
1845
9447
8766
2772
1329
2832
7404
7180
1808
2404
9690
9718
5178
6530
6078
1532
5507
7817
2823
4721
3314
1278
1966
98
3440
6640
6360
2024
5950
2898
9675
5642
4115
4407
4570
6992
5265
109
9055
9202
3987
4495
8308
719
4597
9822
5662
6953
7856
4634
3447
8205
6049
2443
7079
7344
6900
4092
6621
4933
3634
1639
5919
4188
2820
3883
6540
8884
6947
1625
4058
8865
9822
9295
6850
6137
711
9211
6724
2472
7066
9522
9815
6179
2731
121
3745
3353
2315
4543
4064
6294
3447
494
6563
1057
1901
2998
4328
277
7259
7034
5474
4749
9574
2086
1798
6840
4196
9197
3778
2653
7926
9170
6827
7416
2054
3724
610
6849
8649
2717
1971
5438
4128
7451
5257
5455
4129
2813
9009
1463
8157
3442
3945
1898
4798
9754
4341
1202
2319
168
9774
5308
4216
5199
9607
7967
7076
7082
3502
5020
1040
4616
5226
9905
8339
2468
9703
3624
6645
8611
6220
7053
9293
1190
3781
2060
7643
5663
4114
9913
2478
528
7611
2329
8850
5374
1950
7485
4330
1189
2087
2959
4295
1174
8890
276
2722
3611
5968
6674
7580
3964
8268
2683
6191
233
2057
8728
4863
6583
8130
2641
5379
3128
5485
5496
6843
3139
7493
949
6461
6978
5058
7180
3631
6618
1239
8571
5955
5590
4968
2527
8042
6732
9750
7223
726
2609
5273
2704
7313
1608
8729
1871
515
5125
4488
1789
1956
6480
9759
7628
5119
8469
132
1400
1134
2441
3909
8521
4456
4503
228
6405
8964
2600
8366
9474
328
1984
7273
7193
4963
2165
4138
7638
2227
9307
5569
9084
2659
3355
8449
37
2805
7698
8928
855
2168
7157
3671
7523
5142
8626
7670
23
6013
3250
4904
9314
7720
5643
2014
5047
3881
1314
4282
5931
6293
8030
4970
7833
3403
8199
2847
2837
2387
4748
4906
766
1008
4244
7794
3164
3137
2589
3988
7432
185
6673
7351
7099
329
5318
4762
5663
4151
6036
2845
1505
5230
3089
3625
1240
4385
8648
1469
5376
5437
2953
646
6991
1978
5050
7385
7913
1933
9466
7984
6878
5645
7638
5120
4800
5648
453
5571
9443
3394
5966
118
5309
2354
2793
9617
6830
9464
643
8830
4169
5542
267
72
6239
8043
8937
1490
3789
4046
862
6848
8476
5005
8295
3878
5286
2609
1259
1996
968
286
4308
2922
915
3604
8618
6358
6637
9605
7387
4807
1732
436
3111
5428
5763
5718
5703
5646
2365
4936
9373
8103
3189
8332
2711
4830
2512
8913
5149
9497
4323
7325
9658
3549
4614
4490
7176
4780
5962
5547
1156
3819
2646
986
9904
3791
8013
7439
7927
6612
8524
6606
5387
7434
8703
286
1530
9324
9859
6258
1071
7566
4422
1845
3653
3074
2635
1143
3655
7591
1689
3294
9090
8495
3267
7115
8012
1036
1266
2139
1949
598
4959
2582
6395
1243
1053
3943
5989
9667
8434
585
4517
7999
8615
5322
6952
9918
5797
2974
4218
3899
5519
5059
5354
4919
430
6940
5917
7102
7783
8685
3374
2265
9481
2562
3219
8735
5859
6268
9339
7976
3522
7385
6787
8080
1576
1743
9847
1141
5752
2021
4342
3197
3118
3149
927
8710
4748
2834
5976
1547
766
7530
253
1824
4959
6696
3333
619
4501
2033
3984
5823
999
4040
5868
7542
8719
4408
7815
7098
8666
5774
7055
8768
1019
8369
9893
4577
3840
831
4288
9447
9805
7925
798
6416
5588
5882
7589
2610
7063
5049
8728
971
3780
5209
7925
2452
3710
2730
747
2354
476
350
9945
5048
4715
9474
5937
4812
31
4952
6555
9348
9447
9827
8774
7837
3213
2509
9321
3928
3053
7592
3624
3970
2701
9023
6754
990
3691
5448
6999
1024
5957
6202
55
4409
3680
6325
3574
8554
6348
8641
1995
8871
3807
3942
1656
2778
3502
3701
7779
8705
6059
4563
339
8309
6487
5392
3847
4264
2120
3975
4896
1082
8534
2404
7678
8711
3136
3148
5944
4592
3212
2878
9605
5189
3243
1061
9992
8349
6762
4054
7737
7793
8069
6781
9181
1259
7222
9566
5479
2790
3099
7690
6216
6610
3782
657
5330
3110
8013
9150
1931
2098
7074
1411
5181
5729
8813
5057
6010
9415
4966
8996
3292
1725
6783
1594
8123
7318
2893
2542
9591
3292
7783
1941
9973
1852
5558
7044
1031
8283
1085
4636
1604
4083
5283
1844
8919
9295
4475
2353
595
159
9765
4115
4195
6775
9885
9103
7407
3418
2864
117
1451
9535
1327
2589
6282
3213
5821
3507
1233
8425
6818
1788
4630
8792
7362
5476
1894
1059
2344
9638
2341
1095
5899
6871
5553
2181
3251
5695
2640
4733
5829
9029
8167
3345
4761
6902
2284
7513
6141
6129
2771
3204
8578
6482
1605
981
756
4073
4063
5137
5688
2646
4039
5843
4525
6036
7225
1402
3285
4959
4399
1409
1501
691
7519
3320
7256
9234
6526
7380
186
1250
690
2784
608
8273
6470
8557
4749
4437
4790
5758
2414
9412
2042
2425
175
3645
2144
3594
7783
9554
1618
7802
9518
5651
102
1959
7104
3879
7028
5601
5209
9465
3330
1265
9711
1437
3723
2629
9791
8030
7599
5884
5216
2005
3204
6059
8708
1848
1610
4537
2813
1404
9852
2510
9244
1176
4033
9538
1204
2697
3346
1077
6254
1915
9639
6027
4421
7947
3899
209
2305
278
1102
7137
4097
860
7400
4733
5937
9559
2090
604
3531
6498
7777
9134
5834
7688
2964
62
5018
6395
8669
211
1260
5277
100
2658
9397
430
1255
1268
2997
2226
5094
7296
2853
3934
8426
8165
9129
2255
2774
293
2774
8824
341
5153
1805
9254
1123
3005
2917
5873
6856
5312
4295
113
8127
6731
9075
2602
3253
1155
6192
5398
2700
2621
8752
9406
6975
213
9313
1444
8272
6106
8176
5392
7565
6921
6745
4693
5441
789
9945
5584
7623
3840
8740
8748
8586
9401
5602
6980
2247
5602
4437
8182
8756
3292
9942
2256
7386
7649
5389
9291
5597
3982
1662
4864
9868
75
9696
5579
932
3929
2090
475
1263
199
4135
6498
570
7968
5208
7231
8148
20
472
22
9650
1777
523
9929
8239
6847
9983
3605
8177
8485
2869
8204
5399
9723
9689
8362
5982
2733
7964
4006
1507
2840
275
663
3522
3908
6968
1584
4109
9758
4606
6058
9273
4321
1459
796
5906
8576
2654
1769
5087
4739
6695
2935
4016
8732
7174
9879
9012
1269
9939
2582
631
3095
253
6399
1384
3161
950
8042
7784
9108
7435
6997
1150
1839
9282
2782
4648
8971
6588
2314
1788
6925
8569
2133
8685
3107
8203
4150
8697
4229
7635
4702
7295
7434
8168
5070
910
244
4166
4306
4664
3033
7154
7549
5733
3806
9692
3842
8724
5890
1709
716
1612
9061
64
4315
2449
867
2093
6204
1091
2417
736
5459
144
4147
377
4759
4361
7319
4140
8683
5217
2370
5048
7381
6450
7908
1653
3420
7402
5914
470
8515
6867
6817
5054
1708
8481
2610
64
27
180
5726
4286
3176
6157
9943
3043
2448
4605
6280
5692
1929
2232
2434
1792
4288
2937
6452
5441
7649
4815
4983
7211
7458
693
2547
7993
2124
8416
2866
199
4359
3585
6495
9665
1394
6394
841
3355
5643
1885
4714
7226
4673
192
8878
991
4355
4781
9363
5780
7412
2582
4252
2095
5086
1365
6897
5427
976
3634
7607
1494
2614
2638
1304
7918
6516
5675
270
7988
2846
174
2305
3754
9542
7565
4250
1896
9859
5971
2995
3522
6378
1875
5822
4966
1820
873
5263
2466
4316
6715
4438
5042
1579
7598
9501
3479
930
5061
5242
7811
3595
7076
5585
4960
9564
180
8970
8288
5106
9983
6474
3232
3782
9194
6512
3782
5838
531
9183
9657
5539
432
691
3487
6953
4422
162
3777
8961
6507
4064
3611
7223
9667
6766
4592
4104
9399
6657
4779
8133
1925
8443
7552
4476
7936
2456
5664
2985
3575
7062
5755
9465
5971
6097
6800
1318
8554
9435
176
3828
5730
2261
769
7670
1183
109
2062
254
4092
4004
2924
4800
7672
7690
9239
9137
5432
5255
2538
1889
9387
2521
910
2914
4107
6070
7018
5284
9454
2669
8441
6495
892
3677
361
5116
6347
6705
8079
9745
5511
4870
2871
4407
4525
1355
9161
5384
7670
7204
3976
1274
97
3019
3029
2531
6537
6723
6720
5673
8374
3274
542
8231
3151
3307
1910
3677
253
2461
853
1445
1498
2572
5889
3933
1688
3490
3723
6
2191
2657
3677
3432
8830
9759
7267
8288
5715
2527
119
4983
517
3672
7748
9648
5726
9092
5404
4157
9527
5319
1621
9374
4555
4634
5822
2856
4973
1203
15
4798
4070
5635
6814
831
3158
3276
5054
587
124
5564
8706
1539
5985
6618
592
7100
2126
6252
3072
7328
1645
5666
1683
6305
5453
8435
8033
7659
4032
1971
7818
7973
6559
3709
6414
9699
4525
8531
3529
4811
5464
2831
1398
6465
508
4020
2820
9090
2897
2470
5830
4153
2885
6931
6996
50
7189
8380
9854
4905
6516
3124
2849
3902
1038
4341
5202
3223
8550
8409
3576
1345
348
1627
8294
8501
5914
6138
3990
6499
6941
6439
7857
4654
5233
188
8746
2756
6245
7609
8522
1431
3950
7100
2262
1949
808
332
4718
6193
8471
8483
3807
4819
8715
2981
5287
243
257
1105
8872
3781
6886
9139
8293
6545
4774
19
1610
7355
2435
4062
4393
2154
5346
8862
7071
2694
4192
7737
6117
9251
8514
291
3953
7061
1481
9393
5117
2223
2387
1051
6319
6555
7134
4829
376
9688
8088
603
2329
8779
8755
2718
6926
4868
8884
1663
1150
8783
5946
6398
1083
6482
1483
4831
8804
8313
6538
7090
1851
2060
1605
9502
2240
6634
3275
8426
6747
1253
1067
7655
5273
3401
6983
5021
1486
9274
5112
6993
4457
3161
2570
4016
3477
7074
3320
4682
4251
4886
1763
3549
3701
4160
7979
5501
2974
1573
8752
2590
4789
7645
210
9662
9152
9465
5317
6369
9852
3680
3489
3689
7555
1002
2405
6370
7447
1256
235
9992
7530
9645
839
5750
1152
8125
6105
6988
1836
4481
9122
1068
2023
1604
4579
7777
7872
7630
672
7004
9661
2410
6932
284
8335
8069
318
2009
8164
7606
9177
2974
7813
8948
9386
3824
9648
425
7650
7391
7008
1873
5587
8361
1288
6190
6576
3141
5503
6972
1261
5570
2148
6300
8757
2989
4643
4655
954
9449
8896
993
3446
5438
8160
527
2145
4496
3128
9366
1804
8763
7997
26
1401
8216
7865
7471
3390
6383
9727
280
4782
7961
7878
7545
327
5856
5570
3259
2923
3429
7184
9996
4470
1198
8767
7937
334
730
9420
2377
5577
8946
742
3022
1320
9262
1105
7739
4560
7489
4934
8453
2297
9635
8071
8583
4752
1289
4879
766
7911
2738
56
493
621
1504
2518
4894
3848
4945
8241
7542
1885
9882
7649
3764
146
2431
7746
6614
2908
5041
1094
4071
3122
5124
8505
6137
2226
1660
400
27
4369
8852
2811
6967
6654
1706
1834
3595
4432
4794
5643
8257
190
4534
7201
3149
3517
4447
2560
9843
9700
2978
1333
6899
9179
5474
7955
6722
8722
8702
2024
9462
6942
3566
6974
4317
8302
8239
525
1035
60
1433
2829
8622
9630
6714
2154
335
8716
4049
9888
6936
7901
9560
5286
8556
250
9343
2151
6247
1604
1169
955
7476
8849
9077
8980
5765
321
8596
6004
7426
3119
2369
9660
8305
6354
2234
7183
8462
308
7930
6006
1079
8586
9400
1148
5479
5970
5567
265
9309
4251
283
4044
9608
7982
8125
2626
7601
4282
3515
4739
7333
4253
327
2523
718
6174
8490
8886
509
4167
5757
2389
5061
2737
6612
5405
5511
5207
3976
3406
1766
9373
5327
9377
8486
2441
1049
5899
9910
5103
4858
4414
5479
7322
1279
7711
9976
3174
9839
8882
1568
8907
5855
4401
9607
3620
9282
172
5616
174
9548
3738
6535
2140
6081
8701
2995
727
1966
9684
617
1090
7459
5690
3517
5419
4844
3883
1045
942
3291
8199
7596
7588
788
5471
5823
1592
9637
6589
3223
5338
3759
6560
6308
7549
1765
2052
3891
299
1984
4624
1852
1784
444
4313
522
8947
9267
8020
4071
7993
2708
9481
4228
4116
4672
9267
5474
6913
6353
9347
6800
2831
1286
7605
7729
4899
3167
1930
2153
8217
4114
5140
8708
5668
5096
4592
9987
3943
2536
7886
9332
2988
8717
4940
8428
8049
5670
7488
8196
5923
7290
916
7357
6306
2821
6812
7906
5556
5876
4259
7561
2853
4409
787
3013
6620
3131
9700
2299
1385
6062
6092
9886
2379
778
1188
9257
2318
2107
2955
1001
6865
7748
2435
9189
2229
544
9209
3322
8642
2103
7955
8119
4852
7497
6658
7730
1042
5306
503
5478
4991
5578
9730
8490
7849
1455
7237
1598
4767
6594
887
2020
1088
7523
4180
713
447
7130
6866
6495
9330
8203
1278
8760
6585
2933
53
3681
219
8407
5823
5177
2828
6351
9029
3164
8892
2705
67
6992
8153
4464
8313
2075
4708
6188
1883
6191
7713
9048
2408
5971
5752
5254
3144
80
2616
3122
2671
3109
8763
824
1214
5511
9045
3731
3208
3368
6118
7074
4434
8498
3823
1289
3556
2113
2001
9746
2620
1322
497
1629
3618
7724
4039
5451
2165
4466
2182
2995
6372
6641
6390
6624
4586
9284
6845
6375
896
9426
6060
4696
246
8073
3045
9296
2781
9545
3850
9417
1019
7007
1569
7615
8769
5292
2117
8735
650
9554
102
5038
6089
8859
3215
7139
5877
1749
6984
1858
5985
5134
5762
2358
4052
6088
6608
858
2151
6808
6981
7893
7868
5921
3288
2752
220
2264
5012
5236
9033
8132
7004
3109
210
1717
8251
2949
8981
3630
9274
9670
1566
1039
6155
8368
8222
787
994
1003
7991
8691
9188
5146
7155
5621
1831
5940
6981
9861
9049
9840
7031
7261
6908
2684
9746
9412
1422
7018
428
5105
3384
4712
8492
907
2524
1386
9657
5167
6609
4294
7968
6604
6172
8060
2804
4334
4484
4544
944
4149
3095
1622
2648
9249
9659
2600
4974
1100
8908
9990
7616
8116
4276
8187
4718
8724
106
5865
2537
3919
7985
3440
3927
4200
2736
7728
196
1520
8818
9656
338
3773
9508
810
1424
5491
8956
1325
8281
3169
4585
5822
8388
5979
8021
3572
4681
9024
3126
6991
4243
5911
6036
4029
1152
9115
3574
696
1029
4768
3157
3007
6830
8256
6594
3456
6244
1223
643
7567
6120
3959
3976
7685
8267
2137
3052
6215
4992
9505
8039
2242
1673
1324
9600
992
5758
5113
304
5866
268
3217
2466
4651
7977
4116
8198
7148
4806
1378
9301
5281
4590
3442
6062
6911
9051
8242
9103
8264
3688
6028
5727
5957
8976
3378
776
4974
5685
4006
9987
3705
893
8264
3756
5933
615
5068
7508
2674
2940
6407
7796
6792
352
886
9487
1392
9639
3003
7121
3322
9572
3685
6020
4299
141
5659
3201
6651
7114
5269
707
6521
860
792
5159
4188
5131
8411
5151
2263
4760
9210
8919
3831
1649
2887
8383
8780
1875
5895
7542
210
9577
8224
9416
5003
2994
9454
7902
4602
1777
5308
3219
5518
6798
3925
4391
8122
7850
1735
701
8109
5023
2976
7951
2227
8310
4792
2593
4551
386
6235
9811
2803
6218
977
6527
3846
7252
316
9123
3024
8749
6430
9673
4445
8277
1236
6417
460
5239
4850
4816
5850
4678
5532
4754
6272
786
5327
9402
4998
3786
4282
7419
1682
6716
492
7439
6865
5736
9243
8804
4753
9027
6286
3799
2729
1398
5192
1448
4805
7174
7714
3853
7377
5903
1907
3138
6737
2890
5422
5886
7660
9054
2296
5010
6451
1266
3893
1610
1057
8688
2143
1030
1424
5398
545
66
5205
3894
5526
6608
2586
4733
4265
2408
3063
5760
5160
9622
5051
5330
4842
1137
6812
5394
4922
2076
7033
401
6960
8517
9049
8562
3898
7707
5298
3338
2636
9709
8631
8727
1489
1582
3279
6093
6844
9268
6158
7563
6496
6895
6402
4701
4776
8039
5452
4922
6819
5886
2121
2189
6512
8836
5917
6145
3443
9882
9163
853
1057
5726
9250
8143
3085
2517
9175
7917
303
8470
7419
2630
8926
4787
4538
9759
5642
6803
5856
9178
9496
4651
8359
7705
4347
7307
4433
6208
715
148
8718
152
5653
9335
6331
928
4431
9913
4503
8478
2918
3891
147
4340
4806
5941
6438
6669
2501
6298
5002
6118
2812
1815
6678
6473
643
8029
7049
1669
2872
9759
6816
5706
6044
3517
6756
0
9738
3822
8963
6279
9701
9756
5449
2568
5165
1689
7738
3419
7565
9712
9391
1170
9204
7751
6667
3570
813
5776
4553
5634
5902
6958
4644
3997
7130
6260
5458
4145
2243
1145
2910
8521
2639
5640
6977
5848
8310
1828
8028
5916
3142
4489
7428
2290
9058
3517
7146
6008
6413
9046
8630
1837
1023
1765
9231
4245
2291
2640
8922
1033
7645
9549
7901
7899
5098
8313
6831
1191
229
2697
9598
3252
6019
6600
5788
7322
5981
1216
3014
7950
8424
7252
9330
3897
6498
2809
9909
4487
2586
5796
9807
9786
492
3230
8884
7359
4905
5253
3639
5288
7919
7276
7013
5593
7946
1795
8763
894
502
3569
3716
3321
6608
5869
99
2970
8680
1676
6378
1318
2965
7557
6533
9418
5077
17
7158
9529
3487
1486
5454
1617
856
4658
3780
9340
125
9292
6181
5250
1923
5510
9736
5612
169
5974
9468
579
8615
133
1265
8647
694
5255
2224
1292
4683
8424
8632
6958
7345
3496
1174
7845
9042
5053
1600
9523
9346
8936
7950
1691
9416
9714
8133
7660
25
9732
4897
8074
8691
3909
7935
110
803
2782
8484
1220
7235
5114
7438
3234
36
5529
7733
9272
6499
5123
8605
6754
8123
9850
8938
2299
4088
7657
576
6860
6019
1209
1527
4786
4831
9490
903
494
1038
9597
7718
4517
112
9720
3899
456
1082
8483
270
9870
8495
1544
5582
5869
942
664
4126
8503
2071
2735
8525
353
4811
8681
2000
6591
6991
47
2447
3531
5724
4921
7577
7173
5143
776
7860
292
936
8379
901
2875
2585
3134
4840
8326
4637
3124
5037
7347
330
7273
1039
1054
2708
3082
1330
9397
3304
3552
56
7882
6305
8935
7472
9031
8987
7372
2717
9627
5442
2005
5886
5459
5029
2987
9758
1700
1101
931
6442
4
9972
8762
4203
1896
5524
3470
6480
3160
5357
41
4553
8415
4433
1048
9105
5791
4640
9083
5753
6961
4588
5909
445
122
9256
8210
1574
5625
6962
7368
3403
7996
1337
4455
9525
7266
8909
9466
4510
8940
6994
111
6340
8509
7280
3299
8239
7617
7515
9862
9181
4345
7242
7726
6567
2052
9829
4392
4146
6729
2880
5449
2228
6128
1054
2610
3136
5361
5588
2594
1920
5541
1548
6213
9614
6841
6210
3514
8479
4672
3455
2915
8300
9256
4511
4757
3871
4149
2801
5664
5830
3545
5099
5912
1767
3253
4647
1153
2081
5033
8605
938
1610
9319
7310
5184
6474
8582
507
7379
67
8450
384
8597
7787
1873
5569
5694
6296
7889
4399
430
5816
8764
1334
2330
9577
8797
6390
151
3163
9901
9708
5413
96
8854
3885
866
9117
3097
687
2848
9745
8138
4723
1520
5918
537
7634
7709
5368
4684
4339
118
7561
5815
1623
5011
2879
8894
9441
8185
6307
9665
9029
6648
3287
3862
2444
2433
4507
8757
2401
8053
2923
6428
7788
3401
9625
6259
7352
1414
9282
2138
4642
1580
224
5614
1616
4583
4508
9210
1324
7946
7645
6922
3676
775
8866
7083
4976
224
8071
7775
8167
3448
5975
7660
477
2403
9375
1764
5509
2812
5051
5391
7663
6293
9199
6820
839
2745
7188
8327
7802
9374
3469
6588
7621
3942
7236
2169
140
9860
2710
1930
499
955
2600
4462
4428
6338
293
8639
4910
5012
3637
1471
9631
8612
8987
6958
2574
9870
9147
5927
4943
8377
8502
826
4964
2088
9075
7381
2708
4816
3996
75
9226
2899
8674
7670
5101
603
1342
3609
775
1522
9094
4142
3397
5294
4360
8111
4122
5178
1829
3424
8624
9440
5037
7529
6380
4163
2387
7041
8669
104
5276
5589
9393
1588
106
8393
7555
6320
7920
2917
9701
5658
3393
7425
9397
8790
6681
6187
5856
4833
5175
4805
1280
1109
6389
3356
7059
8585
630
6098
1210
4288
3435
2909
1450
9490
1874
4169
1586
4167
5340
4888
1961
5999
9849
1242
4068
8032
5571
3816
9010
7895
6883
3561
7044
2671
2979
3975
651
4095
2242
1500
6015
7197
1037
5895
8394
8304
1152
3755
1311
9220
7497
7894
7098
6199
4949
5742
934
1232
7737
455
5797
3023
1951
7138
7775
5455
1915
6160
1881
3976
8521
3972
1905
9618
9125
2438
8021
7811
5127
5059
6813
7017
57
146
6363
5428
1462
4226
3741
1578
2912
3439
8252
6686
6190
1923
2885
8987
6369
5192
9762
4538
2785
3900
9972
8691
5336
5502
1054
1599
1963
7109
7537
7948
2481
6656
1152
1290
7265
9208
6863
5891
5068
2577
3997
8344
4612
6831
8299
7302
8584
6966
4056
3319
4365
7626
4410
692
7386
7700
1819
6344
240
5174
1390
6368
932
6261
8428
2431
1803
7093
1264
7118
865
164
6139
9153
3669
5420
4612
6324
8900
9852
9520
1684
7521
1360
7258
8698
7278
7708
1951
4322
2346
2744
9240
9930
951
4053
2005
7381
6486
6926
4211
5200
546
1961
1977
3868
9430
365
5333
4250
1243
7614
7982
4309
3313
6579
9413
8456
2649
217
4893
4880
814
3840
8644
4588
8190
1859
9053
274
6264
453
1724
827
3364
8055
3021
6270
4073
9174
8785
2987
3679
4929
3734
5757
1794
8456
33
6434
7071
3264
7083
87
622
9475
4981
2524
9036
2500
2474
8200
660
6272
1248
3109
6394
3744
9337
8859
3732
6731
220
3419
4501
1112
6635
7729
2822
225
2338
1613
3843
9908
731
2043
7968
4435
8048
1150
2006
4795
4846
155
6926
6225
1522
1889
6937
9480
2515
2167
3834
9200
5707
8206
2560
7400
5827
5974
595
6132
5898
4732
8746
937
9778
8960
9463
9173
8760
5972
6192
5869
8238
9265
3483
3998
8086
4916
6549
7076
9181
4950
4847
4633
2577
3817
2997
5141
7633
9757
6924
5716
7104
595
1688
7461
5557
73
9815
4718
8737
5492
3309
685
5598
2124
61
4201
705
6017
4881
6024
7852
7515
1879
4122
5299
8207
56
3074
7592
4653
5525
2212
8933
9462
3792
7097
9270
6748
9812
1744
8928
7121
9507
7936
8946
9665
842
7304
8054
7180
7170
6903
7156
8635
86
3303
4260
564
700
7283
9389
6937
8578
9466
1615
9738
6903
8428
7834
8635
5491
913
6648
1616
7123
2217
2670
5956
2533
8574
3514
9881
3164
4901
9145
7482
7712
628
1864
3053
9910
1053
8037
1300
9016
7544
3410
2578
8528
8912
7476
8858
6790
2771
5310
2179
9860
1741
9285
4873
8146
4878
9168
9373
9826
1367
5055
9148
3866
9765
6004
9084
298
9412
1714
8419
9417
7812
6048
2130
2033
7417
570
8719
1859
3516
7973
3712
600
2207
989
7539
181
782
7133
5515
889
3585
6025
596
4055
2414
3547
1832
827
7099
7737
7594
4059
7521
1120
7007
4027
6700
3999
2364
9085
2079
4530
2395
6291
8100
2856
8455
5986
7089
2868
5623
2885
9062
6269
1960
4923
1475
8626
2914
670
6631
6494
8300
6625
6691
1107
6316
8773
4012
9815
5574
4776
4959
1768
8934
2778
1087
8316
633
7933
1515
4873
7509
2617
6155
3086
3930
4042
1112
9868
1328
2167
8971
9381
5999
1071
3565
3263
8813
1665
2606
133
4385
5736
4146
8011
7687
6689
1253
8715
2125
7531
9791
5425
5482
2874
4611
5679
4830
6200
3521
3374
661
4457
7948
1058
501
857
469
3544
3910
676
6902
9726
8897
4913
2779
7935
3905
796
1786
11
9670
4479
3619
7695
1945
9708
7987
6229
2026
1098
707
4763
5733
1497
7149
3944
1171
4035
7422
1489
6620
6753
4775
2039
7738
56
4845
6426
3208
2094
145
1534
1162
3181
810
1208
2903
2290
1390
5173
1248
6594
3088
1303
9284
3707
691
2445
3868
5890
2508
9886
834
2302
4453
2898
6767
4495
9918
9901
6609
3228
9983
121
2395
5145
4984
1918
8118
5409
5689
4401
9318
4310
5693
4183
8087
3874
2817
1300
8502
5544
1763
7012
1004
6732
5957
1172
6677
5532
2737
2222
9391
8394
2247
912
5342
3431
3809
504
8828
893
9751
1710
190
5369
6718
9918
7345
211
1244
9888
7123
123
407
3782
3103
7394
5131
9953
2128
7650
3370
8880
8374
2715
7981
679
9894
1099
8681
7160
5644
7081
7261
8704
3580
4719
4616
7312
6279
7569
7703
2678
8296
3822
9004
8888
333
7570
7754
1037
2483
7925
8573
7656
8443
4212
2070
657
8889
6298
2004
962
9291
6282
4399
2779
438
3020
2013
9906
5643
1090
8455
907
2009
6293
3798
7903
828
2561
6247
2636
2196
8025
8190
2025
2992
185
9622
3668
2953
7702
4966
7626
8955
5812
1151
3251
1118
1572
51
455
5491
711
3888
4993
730
7828
9145
3198
4688
3778
3749
3090
4677
5699
3825
5624
812
6189
9648
5331
6875
5653
7507
2645
8882
3370
9844
875
4873
4812
6716
1716
7698
4599
3493
1021
2894
6560
7769
3114
299
3626
3497
9698
4059
9205
8778
3112
7824
245
5033
6737
6611
1882
4191
8231
8932
7761
0
9625
4747
3142
6669
8316
6845
4244
1818
6883
4426
4219
5002
4902
9875
9341
4630
1666
9370
4885
252
3037
6210
8820
3444
4996
644
4937
510
1299
3379
5837
2311
8080
6616
632
8587
7764
1271
5779
6964
6263
3506
6747
8016
1255
4396
8430
5185
6404
4021
5910
8366
620
7444
2639
4534
9694
3748
8663
7796
5949
981
5601
9759
5091
7155
4805
3049
7007
1668
8504
5591
2156
9722
1571
1871
9792
6824
9554
8685
1710
3122
396
4721
776
957
1434
6194
3588
7797
8262
8566
6169
3277
5666
3369
4119
8785
2241
5370
9073
8904
8550
1414
1064
8357
8791
2316
7077
141
413
5343
2242
4211
3531
3066
245
2926
2169
8989
7450
7820
6716
2230
4925
4976
4387
2427
3473
710
2624
1556
1615
1144
6242
9141
6718
1769
1867
9049
5467
9182
3779
4970
9173
8652
9064
4237
9832
1773
799
9643
4548
7677
3244
6777
8746
0
889
8249
5475
2470
8599
4729
