2824
8024
745
6663
7704
506
2597
1749
5494
9313
9715
3629
613
765
2263
6388
8144
8586
361
9295
6068
8254
6174
179
9358
5756
4512
3188
8865
6373
666
9999
1236
926
1809
6996
8310
4620
4930
363
8959
9804
148
1000
5604
1263
5930
1736
4710
99
6984
3851
6008
7981
8702
3436
715
2881
6694
9339
8
7556
1446
6347
9594
4345
627
2935
4389
7800
1810
8688
7015
6877
3260
1314
5737
4540
5341
8661
6545
7426
6313
8750
5960
3078
4924
9973
9187
6943
7068
6162
496
879
4670
2737
1871
9709
4273
9620
8538
7841
7594
4600
7603
296
829
8335
3000
4439
4918
1708
2373
299
865
3806
3063
5311
1276
3299
2648
1464
4950
8894
1484
2490
2756
5300
4663
8686
6464
5999
7209
7243
4158
2341
695
5344
5533
259
1110
6676
630
9411
7622
8260
9749
1534
2138
9163
2993
8874
7120
1025
3689
2771
2737
2026
9308
1864
7110
9439
1445
8685
9428
4426
2338
1454
2071
2650
15
9459
1143
3415
9732
7118
6376
9951
8280
8097
5316
8575
8240
1629
3101
3613
7688
6710
2530
1378
9292
1986
3920
6437
3779
8960
9346
8866
489
6453
9366
7706
9144
8129
1101
9924
5826
3456
8415
529
510
1837
4649
398
3916
4337
1444
9122
9750
969
3907
8214
4390
710
57
2548
1022
9357
1460
1848
4824
3934
7882
6500
6074
8018
8030
2304
7333
8606
2223
9566
395
7813
1022
1548
3082
537
1658
9458
5977
5218
7481
7963
94
455
293
1040
2298
4200
3328
9248
9442
5839
6774
6380
4203
523
1358
5406
9536
1612
6732
586
5875
3581
6854
5581
5950
8314
4337
7378
5572
8003
5991
419
2698
9209
3127
3517
2587
9718
4602
2636
2732
6489
1357
1141
2925
5454
1616
1011
5561
4908
7273
8520
8762
856
3478
261
7083
4984
4141
4230
908
273
946
3060
4236
1441
1461
5998
7254
1897
3540
5250
3594
5794
5924
5940
230
1121
2968
657
4449
8021
7436
6910
2261
5836
2993
9017
5094
1685
9732
9249
8851
5585
7373
8034
7336
3555
5745
2696
8893
134
4453
8037
127
6222
7952
9133
7337
3894
1243
3326
5471
4697
1607
8430
8758
9052
3163
4460
5971
4424
7769
5881
9647
2725
8764
8559
851
9234
8481
9695
9702
9570
9774
5977
4752
528
9299
8532
5450
979
3884
3181
8709
4748
4240
8940
3363
5516
3961
4723
8902
3123
9408
8704
7059
4083
5668
2785
9857
4867
2951
8343
4404
9215
7669
6371
3553
4077
8802
5404
3742
9018
2703
7699
9048
2979
745
4734
9599
1824
3502
5505
9250
4426
8156
1979
8770
9950
3528
7739
86
4857
9784
1939
5995
9715
5214
101
4629
744
6321
2075
5927
9553
8553
6675
2795
930
6055
9654
9086
8140
5759
6010
2267
3458
9155
2445
8050
5049
525
9106
6725
2425
7624
6856
1103
5952
4396
5813
4578
582
68
9971
9707
2075
8797
2561
5123
300
8334
5546
3253
6068
