7127
204
5971
1717
3511
9630
4661
4461
9442
7499
3184
2652
6300
6868
6641
9486
5738
286
76
2562
956
1711
6670
5090
3898
3665
9390
3040
9114
1817
1998
5531
8076
2657
4884
1265
2018
4545
1503
479
4047
5997
3497
9011
5242
2008
40
6354
1343
7302
5088
8598
8098
3663
6633
8799
9921
1263
6728
8043
3734
730
4220
544
1173
7805
8743
1253
9656
5839
8296
9201
7733
2007
5409
3227
6488
7527
1258
9936
8834
9222
6065
7651
8894
7372
7627
7375
6140
9734
3436
5320
7436
8537
8351
272
8184
6787
8226
3861
8430
9325
914
8855
1625
4588
9678
5256
7979
7255
6202
1468
2489
8899
1731
5231
3187
8666
9753
4118
9662
59
5630
6413
3072
106
474
9872
5320
9080
3753
7669
9047
1037
4673
4519
6703
1330
2723
381
1350
7755
7405
8617
7446
3105
5162
589
1541
222
615
2263
284
8578
7235
285
1175
3074
1426
7683
7416
8640
9150
1610
6552
2709
4267
7010
9658
4843
532
9680
3117
5704
6487
2427
6975
2708
8570
6048
1769
8139
5225
7926
5243
1470
1694
7644
3508
3108
6731
4014
4493
1678
3766
8646
4211
5593
9153
6287
8288
3516
2758
8116
9637
2848
2748
1511
6550
6207
4616
366
1106
6710
4978
6696
9949
884
1267
1102
7532
8485
7480
6196
764
6008
8630
1566
2895
5403
4218
1151
4852
6584
4491
6813
3890
2953
3359
721
352
6696
9974
3354
6548
4401
7271
2865
2887
3464
3974
6647
9266
2967
5486
2682
4951
9184
5520
1078
6125
6561
6568
761
3433
9813
2825
127
1574
7959
3589
4364
7410
2993
1914
5608
2596
50
8652
1364
7437
4174
5291
5547
5178
4480
6545
5427
9411
1867
5498
2499
7795
3902
5968
7982
8917
2789
7442
4190
3495
2604
3089
9436
1790
7039
7815
4908
934
3660
3332
1525
6915
4282
8438
4045
8825
195
3508
2948
3396
7277
5063
151
7317
38
7766
7125
8202
7773
5052
382
2665
158
6680
8679
9864
6405
9713
3129
92
6724
2404
842
2077
1935
364
6067
2050
5525
172
6256
5118
9513
8939
5767
4854
7486
9325
3648
2909
7329
5146
2851
9711
6480
4030
4718
8918
8345
845
4421
1644
3373
8416
9476
9006
5139
8079
7361
9049
1544
5917
6540
7829
1620
8603
7432
8458
7257
8138
7299
802
2693
1489
145
3693
2486
2886
5799
9051
29
733
5651
2858
5643
651
4905
1356
8136
8933
8185
8643
4306
1978
4524
1180
3330
4857
4284
6694
6939
4385
8995
8701
6332
3859
8060
7704
485
261
8950
2907
4790
2406
7303
5753
7810
3066
4605
9321
8434
289
3792
3060
823
6712
7235
2953
439
9675
825
5997
4169
2341
3956
4930
6187
9302
376
819
9728
1759
4734
9513
9144
3565
2997
5325
119
224
8739
4731
3591
6791
7914
7631
3417
730
3749
4174
2103
9380
5217
7988
7829
1771
9401
8789
6806
2684
2569
7410
9483
5208
6740
2427
4870
2581
2033
9707
7245
4946
4672
292
8633
3388
2283
5240
6030
6438
2679
3793
3285
9928
842
8814
3829
5462
9446
2266
1217
3115
4227
234
4155
2435
9004
99
1877
3042
2575
4086
616
9364
5944
9289
5950
9586
6455
7092
4425
4605
1597
4852
663
1515
2662
5743
5645
5675
8208
1477
8880
6022
4571
6287
8498
5348
872
5958
4361
2184
2323
9139
6284
3226
3069
6863
7703
9471
2722
7286
4703
5478
8074
220
1791
2705
6027
2140
6991
8750
7403
1289
2486
4738
9379
1843
4070
4625
8047
3545
7622
7868
7938
8757
3134
9255
6102
8088
7883
2949
7681
9250
1250
5155
9011
1710
3265
4831
284
8744
3601
6739
2970
2380
7192
5041
80
2156
3067
8364
5523
2174
9248
4032
2078
6880
6641
5632
9957
2105
2413
9114
8886
5037
9224
7193
763
4156
1203
6599
8348
4279
9014
8957
4434
9712
6938
1912
3302
2094
3267
393
3192
3194
1770
6458
7308
5385
3785
2952
5966
4933
1600
833
54
2826
4709
5148
9319
1003
8823
5583
2161
2366
1363
7856
8822
3323
2255
1948
1770
8732
500
8670
2275
8529
7802
9709
320
3779
3643
9124
7142
4690
649
8751
5814
3646
3995
1151
3978
5918
7426
8026
1262
4113
7691
4002
9899
655
6925
5280
8366
5834
8561
9677
4536
7110
8658
8157
4910
8195
8058
9688
7905
8195
8860
2870
8648
6300
5952
8135
1081
4843
9752
8108
4550
1603
3858
8885
196
9313
838
5048
5063
2045
1119
4682
9626
9007
742
8062
7035
1243
5418
6071
4690
3627
6892
9900
3633
7992
9863
9975
7719
6901
2269
4841
5167
6936
9276
7790
1190
8661
6991
8952
3386
4616
2017
1179
7789
6623
12
9140
5913
4818
7215
1975
2909
5520
7311
1827
7126
4791
7300
7044
4425
4800
8084
8293
8556
9588
7229
2384
7908
6431
8332
2132
5961
5088
3099
642
4470
9001
2438
2852
7213
4698
3934
4985
2088
260
1303
6609
5945
3324
2172
5218
7026
4095
5011
741
945
7436
8138
5936
867
7699
6160
6593
1498
7672
3953
6067
5689
4963
2425
864
8636
8919
2090
5380
8164
413
2329
7385
9696
1500
2098
3812
7479
8295
7084
796
6418
5156
7590
9330
8919
7108
17
5601
6255
8772
3768
7588
1673
2175
1945
4014
1224
7134
1415
9338
2215
5773
5129
5567
2637
5738
7018
1567
6572
5533
1235
8813
8995
1823
6374
521
2819
5352
6545
9226
9886
2857
2402
7046
1259
2226
4794
497
6726
9138
9546
6511
7285
6073
1530
5288
9510
1003
9129
3447
8308
7555
9182
6222
2360
4945
685
4794
7131
658
7013
3903
7769
5690
2630
2416
1842
8113
3327
8077
7035
4391
4150
4713
6097
6773
6209
3478
3741
1810
177
7248
9811
7454
1759
595
1893
5454
3519
3993
2036
6293
1104
3140
9478
4988
8885
228
99
1246
446
5782
7785
1650
6207
3674
9712
1909
7490
2127
4200
627
6185
5485
9390
8770
8475
2878
702
1020
6112
9129
9570
1319
7608
1309
3864
9250
9893
7031
3665
9118
5817
9360
8758
1350
7081
2151
5989
8269
2561
886
9610
8195
9778
4514
8105
6163
7750
4964
1607
7612
4340
3040
9080
8298
3135
4111
2850
1312
5097
3325
8177
3429
2757
2704
68
9992
6745
2211
3717
3792
8674
2671
694
165
770
7989
2327
165
6836
7530
2180
3860
6928
8175
6170
6963
1386
236
3738
1019
4965
3817
2566
6982
5829
7625
7993
6331
2146
6179
4660
4724
5112
5022
9170
4029
7051
7416
8044
4316
8776
3619
3977
4599
9431
1612
4381
2950
3149
7946
8451
7078
1454
1104
533
4695
9919
3119
5640
8627
376
2395
6677
7804
3032
935
1633
7776
6436
8127
8734
3803
8232
8979
6586
4506
8398
9915
1429
8023
5083
8252
8465
6278
7750
4725
8514
4315
2725
7574
548
997
1984
1870
6652
7563
4998
9918
4759
8706
5294
6816
2398
6360
9750
8142
6811
3632
1175
8384
8053
8074
1946
8422
1271
6478
4659
3645
5360
2197
7916
6002
3491
2708
6381
8353
6254
9606
3462
8520
7415
3285
8959
7181
291
8309
3959
2536
3616
317
2248
158
6962
6259
3948
6812
6171
6834
4377
3164
3795
7723
759
6439
5960
1045
2803
2807
3038
5346
5292
2024
4903
1504
682
5386
206
3000
7150
5
782
4118
3461
4298
6143
9318
6614
6002
4304
7335
5371
5382
6416
4783
9820
4202
8982
6171
9718
2374
8849
6369
1467
1970
7274
5092
1667
4573
4294
611
1489
3530
4631
7998
4416
2776
2273
9974
1308
2797
6250
6513
9373
318
763
9078
2077
4365
1443
6987
8971
9968
859
7560
2008
4842
5444
1191
9407
1752
2252
6699
4146
7706
8400
8778
2175
91
4027
3465
3665
8415
1037
2930
2995
5177
4343
2484
8703
7510
9730
1560
3781
9305
9903
4315
5255
228
3961
3404
7217
7535
7287
3188
7878
9961
8973
4829
4773
1800
6306
5553
8106
5422
8253
6736
1457
5210
2376
4173
2374
1112
4183
3142
5944
8806
6050
5806
7660
4612
4269
4776
9373
952
7449
7026
2288
3051
5795
4044
390
8371
2602
3731
6731
4029
3326
2159
8828
8134
900
7861
7942
1239
4166
1706
2424
9035
3223
8821
9818
7471
9348
8974
5559
7909
1494
2233
9494
5124
2964
9866
1287
6191
982
8148
8760
3248
6036
3842
3895
7441
1772
6752
1122
1911
8051
7415
5738
2668
1059
1171
4902
3943
1426
5283
2804
5818
5667
2445
4810
6472
8102
3947
3387
5665
3626
310
7061
3307
3827
2237
9975
2911
2102
3666
1359
2877
1010
1377
7249
3532
6761
1086
500
5090
6475
4506
3895
7148
9459
5777
5489
4796
4395
6052
6038
108
2811
4094
757
1971
1183
5541
3870
1779
3686
7102
9057
5051
5830
1165
3442
8048
4189
6296
1096
7555
4739
1383
9764
2911
9595
315
8255
674
5768
6808
8365
9030
4909
5600
9389
2122
2044
7981
6066
2641
3343
9658
9820
7079
4245
4430
6863
3980
1061
9111
310
5406
8734
8863
3760
3191
5823
30
8408
5328
4290
4187
5794
8560
5427
9776
8689
3254
862
1001
4662
1775
6790
2504
6579
6852
4114
937
46
9827
6211
6461
2833
4088
8224
7941
8942
3015
210
9565
7727
2233
7180
8242
9531
7217
7473
354
6021
6922
6825
2686
5951
9487
2591
5742
3324
7798
5234
7281
6930
8698
4027
5247
1662
67
9150
3950
5506
6340
4729
269
2185
6305
5929
3217
6204
5035
4908
5865
8381
7994
1186
4544
2384
2533
2348
6702
361
129
4647
27
6192
4708
7058
5234
433
2725
6698
173
6640
7954
5047
7923
7514
7068
8671
618
4103
9107
7160
6955
9116
8922
3291
5585
6237
4679
9092
5069
7535
9561
8694
3290
1259
3862
4027
4536
6462
8288
6921
6151
1805
6196
1664
7121
1878
1279
1136
6020
3250
6140
9544
1658
9095
6974
537
7543
794
7095
8377
5823
8977
7347
4691
9330
3175
9220
3323
85
3480
1418
6959
2366
4796
8319
1850
60
8161
8460
4386
2352
160
6700
1729
1980
5650
155
2560
4550
8860
8538
8399
4536
5813
9666
2050
2648
3672
5137
1894
5839
6020
2486
289
8681
7473
3830
8918
216
1598
4137
8424
9636
2918
5652
6982
1139
433
8659
1109
1249
2566
3731
3771
2380
7693
5497
9255
1679
4866
6739
3135
4457
8903
9801
3281
2921
1793
1294
1371
7593
5266
5161
3525
7428
8119
7131
5228
1300
5175
1372
5098
8076
508
1399
2897
6063
4046
334
8647
7644
9034
5627
7610
8359
8370
229
4900
8500
335
4187
5722
6290
2545
2608
159
4770
5415
8275
3110
8195
5417
8025
1348
9564
8754
7802
1588
3013
7804
9189
6932
7218
548
3664
1820
1548
4684
4768
7711
6782
543
8321
3786
7161
3919
4066
265
9221
2170
8433
569
4468
251
1678
8616
7108
3901
5455
8648
9730
5322
6384
4451
725
1538
4740
6969
9998
951
6156
8500
2250
3813
4675
940
3729
6287
2676
6183
7838
7476
9032
5496
4507
4625
2528
4728
985
9056
9931
5810
1609
7710
8292
9352
4970
3242
9212
2260
9967
3416
6031
7385
7708
9238
3797
2375
9549
6486
7320
5533
899
874
7021
7480
4348
494
7313
2298
7902
1743
6561
7750
8767
3882
9206
4856
1588
1199
7147
7250
2181
8803
348
3824
3225
5845
6557
445
9779
4616
388
94
3112
303
8980
6925
6587
3928
3703
1312
2263
9455
8743
4695
6985
7731
9209
3445
3688
8837
3414
8726
3938
6892
1767
8415
4292
7606
2813
8114
6885
8873
7755
2400
5663
424
3392
4201
8732
3073
7700
3824
2969
1587
6143
9706
8169
5260
8017
2261
4361
9377
7937
2996
3563
23
8421
9704
8193
5181
8202
3515
3272
3837
3505
5510
8479
40
7238
5123
9138
6670
4958
4700
8519
3487
2749
6658
6068
299
690
1770
3483
2597
495
5410
7124
3367
2344
3265
3237
431
8023
5180
5344
9319
7818
500
3433
707
6970
7261
979
3171
6056
4474
8470
5255
7526
5604
9614
3826
3904
9290
1923
744
7045
817
7617
4833
3478
3900
8900
6719
57
6504
2721
9964
538
3358
9411
8349
2175
828
9329
2419
8519
1773
2377
8880
7614
8963
8811
4710
9631
3895
2964
2939
3287
5736
70
4793
3202
5519
1664
1986
964
3715
8767
2704
486
6072
8449
5802
1738
4051
5217
8883
9021
1624
6036
3773
5081
1316
5551
2987
1956
903
1267
628
9880
6041
8166
8274
9920
9677
5295
3146
5131
9298
8158
9431
2464
1718
4662
7551
6207
8518
6567
3671
7872
1457
6844
5234
1626
8267
494
1029
2369
3964
6339
9638
7485
1768
3143
3202
1348
1786
3157
4077
8051
1753
1298
6708
8126
7261
6838
927
1969
9018
4215
2691
34
2971
3876
372
6022
6202
3244
6311
7132
5788
1529
4213
8986
5690
7852
2987
8978
7753
3333
7630
4032
6219
1054
2461
8995
1295
294
2079
565
6179
357
8187
185
9002
4385
7894
9376
184
4812
5718
9592
6601
5079
6725
594
8994
6744
3410
2766
1936
1891
5010
8309
621
3768
6996
2531
449
1449
7585
6159
9828
4645
1826
792
2609
2182
9004
5022
9079
676
6854
4569
3945
1988
3947
1082
7909
80
3723
5293
3762
4612
9052
9975
4306
690
8302
3058
4375
2611
843
5570
9746
5547
2109
1395
3862
679
2042
4465
7067
3414
6427
4868
2783
2385
4410
6246
3911
6889
1225
738
3779
4971
400
4714
9631
2754
2494
1141
6565
4889
6801
1747
9024
2187
2384
1855
7084
1465
2005
7840
4153
6887
3752
9979
5311
1924
9623
3257
8523
1077
2770
6033
9319
9645
7458
8353
9687
2250
7721
654
7535
4014
7813
3574
4691
249
6831
446
4855
5648
7456
5949
6693
1756
4034
7732
140
7489
964
6728
1573
1833
3384
478
9585
7565
311
6577
7903
8655
4164
7827
4650
3479
5149
9934
8366
2264
701
9574
7883
6270
2191
3165
5170
5239
7838
2722
1052
8683
3959
4535
9578
3657
880
2941
6711
7439
178
4510
6746
5013
6417
7159
664
8695
2556
4704
4054
2782
7584
8089
7164
2553
3479
9219
9157
4109
4669
1337
5250
8294
7411
1833
5822
425
1229
4818
9884
2472
951
3531
5341
2112
9396
3774
9038
2115
5350
5056
3263
621
106
5821
1070
8853
7754
2660
7761
4626
8294
8029
1186
2055
7213
6595
4084
4748
4517
1522
5444
8827
1802
6893
7260
9572
8387
7244
6897
2077
2640
1633
2795
6954
1183
8357
8373
853
3838
6036
5498
3002
6283
7362
6704
2097
8536
5096
3249
7720
9770
2431
9107
2493
928
4328
6282
6613
6256
9141
6643
8156
2237
9336
689
4937
6005
3094
5253
4717
8071
2743
7174
3624
1042
6364
5936
2280
1880
1757
24
1936
4961
2079
2397
3281
4012
3007
6795
3255
4816
7470
6170
8338
2353
9848
6707
3534
94
5538
4594
770
1559
2768
3718
3346
7085
3600
4630
9105
1153
2582
3486
6103
8590
741
3911
59
7474
6295
9588
3085
8759
2121
6776
9059
1521
3142
5445
877
6224
4175
9392
7
8532
8339
9745
4475
7088
5713
8822
848
6424
1879
5974
7267
7380
8965
2899
416
1847
6276
265
6461
2921
8972
6979
8963
575
598
9532
3706
1053
6527
1027
8912
1138
6710
3816
998
1233
6227
1940
5928
592
7299
1221
4614
7321
1508
6054
1427
878
6777
7773
4329
6585
2426
4845
6327
2177
3452
4492
937
617
952
2591
7922
9123
4603
1506
8105
8274
6410
4308
7613
8973
9919
6942
5621
8111
2500
6356
9577
5355
9227
4612
1671
5708
1879
6348
2099
4027
5691
6408
2366
5546
7869
8969
81
5149
6151
6449
3174
8968
8266
9322
5379
1731
8046
198
9060
9195
27
7137
2597
9826
3597
4323
7785
4886
2168
7650
1193
8799
392
3141
556
2418
4962
7379
2399
4723
9789
2425
7234
7447
6071
8250
1535
2055
1606
5456
4935
960
3691
4561
5867
2280
7588
3486
7140
3595
1583
8821
4687
2371
6854
5510
2457
6614
8988
82
3762
137
4050
4383
3425
6019
1798
4664
6389
5420
7416
8001
3170
228
9834
601
2624
4016
2788
4648
8140
6767
3874
9720
8633
394
8474
1216
7847
3194
733
6730
5534
6324
8794
9542
8631
1439
5433
9128
3271
822
8827
1933
2745
1849
4331
6443
615
590
6241
3638
9493
1397
9571
7310
8234
5177
5064
6022
8331
5618
7403
6992
9654
9639
9800
2035
7528
6496
7430
3518
5627
8634
2465
9047
5120
4596
1971
1804
3253
9431
5470
8875
8275
9378
9544
3261
6758
6323
2260
9309
6938
609
2745
6470
2142
5046
6913
8442
8984
9418
512
9375
7733
7723
2175
4883
6347
7753
3540
9137
6525
2045
2432
8588
8298
8122
7876
8504
4530
5196
8081
6200
2726
6396
6491
8433
4091
4469
2969
6046
9339
4945
2795
3053
4648
13
4536
5782
509
108
7732
7388
1219
5606
3754
972
1933
3761
8731
787
2529
6920
7523
8524
5060
8855
8709
7766
4416
8825
3443
3747
1684
2281
5676
3965
3096
7140
3457
4868
5756
7760
2389
8083
7260
3846
1665
6848
8722
6730
8082
8241
5128
5259
656
3164
7480
2918
9819
3559
7394
405
4180
287
3913
2949
8437
9748
1578
9957
1758
4448
2474
3642
1645
3528
652
7200
1209
9723
3659
874
3883
536
7562
9498
2394
7613
5830
9997
5650
9466
2900
5421
4431
6883
876
1882
5868
1684
9649
1891
9122
7471
6636
1134
5919
6401
5237
7671
2742
9298
9694
8453
3004
5099
651
680
7542
4546
7745
4319
1676
4321
362
7590
8794
9077
723
1116
3539
4354
898
2578
7042
6212
9191
8448
6991
8880
3549
9426
8827
9673
5181
3263
248
1870
9312
1610
3991
6432
8159
9873
2303
7010
8377
7411
6343
2041
6416
7663
4208
9187
3328
3335
5538
5428
8605
2771
5938
4923
2216
5858
7356
995
5677
3436
3059
1237
7500
2563
3762
6459
9939
8967
3102
4303
4260
6264
3258
3202
4008
8454
934
2233
5200
325
2406
7458
1347
3165
2362
196
4009
2397
15
276
8930
8447
3985
6980
1412
7111
5035
6662
5008
9509
2429
6590
5616
7834
7928
5765
687
9590
1450
442
2868
6864
6001
3427
1869
1456
1213
6097
7028
4022
5078
9425
3952
7821
582
9567
5467
2842
2965
1557
9659
3086
7072
226
80
3531
4261
6709
6873
6180
7358
1080
435
1404
7847
8282
6879
1888
1710
4261
4174
4737
3798
2318
9899
4986
3895
9050
9382
6656
7717
733
3177
6359
5387
8590
9784
657
181
2039
794
4721
3639
5321
8686
3022
5134
1116
7356
659
8448
4083
4346
1891
7474
30
9031
3514
8966
4665
6135
4014
7759
5186
4172
1236
1763
2600
7645
1855
4203
1103
4406
676
6634
9439
3963
1641
9384
3660
2970
1372
6378
3569
5692
2447
3519
646
2872
6880
9465
6736
6437
9239
5782
4375
2121
9433
8571
6275
1074
5546
972
5455
3552
3855
5162
6400
1854
1169
5017
9727
587
4974
1597
8594
8825
8569
3153
8041
6354
6962
6099
4467
6913
9648
7183
4321
7556
2170
1207
818
4812
8469
284
8558
8654
7367
6347
1663
6218
1019
6919
4585
1669
5614
7918
6442
4789
3398
2683
4299
2328
7810
2664
5911
1969
4507
222
67
3681
6010
6155
7403
7534
9204
478
9070
450
7088
9169
2895
9395
4186
3171
1501
922
7327
1010
4108
8402
8840
8178
2178
9472
7220
2492
2062
8553
7694
9686
1890
1364
1134
5787
7521
284
2987
8151
8755
866
8206
3664
3782
6926
3714
8692
239
9247
8535
1004
3582
8247
3557
74
127
9740
2766
6868
5021
9996
2477
2236
4113
2720
5754
9707
280
3275
9263
3050
8450
9872
533
7853
9287
5086
3959
508
9892
6313
6296
9983
9187
9317
7553
4822
9257
3681
5618
3026
152
9118
6474
4308
4837
3483
7554
2015
916
1807
2291
1996
3103
8289
2776
2075
2054
4951
6462
1920
7312
2698
3095
3474
959
7602
7774
4715
6498
6243
8710
6828
547
7700
1323
8993
3809
2327
8441
8764
7065
4074
5563
8113
5005
1178
3692
8349
7558
1038
6154
2084
3526
2615
5144
6678
2918
3938
9506
6509
8766
5030
107
5013
6435
4273
7107
8184
266
6026
9157
2149
2731
9986
9964
7196
8801
6349
4901
1737
2413
9990
415
6235
5754
1732
383
5664
9948
6007
1472
7279
626
3518
2488
3073
9594
4761
7030
2876
7155
9926
2600
2318
7182
3755
1401
7507
5502
8750
6118
2130
7518
7620
9281
2282
113
980
6367
5189
9701
440
7549
2854
5649
6719
6880
4468
1774
3073
377
8611
7089
5073
8775
7547
2486
7368
2054
5879
9352
5507
6517
8045
2733
9643
3093
4389
7215
9933
5022
2279
277
3302
3260
5109
9520
8285
8854
50
817
1021
1247
6367
6440
7005
3173
2160
1511
3373
8391
7263
8981
9663
5796
4492
8158
2400
350
4687
6695
9938
8094
9292
8464
5975
2401
5618
7651
2636
6415
592
1864
5487
988
2372
8587
4031
4760
3762
789
8543
4689
5981
6934
8918
568
149
5045
6582
7601
1165
6270
1286
9731
8951
106
7535
8448
7215
2781
1359
5615
8705
7896
333
6405
1351
6126
3403
226
9843
3028
8609
3191
422
9042
491
5733
362
7094
1761
8592
5442
9031
2847
5859
5340
3735
4528
8925
976
1682
3692
1514
5624
883
955
9900
4220
2230
2501
4200
2073
1784
1175
6253
6749
138
980
3998
7697
2197
2038
1809
7667
6087
1263
7152
3232
5387
1729
3485
2058
1719
1269
5235
6443
5935
9116
9863
2055
7319
7920
8429
9015
2005
1590
6887
631
5285
6803
9577
1021
5510
6264
5511
6708
1906
8027
5295
7829
1274
4739
2371
1
6640
9664
6111
2094
510
4084
2170
3435
3124
6866
1511
7345
3807
5106
8586
4216
3573
589
7064
1187
4733
9259
7511
5705
5130
6119
8932
2033
825
1820
356
7081
6688
1487
994
5187
406
3912
5447
9005
4770
6318
5704
3387
2939
7405
6249
2195
8366
1799
9215
4437
4958
436
3268
1029
1158
7223
2211
9526
970
6752
9171
7349
5244
8167
2304
7199
7978
4091
2996
9536
9300
8279
9829
6793
1771
1550
985
3933
4725
3283
2612
6872
9373
8823
610
4845
5592
3103
1136
5386
114
6193
2836
1962
8023
2220
9469
4919
781
6226
2116
137
9518
9155
6418
3600
628
1398
6828
7386
1373
3030
7626
9345
4942
903
1957
1076
3108
3907
5214
6160
6054
1862
1355
4379
8677
8322
2876
4590
2453
9616
9148
6204
630
5076
1427
8722
2347
3211
4168
1917
5387
1716
7220
6243
8534
5800
4802
6735
2735
6983
8802
4765
1560
8960
7308
9021
6140
4877
6626
4503
2245
5561
975
3756
4077
9727
9963
5125
4466
2912
4144
6427
7651
2864
55
5522
2487
6110
6171
2194
9357
1679
3968
9315
5117
5781
4588
5204
5661
2497
6499
5160
4913
6338
6833
6927
1354
4344
7279
2300
3710
8826
1513
5560
3048
4224
4183
866
6166
1358
5351
4929
689
4782
7771
8664
10
7801
8958
4660
9711
3921
370
7061
204
3374
4822
7942
3247
3859
6723
2491
9044
2652
4965
2983
3999
5271
583
5095
4247
6284
5047
5855
2495
9930
4585
3758
449
6463
2647
688
6212
851
1141
2416
5404
7266
2242
4392
1760
4404
9307
5287
3366
9691
2138
45
1435
8888
7292
9222
4511
1755
4593
7376
2668
2373
124
6395
1592
3531
4409
7117
3936
5865
1166
2607
1124
4289
4282
7095
2066
479
1179
770
4730
10
8556
4206
8432
2569
4187
3825
1552
6863
1464
2138
972
2180
1465
3106
8225
3650
9978
5374
2536
7609
7442
8740
8392
6639
3009
5256
5240
6312
4470
2930
3362
3325
3021
3789
83
2156
6597
5134
5408
9996
5776
783
354
6444
531
4551
2066
9767
4333
5960
7839
1061
2757
7013
1564
7281
5532
2222
9271
2290
9697
5273
8340
1305
595
6159
744
4982
7825
6000
4337
7447
6750
7716
2979
7215
5456
7215
6781
6766
7063
7903
26
4722
8539
2581
7252
1226
5166
9470
851
3699
6128
5757
4530
8993
6609
6679
4818
3788
1298
8187
7928
3828
9444
8572
1474
9266
3522
2620
8792
8908
2379
7206
3421
4645
1911
120
9892
3311
7307
3900
9903
7357
9111
7569
9186
8122
8140
6635
4790
8272
1627
243
7066
8950
6169
2044
4900
1945
6574
6836
9573
7237
2093
1522
8219
7264
7966
2899
9680
1459
2775
5115
431
566
2665
3818
4343
2375
6646
7340
4679
7
4497
461
8809
8401
7214
7064
9116
6135
8008
4922
906
1739
7841
4631
5720
6375
9076
8408
8092
3738
1398
9792
1400
6064
1739
4298
9684
1836
773
1457
5338
8757
856
3531
8139
6122
1801
5283
8911
2610
4932
129
9866
8068
860
9977
9018
3376
5773
4525
9420
3609
4829
8607
8398
2944
3377
4534
8511
9262
5725
2252
3283
3917
4403
9587
8259
4196
9165
4322
4785
8317
965
4400
3112
2532
6417
4827
1906
7998
1836
2100
8948
723
6895
6731
5332
4522
5791
7715
1467
3776
3744
2770
7717
7365
6216
5176
7636
6531
8094
3609
5012
4875
7040
6440
9978
830
1204
7137
5830
2437
7430
8083
7144
3693
2241
7705
3391
3106
9865
6068
9723
9223
6580
2135
2980
480
9017
8254
1268
5164
7552
9099
479
5010
8249
6382
6739
470
9161
8577
5050
9496
9151
6957
1436
2874
741
2765
2610
7948
6802
1741
5925
2518
1884
7166
1893
6353
347
5369
8550
6802
1976
1661
9508
7668
9508
3687
7799
2465
6485
1069
3617
477
827
7175
3060
527
9265
9898
834
7516
6447
5106
9180
7602
8765
6540
9931
1454
4561
4493
3485
8474
6025
4210
1687
2710
7397
3254
6298
2930
9659
6793
4096
8150
3934
7795
3381
3823
1913
1061
2450
358
8916
3511
388
7629
7273
8500
7595
713
9953
8287
4463
6935
232
6976
8045
9821
3519
7614
2447
6798
4560
6299
7146
6520
6059
1879
561
2398
3135
8178
9111
8397
8789
5697
6337
9118
9878
7467
1849
8551
4829
6657
6111
7182
9751
5417
7642
7115
8503
7334
8716
1432
2102
6421
3924
9447
8167
9269
5021
1585
153
3780
9412
4359
6261
2067
9543
9734
4040
7845
6568
7660
7770
8809
1793
2961
6844
6961
6737
5605
9409
4655
1668
468
2259
9835
1921
7944
5190
6003
9709
1003
6490
7600
7598
7974
1674
2512
1322
8043
5009
2134
3949
1148
2252
2826
3592
2743
922
6750
1671
1599
8721
6430
779
391
1098
5490
7270
669
4604
4052
1734
9776
214
4153
536
2672
8886
2670
2494
8785
7847
833
1275
6091
7335
6504
4698
385
4086
6913
7967
5900
3914
1112
2021
6260
7008
9726
615
522
5629
4172
9066
8997
5186
52
2775
6455
270
7856
4615
4571
6141
6650
406
317
5422
3015
3050
1270
8003
8385
1389
4594
6849
3135
7478
8544
759
1795
4727
1733
6412
9904
3887
3389
5121
4885
6095
5152
4069
27
601
8653
759
4967
8164
7078
550
1468
908
6775
741
1648
3335
4740
1978
8793
4450
6270
3125
9252
5818
2913
6302
5490
1943
349
4311
6416
9971
3503
673
4049
9528
8572
4362
8730
4838
4713
3875
5001
2036
5162
4000
6499
7230
5301
6953
1257
7629
4930
8094
3286
2949
8850
695
9672
440
888
3049
3000
8423
5784
6788
4424
1768
8171
3369
1368
3603
5148
1449
132
342
1618
425
6158
9401
9467
9474
611
4540
705
3508
1901
5596
1099
9210
1509
5460
6067
7817
1266
7648
4399
6643
6722
3709
2382
5560
3188
1692
6433
1900
9168
8838
7540
2947
2148
1754
7480
5592
8699
6753
9438
9325
3164
258
9890
3613
1133
3457
8161
2541
5473
6386
8824
1090
6773
1051
7546
2428
3091
7080
8718
8287
8337
5464
7091
2578
6362
7989
7345
1424
1558
1665
174
5868
4552
763
8473
5538
772
5921
5430
4601
4971
1792
8870
7380
9972
2502
5443
8103
1065
441
6021
9735
8043
3824
2996
9050
1059
1759
8746
9150
7607
8160
6964
4294
3988
1132
8917
7486
7870
5290
7031
2031
3201
6030
9375
7790
5635
2179
8395
2095
2345
8147
1435
8312
6259
3490
5146
2608
1588
9163
3895
3718
4369
3778
1716
2589
758
7673
3866
8213
3199
5102
9895
4421
6698
4850
6246
3380
2423
2276
5257
2248
8712
7851
8260
1910
2971
9810
1961
3239
3393
2254
9836
8299
9066
364
9779
2711
8111
9045
4332
5978
940
3971
6443
3230
1160
2285
8654
6730
9618
3630
8462
8804
5098
3204
6196
5204
6953
6805
3750
1059
3502
9708
3085
4098
9621
2976
3860
3384
7510
5557
6159
7955
9160
8396
7094
6751
2800
7349
3404
8740
5962
1958
1152
457
2386
3059
9951
8375
3584
637
4228
489
3598
264
9374
3503
3191
7283
8924
6738
8205
8316
5223
4786
631
2220
1852
1659
3253
5086
36
885
6098
8334
8882
3386
7413
620
5609
3907
5812
9695
392
4636
3109
4278
9379
3942
4978
1162
9886
9675
2105
3839
1432
7660
5677
6569
6562
1222
4348
7724
5403
2483
3630
8187
8825
8636
8215
6258
8470
4796
9945
1599
8789
9008
1049
1563
4959
3195
5643
3831
6638
6358
8573
9585
6742
3236
4542
9254
123
1732
777
6545
8851
4096
34
8866
6136
9650
5531
6634
4186
3541
6339
9650
8255
841
1516
5707
7864
8241
3463
3792
4705
1783
2623
9415
4804
272
5438
2903
28
1945
1936
3044
1601
8096
178
2325
7812
2864
502
8295
5832
9028
2086
4314
939
5868
4435
4553
1520
4621
7785
6999
8635
3779
2096
9029
4632
8562
3874
3376
8856
6410
8020
5255
2952
5113
9107
8026
8432
1034
1324
7709
4277
2171
9671
6860
5196
4476
641
6217
1772
7443
5477
4658
4542
5133
5671
4973
7652
4991
1309
9605
851
6138
8681
7022
7166
8573
9079
131
5968
5157
7984
242
22
6879
5737
8973
2183
6125
1515
2337
8816
8439
4079
3267
3760
8745
2422
3766
7021
2971
6034
2905
4050
2350
7141
686
4342
9857
8820
4918
3129
2771
1367
2855
9149
2484
4880
6399
1743
452
8373
6722
9025
4669
5244
6864
101
5612
1394
7154
3032
4265
4327
5826
2488
2969
4026
2570
5619
5881
317
6949
2414
4731
4900
2114
9935
2301
2736
6568
4568
9332
5330
3955
7969
8680
5822
8811
3632
297
8142
6549
7127
7039
6399
9651
3962
6783
1133
263
5211
6473
4054
1942
4948
4014
3405
3207
7088
1087
3021
5898
8247
7521
3943
3509
2389
317
3707
3082
2661
1252
3983
3860
2015
2639
47
4016
4219
1300
449
4329
1216
7828
9219
9212
4782
1938
1780
4266
5828
2142
3179
6491
1471
2367
8488
7343
8896
4576
2261
5087
8585
9313
8697
3939
4980
366
1801
5309
351
844
395
1939
5031
4816
7752
2698
3328
6410
9005
3469
7247
6958
9263
7789
2005
4803
1256
3955
2440
3812
4098
9296
8127
2117
4863
5317
6345
7456
6595
8943
6971
5772
2735
346
2373
303
3370
8742
1151
1354
1037
6983
3381
9107
4012
1526
5644
5888
252
1445
5152
2351
1558
3568
6428
1154
2134
9983
6548
5032
1408
7704
642
4631
5760
4033
188
8741
8892
2563
4350
7111
1848
2378
