7590
2268
7178
3181
6151
4482
9011
8348
5186
2319
486
6703
5924
9458
2389
311
7316
4785
3076
1877
4444
7519
401
6729
3909
7530
4771
2565
9311
6081
8403
4127
2490
1939
8161
2934
931
8723
6629
3484
7886
2807
1363
2898
6205
8127
3834
8113
1466
498
9209
5476
9879
7780
6334
4467
3295
5973
7293
699
6936
4627
1273
3481
5064
2175
1986
2453
9793
4893
1355
4299
9435
4629
8182
2708
9372
7174
1583
7011
7910
8346
7538
2396
7805
5685
9977
2127
7811
4983
38
402
3618
8625
2042
7852
1078
1828
4143
3950
9733
7877
3096
1804
8491
5116
1283
2297
6774
4268
7208
6929
1947
4477
8514
6351
3523
6901
3686
4495
7605
4069
9108
4318
6993
2687
6921
4445
9734
5446
3694
9445
7201
1517
209
6980
2820
7858
5311
5509
174
5284
6378
3134
684
2574
7324
9875
8156
2776
1721
8328
6009
9539
5642
4835
1864
9986
1579
1728
2238
6968
5874
190
9276
2844
7930
8006
8120
8009
4364
188
8009
1826
9033
6495
5646
9779
343
7994
8028
1842
1237
61
9171
2468
8796
1509
4251
5724
8116
8775
64
4959
8848
3837
3927
8067
8391
2839
9260
5670
9264
2979
9098
698
6921
71
2102
2222
3796
1514
1352
6968
5087
6946
7110
8222
9166
4233
5567
7123
6535
9977
8289
5919
2394
3750
2296
8104
1467
6379
1140
4300
4285
2796
9029
4449
7101
5626
6374
5907
2712
8886
7827
8092
6106
9229
2488
2051
7876
4225
3207
1867
2409
7992
1205
9819
2501
653
3714
7758
3691
9333
2772
5313
8713
9260
351
3994
3754
4718
819
2616
6424
7553
3665
3445
6043
8575
8219
8135
4227
3602
7496
5766
8910
184
8656
201
4374
5606
7194
4297
6922
5321
4640
8775
1383
4263
9211
5017
5955
6996
4897
3039
5543
5777
5879
6340
4086
6478
7396
6464
9950
7104
1653
650
6921
4254
3590
3787
2160
597
3907
6174
6973
4268
9404
2051
172
9442
2030
3747
2814
2147
3092
3053
8073
1225
4825
2223
3679
4446
8280
5041
2024
9824
1634
5243
4111
5582
331
7238
2631
6943
5186
9248
9288
2146
3051
9961
1770
431
6859
8266
6460
9036
687
870
5106
8156
7642
1289
3529
9699
6185
1693
3047
4388
3460
1547
9252
9995
5139
30
9103
8598
9754
451
927
7950
7507
6525
2631
6083
3014
2853
5924
4854
2744
3806
1318
9616
8318
3238
7720
9823
2332
6617
974
1314
8782
7056
3739
1081
9121
566
3084
447
9183
6251
6901
9732
2054
114
2085
1763
1620
9733
6280
1458
5522
2968
2089
4568
409
315
146
1049
5941
1945
6546
2460
9572
9757
9305
6573
6267
436
2387
9743
694
6669
6334
9753
8794
1949
3114
305
9961
8336
4909
3607
1104
9577
3792
1800
3552
6939
4265
4787
5864
8272
8197
6839
1179
5190
7394
3739
2883
7306
9798
2520
7362
9628
6752
3153
7857
7058
5977
5299
7687
2905
8566
9799
2583
1909
7869
5252
6407
458
6370
5777
7480
6451
6413
4936
2615
1968
6617
2086
1215
3133
5515
7759
1080
3564
7245
5743
4896
7765
9622
6491
5892
1252
2968
2166
3388
1040
5382
6928
2449
252
528
4040
6299
9991
1100
8898
3451
974
7283
8723
4593
4784
1765
41
3867
2130
7882
856
6443
8697
7846
8463
7092
4581
8727
3705
2705
6398
8990
288
7602
6198
9736
2075
6819
1773
8408
4200
6059
8564
4003
5493
5694
5385
504
5480
47
9041
3530
7071
4838
1492
4859
6962
5370
1153
4262
2660
5867
2818
1753
9592
4366
9947
8750
7631
7286
4092
4212
8816
6347
3446
7263
1601
2810
9834
6824
3458
5961
7725
6626
4057
8325
5736
9387
7431
2026
2907
3179
3306
3534
6465
7964
412
6026
1919
4069
7256
8630
9479
4213
4796
5248
265
7529
4362
4633
6584
2730
2441
1356
4762
9766
8473
9772
7721
8169
4036
3145
8632
2519
4831
7726
495
7017
8928
5466
2183
1010
3529
2137
4721
9885
1954
7758
5104
2917
8021
4815
8999
272
1731
3853
4477
6425
2452
559
2605
5161
8172
6314
4554
641
5672
6655
8640
4982
3336
7713
9621
7929
9431
9537
2975
4690
7605
152
4863
4808
2709
704
6619
6816
9874
4143
5433
8672
9437
1329
2742
9327
8290
6562
1607
7035
7833
6405
9479
1781
4856
2627
8640
3069
9221
4403
9189
7894
2872
2738
1387
4310
5935
7952
6951
5197
1836
6023
2802
4895
841
6024
8362
5423
5692
6851
930
8121
5717
4931
9450
8780
36
7541
7801
9379
919
5155
1606
9599
2353
4561
278
8563
9623
2130
7040
2363
132
4584
1565
873
7228
6422
9947
9597
5149
9684
640
3105
3057
7631
8427
3054
7120
6522
7894
8303
3411
1253
5768
2432
6819
2696
7303
1410
6160
2700
4874
1022
8237
8166
2876
7219
8553
7265
7549
5406
2441
5015
3539
2277
832
2395
6879
8288
9248
2294
7338
1668
7162
1693
125
6333
914
8907
7583
5800
5278
1152
1257
8010
7149
6709
5046
3809
9876
5531
742
2757
5907
6576
2450
7961
5047
9885
2633
3300
8888
8302
5129
9719
2147
2350
4970
1771
7666
9135
5092
6904
1958
8675
8000
2964
3271
5755
2012
5990
6946
3001
3864
9974
1137
867
2014
2627
8201
7879
2991
9904
1933
9093
7607
2652
8431
8334
3794
8748
7047
3047
4121
2375
8684
10
6581
8174
6751
4009
6564
615
2791
9327
2728
677
8854
8197
7996
4917
8859
5310
1043
278
2081
720
7225
2070
1397
4111
4571
6134
2165
6424
914
6153
483
4935
1226
9694
1144
1157
8353
3719
1478
8385
1082
2838
7702
42
4945
2035
6672
8614
858
28
3945
4866
9730
410
7735
663
8743
3131
1519
7253
1059
3874
6335
415
2595
5159
5288
7474
1111
3564
9107
3379
4194
4413
8469
3860
9584
5587
93
8707
8759
4277
7386
5824
8759
9339
537
1224
5547
2833
523
3714
1505
4533
2294
5910
8470
2733
2034
6261
1962
8967
8452
6041
8419
3983
5911
5178
6094
4454
2246
1097
7120
6869
3270
6605
4378
2607
8000
6759
3355
8859
3676
4116
1039
6582
4617
288
3269
5012
3658
8209
7231
7471
7178
1063
9651
3374
8368
1709
1710
6803
3133
1212
1415
721
1410
4253
9857
1383
7567
8265
9739
8670
2487
6831
930
7451
2863
9072
3766
5937
3316
5883
3049
7974
6076
4496
5172
7056
388
8275
8804
9932
5417
6512
6273
331
2627
9829
6031
4058
2747
4208
5982
7132
5678
6773
8492
8438
9337
1532
9851
4294
1284
6358
700
8609
859
1978
5210
7288
5975
2944
6340
1958
5708
7464
2082
4633
2987
168
377
5946
1720
5745
6665
9595
5270
3772
9059
3980
7566
8103
2440
2249
4542
6806
3933
852
9390
3751
1547
8618
1197
3958
3219
4181
1194
4362
6814
9166
2176
794
8962
2380
3209
720
4512
7917
7651
4520
3578
8992
4415
7652
5619
1277
3846
944
2895
2642
710
8444
6761
6379
9995
5068
1939
5148
3545
1112
3000
1422
7684
6960
9582
1716
498
9904
5847
6824
3225
6668
1910
5991
5827
2376
3086
5830
5088
2071
3686
8560
4090
2830
9593
61
1363
6355
3339
0
8266
535
53
3629
2189
4894
7777
6437
9065
3911
1313
6047
1052
4620
9866
5829
2427
9704
6142
3592
5440
623
9943
9009
2460
9391
3647
6918
9610
2401
572
7044
3107
1916
4313
1407
8638
5766
8496
4868
4111
6936
9908
2790
6656
2749
3834
3613
3470
1958
6919
632
10
5485
3684
2810
2336
4468
4095
2328
7876
1482
3356
430
9080
1001
9032
1753
5690
3391
3470
2052
5498
102
8274
8098
5642
7858
5498
948
526
8439
5853
7736
2594
6293
6435
4335
5435
5969
428
4985
7429
2097
7806
5455
6188
4963
5734
541
7351
3002
1407
9354
686
3654
6016
1781
604
8000
4143
2542
7743
1615
7107
5294
2220
441
4072
8516
2992
5306
1676
6012
1042
5946
182
1054
8004
5342
5510
6529
2008
3645
5783
4986
1294
4973
7217
309
1019
9594
1756
5358
1862
8434
5534
6653
4733
3664
9237
4044
6500
8082
1441
2086
509
9177
2584
2077
6355
5950
8989
6760
9184
1644
9099
8919
7935
2733
6219
3253
2780
2788
2069
8617
4199
1284
9826
3545
4759
9899
2080
2683
3723
639
2576
7897
9068
1972
665
4161
3230
4038
7055
6710
6773
2265
2846
1174
8532
1483
2176
8233
4481
3363
4286
5395
7925
3944
723
6470
1775
8512
3020
7591
312
3716
8972
8027
8769
8028
8012
7581
4424
3036
3072
4415
7738
4234
9476
6507
5730
5067
4357
6997
9584
42
8860
5071
836
4612
5
1736
201
3379
9374
4226
352
2788
1579
5582
2881
7111
6886
3687
5942
1123
4915
9463
2707
8915
3602
7882
6157
1409
2574
9181
8971
8349
8898
6434
7194
2027
3723
1443
7242
6614
6713
6497
2374
4581
8703
9176
3249
9256
6697
4784
5787
4078
2157
8675
3924
5863
2619
1750
1351
8721
110
5446
4919
8113
2676
9872
2216
2192
5146
252
7460
5120
2193
1031
8078
377
1613
2204
7139
3796
6955
8495
1212
8691
3874
9350
496
3995
1027
3059
6087
2383
3675
9106
8169
1162
7319
5628
6596
4808
8422
6982
7805
818
1802
2217
9229
8085
3352
4110
6349
4766
7008
966
5005
4772
9030
4611
8653
5473
2286
3015
5647
9470
1255
3495
7219
1723
7102
8443
6370
984
4659
5573
4903
2898
3224
651
5367
4877
7446
1123
4033
3578
3082
2794
6289
6918
1949
9152
5998
9808
2737
4676
371
1252
647
1464
9915
1480
5757
5553
4693
786
4132
6413
3623
7268
5200
7888
639
5749
9001
7341
9205
4685
1999
9214
2252
6765
5770
2481
3607
7017
7391
4959
2936
6979
3182
8041
900
5701
7864
5537
7090
4779
9151
7970
3442
4363
7221
9197
2394
2657
2870
6930
5308
3915
9602
6647
7907
4861
178
7976
8348
4530
7916
7307
66
2001
4482
2270
6769
2952
2484
2416
4956
8919
9398
1368
1482
1595
3836
726
8891
3349
4209
9493
6457
614
4791
9865
1498
4922
9817
7690
3985
2463
9789
2397
3460
5408
4869
8684
2504
5058
2228
5185
1720
42
4285
932
8773
1320
8343
6558
2295
6053
1630
5610
6002
6117
7459
5511
3220
8648
2387
2956
8986
1555
1509
4233
2322
4581
1532
2549
5724
2425
3628
8825
4426
1752
6842
7545
598
1559
2988
1002
4562
8452
1808
2853
1802
2489
9321
9078
8774
9147
4723
2497
4747
2194
2168
5090
8754
8580
5627
4623
3984
3248
7537
8988
2564
5492
9199
3387
6288
3308
6655
1710
2255
9000
204
4666
5588
3016
6765
6218
9875
2342
3151
1885
5241
9872
4730
3149
2981
7361
3957
3453
3418
9964
2582
1934
6925
5796
4210
558
9465
4122
3650
7213
9538
1443
5254
6077
8230
9189
7539
342
6767
3343
8985
5908
3302
7955
368
8030
9569
2544
8304
4355
9725
416
5135
5186
2855
4234
8532
6
7844
1941
3643
8812
7520
4523
3138
4163
7187
4149
5808
3743
8768
7016
8437
4986
1175
652
269
4552
3594
7781
7438
3237
5789
9904
4912
6269
9078
2956
7388
823
7956
4370
4445
6879
1772
3938
6836
8863
8111
5339
4695
3929
3031
3655
2137
1795
2160
6833
6741
9808
2131
6084
1508
5335
9886
3489
8974
8642
6335
2460
5373
1605
2143
4420
4188
3401
7964
9485
2239
2324
1342
7132
4493
9015
9595
8846
5399
3828
8405
6741
6380
217
3137
7568
7093
6910
4164
9990
5948
3702
3462
7199
1514
4885
2344
895
5405
2591
4721
7168
7608
1177
1604
6443
1060
8334
3693
194
3653
3328
6155
621
647
8377
7880
2399
2871
5500
3714
9892
3118
8221
7758
7993
1464
1866
3331
4296
1203
4901
8385
2015
1027
4751
9893
6428
706
4802
7188
951
5781
9514
7012
3772
3913
7058
5098
3331
6076
7735
8622
7774
9273
5275
92
4158
5691
3880
163
4659
9826
990
4864
6686
8372
9755
5861
3988
3626
7094
3490
4273
4507
5608
9621
8918
9047
4888
8846
9682
8505
4754
5659
8520
4879
7651
8883
4338
6566
4963
2254
8562
7535
47
7025
1729
4814
1842
9688
9254
7345
4399
9835
6964
1997
3422
2643
4192
5875
9184
3590
4542
610
4241
4029
1703
1671
5818
5991
7865
2399
3039
9767
8891
8109
8875
7433
8923
4134
8214
1618
8631
5065
1105
4004
4788
3309
5582
2736
8430
707
7630
5574
844
2555
1016
4152
8927
8738
6483
2558
3879
8600
6817
3234
3890
7024
4520
3915
2626
3328
8893
5575
4410
5912
3935
7441
6453
6960
1678
194
4786
4394
8182
5091
5952
4055
7068
2513
7458
5206
6659
5673
5696
8502
7515
4307
730
6844
8471
6700
9609
2320
9962
9627
8067
4546
910
9173
9034
6986
3792
523
2483
381
7691
8785
2398
4955
7183
4954
471
357
1022
543
5511
8477
2787
1742
3783
3638
7247
8511
7843
5322
6289
4994
2711
4553
3697
3428
1257
2927
554
3681
642
1295
9698
9091
5514
8235
8743
2264
9919
6694
7479
7121
3410
128
8172
1223
9294
8128
2658
6233
6613
8241
5543
16
9337
275
8958
8051
9972
7794
1519
70
7557
3892
2830
1949
2360
4571
4407
4463
3328
8682
8867
7654
8723
6661
6154
9346
7458
1649
1157
9053
5316
2202
7774
2793
2110
643
3207
2966
9089
6664
7235
5264
2735
8640
8245
708
4155
1214
4243
9011
3213
6199
1782
5040
3679
6446
8289
5347
8200
6826
2060
8304
7490
5945
1020
4193
3929
382
5600
5792
3458
3125
9770
1361
981
6024
504
6540
8121
1482
5471
424
5819
9072
2611
4931
4939
7936
3045
1326
2467
241
5658
1893
2468
7042
7875
8589
2782
5238
5310
2101
748
8365
3385
3423
5482
191
2910
4104
4581
3153
6111
1235
5325
89
6927
9476
8361
8126
6715
1159
9111
8057
8451
5025
7790
6456
7145
495
146
2689
8581
4587
35
4340
1074
9021
1171
137
9913
2781
8066
5592
2600
5174
7240
6279
8910
1142
8830
6142
8278
7091
9993
7270
973
7272
996
2864
9297
5164
1240
1139
8489
7811
139
9581
2331
8270
9795
8362
6686
8686
4629
7666
492
4406
5503
2301
483
2782
3438
2946
2745
9476
3372
9933
26
9581
5833
9502
5920
9801
853
7422
7213
2820
3048
6509
2055
6856
7966
3287
7664
6720
4914
7093
5361
872
3366
5759
4003
4128
4188
1711
7514
1503
3765
9345
5279
6820
7027
5238
9464
8600
6428
4568
9126
9903
5070
2072
9866
1550
6105
6563
6708
1638
9790
8691
5962
3438
6098
5569
9378
5471
3118
9721
4620
2472
1847
1926
7567
2834
7445
876
639
2062
5906
6100
4631
539
9552
7314
1512
9540
2935
1314
7182
9157
7275
4193
3947
2813
7462
6712
4611
8591
7063
1875
3988
5236
1766
4704
4383
7515
3138
9683
1495
6608
3769
5062
9285
1002
2740
3918
550
8365
4653
7977
2
6896
142
8131
5849
7802
3559
9927
1723
7702
2010
3027
5412
7605
7559
372
6003
9090
4303
2336
1574
96
8072
4179
9204
8672
1196
5905
1302
735
5998
8491
8899
1836
5754
7164
1606
8247
1256
5091
7038
2101
749
5435
9778
6976
4269
1477
7983
5596
2225
8791
2575
2372
2144
8974
807
6626
9662
4783
9390
3469
8574
7020
3653
3965
1989
7250
9832
6746
1277
6702
9551
6146
4690
9776
641
810
5469
423
646
7228
506
3500
5142
1582
9048
955
5907
4435
4124
796
8001
4027
5794
9968
3246
7254
9986
1543
689
5157
475
8590
5427
9169
750
7493
4356
1141
8186
4143
6700
3158
2159
6867
8640
7412
5297
1183
6668
3480
4379
6556
9971
3053
4125
8060
6976
2363
9332
4384
8087
6238
7813
6134
3406
821
6997
7648
3154
4135
9640
5264
9623
2880
7332
863
5871
3736
9089
7549
4966
5077
3567
1490
4664
5447
1780
6771
8207
6673
4673
5888
5021
5608
4944
9595
4451
9075
9708
3347
4044
6370
4220
8206
6393
1196
2429
8997
8089
6304
5099
4073
6084
3933
9212
5843
5252
8269
9242
3289
2561
4156
7323
8157
5528
5062
3327
367
9607
126
5541
9843
9863
1580
3081
7997
1942
6798
686
569
2929
8079
2964
3223
9642
7940
5574
2787
8908
819
883
1011
2248
8111
9383
6681
9658
7294
7702
7400
5741
5419
8772
2340
2376
8711
7636
2130
8900
8955
619
94
9242
5016
3023
124
8510
719
2097
4678
2930
2493
180
9620
3912
3742
9210
7833
7897
4531
5162
8426
315
2334
2703
8041
3041
6793
4848
1744
5397
1558
3095
9258
8379
2337
8705
9787
5762
9554
593
3647
1900
3759
9665
0
39
7118
4662
8849
9543
1416
1518
5815
2402
2121
4361
5336
6792
180
6289
5595
4525
1508
9928
3087
4117
3805
3341
5416
571
7840
2858
9299
1709
3021
9068
7435
4679
4099
3376
6596
5002
4515
4215
3733
5321
6915
6085
8035
4288
6142
9948
2536
8210
3640
272
8658
2829
7040
2679
6903
380
1166
3503
2375
5561
251
4555
8698
8156
4704
6220
4376
2037
5111
8888
727
4562
2094
6761
4047
5421
938
4980
5962
7318
9991
5717
1671
2168
77
3716
8637
3770
607
3222
8220
9428
3806
1554
6608
9868
3802
3997
4671
3228
5928
9637
9969
9346
558
2631
9104
7652
4587
3678
2997
4301
6421
9529
5553
9161
7482
8279
6557
8665
600
8081
4601
8787
360
4084
6593
2633
3588
8409
1822
4692
8442
371
472
8412
472
9653
7625
5591
3319
845
3885
6669
7349
2017
8438
2243
1354
3876
5467
4060
8492
7621
8240
8328
1678
645
7073
7031
2387
1667
7945
9647
9520
677
7711
2134
4912
837
4175
1772
1521
2406
6119
3927
1371
2625
6312
9053
9313
3760
9244
5208
3264
6966
3943
4713
4500
9994
3733
8236
6186
4830
1347
4067
8656
64
2522
2641
7817
6892
9222
3254
5021
1292
3366
9826
2284
1789
9451
2744
5363
7087
9411
2320
4167
9624
6095
537
9967
7126
5728
1881
2846
2224
1153
2706
7357
7671
4814
1092
3480
6574
82
1177
4815
5267
2654
9008
9228
2361
9621
3129
6916
2755
7556
6378
6646
2543
863
524
9809
5757
6727
1493
7155
7147
2407
7218
1707
1167
4734
241
3408
9263
7111
6153
2122
3920
1891
2614
1294
5257
7849
5397
2936
7939
707
2104
4529
3615
8186
5158
2079
2516
5180
5890
5980
6500
9273
2758
5326
7594
2174
3213
1189
7251
4136
1194
244
7590
3882
1944
3015
80
138
126
8115
2992
9605
4398
4091
5084
6099
187
3646
9647
245
2741
493
5759
9659
6803
1034
4223
210
5819
9325
382
8602
6832
448
4521
6902
3769
4442
3748
2941
8058
6409
1056
8989
1938
7096
8458
399
6400
464
8480
3413
5618
4843
4625
6992
9035
6435
3231
7695
7776
9465
1219
7969
2832
8306
2654
6363
9118
8332
7608
7510
3452
8846
8631
1727
4229
9357
8156
9458
2439
8139
3181
7553
6380
2969
9499
9773
2628
5502
865
376
176
4624
8920
4753
6685
2302
4232
2222
2890
3808
3503
6584
5848
8806
1655
8608
4894
974
184
8720
726
7553
794
716
8360
1741
2052
5574
240
9613
5958
8465
5502
3971
9167
526
459
6408
8700
1938
595
2667
6574
2793
3123
4277
4455
4675
4879
3038
3184
8716
5344
1864
8730
6538
8393
1288
9071
9167
8581
9061
6580
2606
4847
2185
2686
571
5374
7764
8413
4587
4842
6496
2281
4923
4831
416
5128
7580
1773
5073
7354
9931
6809
2898
2337
223
5188
4496
7584
8748
5110
362
1326
8308
3079
5156
7239
9133
3914
4678
9808
3358
9094
2100
3125
3891
4962
8953
7328
8015
2700
2588
1144
8481
6102
3509
9780
5712
1133
2745
1274
8992
4119
5920
8985
5942
8505
1064
1727
5320
3059
4195
216
1901
3993
1259
3108
5764
1326
741
6723
2033
2495
3603
8399
5938
857
3108
2534
9376
9368
9862
275
5856
3069
9500
1784
3673
6842
5114
8362
7024
5310
5517
8377
2590
9752
6088
2715
7316
2601
7848
9380
981
875
1513
6243
2673
2840
8082
7660
5715
2664
3276
2381
96
314
7568
7008
2431
3326
4221
4236
9016
701
8409
8584
9701
1382
9679
6349
7557
1062
3255
2007
623
5699
707
568
1700
1093
7285
2169
7821
8386
6078
5630
7812
2020
6577
7732
1118
2776
4422
1785
1765
262
2987
5944
3556
8088
7749
2048
3692
7562
2932
465
5044
2652
276
386
4269
9078
5104
9985
9843
7017
4529
7016
4431
462
1524
3688
7369
3213
9993
8773
9963
4108
4359
9870
9473
5378
2862
7175
3997
9367
8228
2021
9863
6426
481
4501
7729
7614
550
7353
7864
5138
9992
7984
7478
2588
443
7601
7733
2017
8121
1636
1774
979
4194
6669
1439
1592
8717
8405
2283
9427
2396
2231
1052
5489
7309
7732
4195
6273
3933
7316
9136
5361
6440
1466
8189
658
2891
6242
5172
1991
4347
8345
8610
9711
8078
4137
6003
7837
6198
6624
6716
5792
5662
1916
4007
8484
2493
4181
6201
9636
1304
6167
8784
2729
6852
7578
7448
564
5305
6960
9629
6324
5314
8282
7514
3909
2384
3495
896
2341
9358
7994
2786
8692
800
4167
1869
3272
805
2747
2901
2937
3787
6261
1211
3487
2481
4388
7738
4935
4935
4334
5089
9804
7826
9865
1371
3144
2589
8602
3866
230
3289
4537
9826
2482
884
6989
5857
7600
3623
7801
2572
7174
9274
8098
2757
183
5602
8412
5897
8381
3243
5952
4997
3522
6032
2364
7129
1003
23
5351
5301
7586
9098
3455
1680
1470
5664
5025
7687
6881
6138
2116
2834
5358
2649
6067
7986
4805
7708
8293
7287
4012
4343
5611
7950
2187
2336
7349
4552
7780
8323
9281
2949
7166
8070
7041
9023
1565
9302
2328
7524
3727
2704
3184
3515
8229
8252
1563
5463
828
6851
4437
8889
7495
6561
2930
4431
3035
9013
4329
1227
1894
1958
1484
4079
3245
2112
9443
436
2273
4844
2452
9546
941
2189
34
9130
9359
3703
5311
1751
4240
7594
8430
3938
6850
796
8506
8301
9237
3556
7788
1751
3254
3506
9085
5014
2452
9613
6713
9715
3456
1941
6892
5759
5200
534
7772
8468
4176
5966
5170
3014
7127
4581
8294
9000
6273
3883
2774
9451
2206
9440
6642
1280
4278
7613
5895
3775
6439
3120
8311
6400
9725
3060
2593
119
8908
5999
7347
269
2973
2421
6792
4841
4819
2489
7983
4477
2984
4996
8650
4733
2857
5902
9695
554
9467
5449
3055
5500
2553
5134
4592
2543
3371
2959
522
5492
36
8107
3978
1289
4184
1344
8006
5203
9128
1354
1086
3910
2444
810
3291
1943
12
434
8791
8937
618
7740
792
851
4335
314
9402
1875
225
3929
5192
2700
3533
9151
5143
7883
9895
227
511
1048
7036
1931
2295
6711
5904
7360
1740
4781
6808
5823
2686
7168
8822
2761
8279
4616
4605
265
4056
2386
4160
4309
2545
6979
5563
3982
9245
2680
2429
3506
840
8844
4641
8193
5774
1444
9032
5948
770
3572
8852
8025
375
8948
3059
8435
9198
2701
4854
9327
8317
3182
9949
6425
2312
6523
945
6013
1951
1940
5870
5297
3092
7124
907
5391
487
9024
1800
8689
4480
2495
9426
3173
4200
2233
1925
1168
948
1096
6159
3887
9118
1115
9229
3192
3314
218
7076
8799
5923
9075
7038
2612
9176
9203
7744
1610
6886
9984
516
6099
6442
9747
6439
3526
7939
7603
5600
3363
1178
4156
9228
6221
4384
9807
9523
8742
9730
6627
3880
2889
6443
1433
6674
8864
7174
1549
8930
2997
5151
3544
2880
3510
1029
2450
2790
8097
3613
7285
7177
5791
8102
7693
1376
9278
133
7612
2610
6775
5581
282
6464
9070
2204
5129
3724
1623
6277
4214
4437
5317
4789
4396
1536
4109
5620
8146
3061
1274
3531
7477
7187
6890
5436
5728
9936
4102
8098
7047
6896
3871
5718
1940
1233
9843
1995
1384
1730
8782
1718
8675
8190
5405
1198
4815
7945
686
3068
2791
2677
5172
4431
7797
4657
551
9215
4056
6239
2664
4859
6804
6417
3233
5969
3556
3631
8923
4778
7130
8311
8969
7104
5031
2033
6370
1820
1910
8398
3180
1392
3571
7053
5524
9710
3098
297
6250
5603
8297
7795
9816
5012
6983
6551
7043
611
622
9469
6267
8382
6307
2159
4957
3220
2967
562
807
8324
5606
8467
4939
2661
5532
5903
8461
1980
6055
8350
8615
6109
3224
6574
652
5041
5155
3672
8296
9119
2182
9648
5718
6987
6375
2190
8492
456
4773
9332
6817
2027
6224
5132
191
1117
2885
4832
3668
9933
4818
3973
3794
1904
3176
2660
1445
3109
6589
550
436
6474
1729
3052
4529
9108
9033
4328
2844
4191
4967
6636
3924
8035
1995
45
6572
2255
6962
3043
188
9316
1437
5632
3630
8256
9853
1434
601
6598
5177
2999
2700
4631
8482
7300
1856
1551
1694
1266
2991
142
8192
1486
6259
7233
8857
3179
2646
1948
3448
1837
1305
8087
6301
5989
4625
5490
2267
1396
9532
2166
5947
3214
6082
8490
6029
8621
5478
4927
6810
5263
8938
9848
8309
5037
2130
9689
1952
3960
4818
9371
8826
6658
3969
5801
2406
4838
2942
8042
5831
2006
833
7083
8151
7871
2315
8440
279
8763
2087
8663
1008
7698
5986
6242
7657
5646
8022
8607
6834
4682
5714
6317
9884
3445
6342
4349
6571
1481
9737
6523
9956
3107
6397
4839
2768
350
2395
3748
9491
9953
4856
5693
1142
2481
8809
1119
9264
9940
2627
295
355
3156
7499
5720
9603
3131
2604
3880
1313
6577
9703
8825
3974
8704
4580
399
5051
2176
3782
8883
3493
7028
7277
9587
2030
5263
1685
5395
1934
6708
9900
6436
4105
7642
4641
7519
5281
440
9528
1951
4732
5058
5466
5864
7793
6224
2841
1368
8780
6696
7024
3512
2273
3015
7929
9358
7469
289
6169
3155
1928
3154
2150
3324
9398
1968
8088
2775
8461
832
2189
4084
4576
1361
6967
2973
5466
6360
7552
7028
151
6697
4702
2599
6588
7295
705
3058
1991
5625
6680
9298
6705
5730
8500
4337
7407
4682
7141
7027
5192
5398
1328
6748
5729
5712
9394
4860
3620
156
222
2488
1487
7785
9794
181
2281
3696
9480
1059
9535
7917
7320
6517
7837
9815
4203
4793
6376
7581
9898
8
119
2014
5380
5387
9298
4501
2575
7159
8083
6800
4534
567
2826
8395
5553
5125
4988
4686
947
8821
171
5520
2684
5870
1520
2901
9102
5446
7621
2731
4108
8249
4303
7278
8750
3925
2297
3587
3394
6149
6316
7719
2509
8791
2378
3812
1023
5980
2202
7388
6613
2172
6429
1157
8407
7508
143
1346
3297
4845
1321
1578
6720
4986
5220
2808
4626
5678
2568
2862
1423
5863
8162
3142
8775
1547
1219
4118
9009
4157
3701
8399
947
6668
6746
3906
6399
7817
381
7792
8186
4802
8393
6317
5592
8368
8616
2336
2275
9385
1603
1178
1355
9859
393
5904
2071
9926
5099
614
7113
9853
420
5834
8816
6633
2293
6923
1687
8481
1534
1220
5771
8361
265
3224
4377
6142
7009
5051
8070
1244
5312
3339
2168
1196
7941
9610
1345
382
2228
8057
4621
8191
8968
3954
833
5574
2548
5570
9491
1968
1335
4145
520
5478
269
7312
2392
7577
2994
3245
7214
2874
7265
6518
7691
1655
9739
9320
3547
7541
4548
7122
9871
5271
4471
299
1641
8169
7081
3053
951
4459
7403
4204
7734
2013
1993
951
7655
5636
8943
5402
143
4470
7067
3325
5785
1879
9358
8605
2358
5713
7805
933
4421
4441
7300
5529
3405
2676
6089
9150
7574
1430
2526
5593
4456
1970
2896
8163
5740
9091
7053
4533
1519
5653
2274
8902
548
753
2274
6302
520
9140
2275
1814
273
8955
6355
7535
4000
9388
7144
107
8678
3508
9236
4891
419
6697
7591
5702
7321
6651
5903
3587
8351
2444
8010
6420
578
7592
3212
8687
1205
8243
2300
9274
4025
8366
8008
961
6887
9638
6089
5271
6602
7689
8210
4983
3547
853
3682
6166
5188
2911
9945
1768
2613
3693
4726
5659
1189
9793
111
4179
1216
962
1994
1987
431
3208
4296
1125
4614
2596
7810
8534
6934
1530
4203
8769
5363
1820
7269
4246
3472
788
5503
1447
1093
9181
5548
127
7971
9774
5599
5231
8654
1845
594
9127
57
1516
7718
1325
4128
1691
6677
989
1790
938
9331
8269
3663
6816
3715
1355
7408
4957
6182
581
4323
6224
1630
2533
8078
7382
9552
5447
3346
6368
9512
8392
122
2815
2583
9278
4778
703
9447
5806
3638
813
5775
1630
1572
7798
8081
3399
2490
7182
2897
9366
1809
6058
4529
2575
156
8746
5383
4830
801
9222
8080
2572
4837
2068
4717
7755
3527
8532
9851
7855
4882
4008
3122
5656
7382
3378
2707
2463
3201
9004
5076
4973
4582
9807
5512
9443
7279
3440
4023
3913
2575
8781
6413
6327
8816
7440
9614
1641
4747
5405
3623
4594
4343
9358
7840
7057
8072
6633
5277
1512
8568
9018
260
8079
9444
9506
5657
148
6893
7148
4212
7772
4751
2952
6148
6091
2926
9910
3405
2844
7227
4240
8045
5485
439
9924
6445
4618
6447
1693
7683
1237
3525
349
3795
4511
543
4249
998
6342
1880
9921
4131
1754
4597
954
9113
2093
2147
4810
7807
4327
6571
6143
5586
9843
327
3949
4446
8474
9118
818
4552
4522
731
3528
712
3282
2652
8678
1172
8733
7686
4419
1223
6968
8038
4856
3056
3362
2226
753
6007
9295
6702
4592
3818
1449
3035
9549
870
4627
810
3902
6097
7515
1038
9567
6740
2572
5407
5663
2294
5389
2458
1623
6884
2074
8133
5143
9772
1325
8465
1294
7113
2200
1353
9285
4953
6065
4903
3193
9385
6698
7750
5748
2514
6556
5234
6679
5981
5617
3851
8614
4146
475
6760
7472
6766
7667
8839
4281
7587
4513
6819
8581
4249
9493
5471
564
4242
305
2671
9077
3243
5635
1975
2008
9055
7122
7130
5299
5958
1844
7108
2448
8890
4041
1027
7794
4874
3192
3424
8787
823
1860
1724
2443
8507
3019
261
4319
6362
6235
4280
6883
5873
4753
1888
8557
1707
3216
3468
5944
4851
6154
8895
7025
8691
493
2465
2402
7051
93
4515
5641
8093
2634
6240
6996
2900
2334
3679
3819
5125
8021
148
9497
9886
9225
1974
2105
7196
2425
5163
5241
8696
8854
8864
9229
3921
1754
3333
1123
6373
9381
9749
5567
408
3893
8915
9859
3928
9665
3615
3916
9287
9026
2040
1803
9847
8063
8764
7886
6420
4947
3483
4923
9002
6445
1194
8344
5672
4516
8675
3466
636
2741
2697
6761
1630
6603
2025
2540
9625
8265
60
1222
7219
4598
649
3212
5342
6086
5015
1425
7495
2049
7568
753
460
7651
4146
4662
1691
9487
975
9402
3637
1568
4804
6554
3329
2782
8422
9907
9693
4345
7368
8428
2271
9654
6297
2912
3225
7443
1083
9958
1419
3912
2414
9823
1523
299
6731
2331
7439
7424
2365
6488
7603
492
5305
8120
7526
6724
7870
6109
9399
4295
5511
2020
3213
8548
7294
1676
4747
4521
8155
1697
4627
9610
4553
6970
6273
6154
9994
8139
5160
9993
1873
7159
5770
8011
7693
6741
3713
8320
5637
7006
1915
8997
4014
353
8210
7862
1530
2739
6329
302
7739
5574
3234
125
4421
1317
5388
2948
4594
9945
4426
2704
4943
6955
5167
9729
1459
2199
1989
5734
2463
9865
8078
6263
2289
8774
3873
4991
3843
6538
7110
8803
9360
7065
525
2547
7495
1940
2855
8957
7464
2939
696
2792
1515
1033
6021
7763
4720
9776
4136
6666
8544
514
7282
5778
5363
1593
8656
9779
7563
8979
8374
6271
2750
9902
2471
146
5761
8252
7447
9240
8415
9187
2648
9173
8137
9844
6784
7333
8727
8197
3500
1665
653
4109
4046
7562
9528
12
7809
7366
5480
1813
7741
2212
952
217
9334
8093
2296
1264
2527
8201
2172
8534
8332
4523
3357
1345
8357
6827
7725
3610
118
7790
9752
7951
163
4835
806
4340
8089
1372
4044
1122
6304
1175
8738
3053
7868
456
5488
9573
611
2742
5890
4681
3881
2255
4315
1298
6886
9512
6101
4020
7354
8916
806
9676
5367
1344
1438
5685
3084
57
637
5086
7826
859
306
3888
8798
6632
8125
2702
1799
4561
6566
9086
98
5619
1079
6590
9289
7905
7236
7060
1067
4633
1195
9255
9805
2966
4614
6516
8285
2002
6782
8109
3463
4486
5801
8052
2192
2559
596
3504
7776
5758
284
4394
6877
2525
6901
3927
50
8841
2478
113
5710
5648
9564
8388
5145
8360
994
8002
6914
5578
9954
564
8675
4905
654
8814
7974
5027
4487
6286
9809
9939
5943
4865
9404
720
7977
1425
5331
6613
2630
7278
7543
6030
1515
6280
6559
7676
5093
5286
7117
6181
5807
2199
4715
5931
2226
1475
9059
6295
5707
5756
8542
3906
4475
5510
4772
4224
5352
6656
4722
5049
4160
4223
4778
4789
5613
1862
4148
4643
4548
7763
6403
9959
8984
3864
5010
1502
5372
1653
5852
6271
7189
3455
8731
6623
8893
815
5785
1761
1988
153
1234
6712
7921
7191
1195
8634
8119
6178
2667
9556
7346
9869
7447
1652
3537
6558
9772
8551
5309
5001
4309
5007
7335
4186
2253
7952
7937
9455
6238
3863
1858
8208
6104
5639
3405
9756
6685
8786
1675
1089
5161
9281
7348
5255
8303
7168
4509
1482
5502
5945
6012
3811
898
987
3591
1698
4983
5463
8794
6025
9625
4678
4199
3832
4679
2602
2935
8448
3029
7072
2735
7318
7600
4511
6958
3223
8701
4736
9250
1074
4603
4297
2011
583
7351
6088
9047
7066
3837
6568
1660
7699
7548
9619
9909
6069
9811
7557
5860
5064
3079
5144
4693
582
2022
5809
787
8415
2390
2678
2595
4698
8823
3739
4894
6600
8791
792
2285
5510
2276
5896
1485
7887
4268
3377
1105
7467
6336
971
9031
681
583
6750
707
8004
7023
2428
1879
4789
2990
7528
3540
2596
230
5266
6058
1116
9767
1617
4843
7675
4079
9051
3310
7666
4604
4468
2944
4495
7522
576
932
6341
4232
4759
7755
1669
3101
6276
8927
6363
6696
3353
7673
8983
1421
1811
9427
6486
9195
2438
983
7452
9234
3253
8582
560
5266
8384
2244
3413
6382
1466
3041
2625
3424
7717
2963
9756
6310
412
7934
2246
2154
7773
5558
5268
9615
3010
3260
8377
3079
7083
611
4398
6337
841
5862
2254
8592
7401
9203
1664
9767
3499
9295
9665
4465
3870
6701
5757
1213
9994
2986
330
6358
5545
3359
9729
9984
6866
8281
8410
5326
7588
1669
1748
7921
3308
8869
8254
6075
2515
2383
6740
3682
167
6581
3209
4032
4708
8895
7853
4982
8687
644
2427
3009
8831
6584
4482
8277
2408
2191
9982
4581
6549
6624
4434
4181
8066
8100
2020
3479
2035
7614
9494
561
9364
9541
9372
3072
9629
220
6623
2566
1186
8738
7261
4318
1397
2421
4426
6449
7480
370
9223
784
5139
3959
9053
5985
7758
6954
2806
4664
8652
162
1401
2234
1140
3699
7200
7831
5533
3799
903
8400
2005
792
307
4323
4078
6266
797
1112
1045
1333
6442
7875
7793
2704
2072
1690
293
3321
4775
4433
9649
6353
5329
1201
7115
8452
2743
4279
8470
6390
8330
6616
2268
4713
9731
1058
3230
2123
208
8638
7108
4605
8235
8114
8226
5726
936
2419
4250
1077
6906
9143
5464
222
3779
3128
5375
3771
8119
7653
7533
876
7804
6723
6429
8074
9040
1184
4105
7196
2070
3080
7609
1581
3598
4176
4700
6069
6928
5616
3250
1651
8645
7150
8677
5964
3586
9429
7698
2189
9378
7285
2551
3789
1103
8723
6970
8590
5965
7121
6259
8722
5971
5337
8823
9753
711
5698
3907
985
5524
3413
977
887
5386
9850
3242
17
3379
107
7816
6382
3006
6538
2263
3197
9129
1134
7159
6602
767
8393
1184
9327
140
1493
8499
8855
553
1836
3289
1965
6745
4807
7995
3284
2543
8910
9564
7040
7497
3166
6599
8385
5821
8041
5360
7968
9182
1832
6378
6401
