2821
2605
2867
6686
3256
7293
9540
4649
501
6424
8421
8079
6073
3248
7813
1504
823
4984
1579
1220
6745
5332
7767
8219
1329
1455
4083
8079
7488
6316
8950
6389
3138
3156
8741
4563
8469
4125
5606
1307
8212
2011
2658
5605
8900
9136
9142
1836
9850
4256
4727
5022
6230
1440
4511
1143
8193
4572
4712
9975
4622
3767
4356
7167
7216
5021
5687
8268
5256
9829
7058
9146
7113
8866
4604
5497
1627
2889
4238
4109
1207
2380
7164
1231
6213
245
5227
8049
4096
3902
4483
4687
2947
6941
4915
9553
7395
8734
220
333
408
5496
8059
6057
936
3185
5782
7006
210
9053
4065
2008
2884
1410
2061
5098
5002
6983
5439
1630
5860
3371
7193
1402
1746
9361
3015
638
5278
3993
7575
4554
4998
2970
4230
9613
821
5484
147
360
446
4194
7571
112
3348
1908
3568
386
9480
139
6158
8193
2111
4085
156
6252
4111
3800
6179
6587
9047
1523
559
8759
1752
4720
5478
6793
1492
2758
6713
458
7250
4027
5991
9994
4554
2519
7497
5533
1507
2323
7661
7007
8390
1808
1026
5304
9439
1797
9132
4123
4032
2032
421
8872
6130
3757
9761
1106
5273
6852
4316
1786
5890
1853
9826
6202
7372
8239
5210
1070
32
8469
8496
1468
2766
9666
9549
9684
8789
1740
5542
1059
8383
6675
1726
1634
8375
3925
9209
2315
9416
1546
5758
2027
7811
8906
55
5971
7468
9471
6744
264
1298
8949
8970
1083
2025
2493
5027
5843
2102
4241
7060
7814
5638
7330
5727
6727
1179
3885
1778
2489
3844
6668
6804
2433
7464
3048
3099
2345
1855
732
7128
2913
8413
949
9872
5280
268
7110
7767
1481
2869
2425
2171
553
8746
1071
3130
3100
1827
5928
8098
319
4099
3885
6435
8656
1974
9626
9890
4801
4953
1898
3821
3164
5366
6411
4726
6273
651
7073
830
7562
9126
7750
5727
8959
4639
5407
8085
5637
6434
6730
7226
1634
7527
2099
4654
92
4512
9605
8688
7743
3422
6397
9931
4141
8512
7531
2815
2799
4122
6178
8474
7866
4606
623
307
6701
2009
3126
2499
5895
8668
6583
4225
3589
2662
9920
3321
5225
8618
812
3080
6502
9698
5593
9622
1192
880
9639
5744
2928
7789
7132
304
2749
9984
6661
28
1814
8828
2487
6985
9668
6790
4212
4745
7069
5618
8824
7368
6427
5417
4691
3470
395
1593
6465
114
1937
8281
3413
7340
5032
6503
9109
4949
4087
513
2222
6990
8015
4828
679
5785
386
3540
9940
2247
3454
9680
6913
799
3334
8129
3342
9416
2209
4119
8186
5875
8459
4720
9992
8168
6874
1374
5055
252
7132
2932
1117
2188
9580
7373
7083
1160
6627
4216
2811
4127
5131
9076
2397
8482
9454
8532
9490
9912
5821
6560
3880
2238
7372
2312
2724
3384
7467
4324
5054
9353
5440
6877
1398
4347
7152
5938
2628
7035
8172
8552
6877
5060
6856
2418
2418
4614
3703
4376
8370
883
7410
4471
5743
9190
7431
7797
2638
7776
8798
4863
1336
704
1767
5569
1582
6862
7119
1745
6137
8581
9826
8072
7791
1019
5194
4798
3218
4270
8693
7793
2674
1564
5749
8690
6291
6607
2192
2620
4185
1571
4920
6673
7439
1013
4741
4771
2344
6443
4622
5180
2284
7418
8359
2651
1268
9559
6229
7788
3889
5150
1372
194
3063
792
9737
5747
2967
477
6700
1360
7545
5190
3612
3711
920
7789
7855
1720
3192
2435
7425
3784
195
8158
7105
1749
3744
2669
412
799
9717
2538
1233
4527
5251
8539
419
703
6176
2324
8269
8454
2019
2060
9055
7758
3863
9274
6119
9747
6370
3389
6123
730
832
1509
2035
4715
5848
3185
1091
9405
848
6214
870
3885
2796
5592
5782
4906
674
5288
1304
5840
9625
8491
7077
3840
7744
8450
6802
5576
1147
3355
3457
2100
3255
8724
768
6704
6991
9991
9360
6904
1511
8694
8704
1247
7270
6596
1799
889
3905
9502
8913
6197
6145
9844
1409
8874
7990
1848
8772
8668
1814
2722
7126
5483
5214
2605
8606
6505
9257
7858
8804
7318
2670
6495
4051
5578
6019
2179
5306
3950
2416
7896
9500
1687
607
8366
1575
7231
2895
9600
2274
8642
535
5141
1839
6547
8823
6214
8432
4441
3355
6887
7653
3513
1705
3539
6116
6225
5433
1736
2306
8045
3332
3196
6509
4650
2213
4475
6380
6821
2221
8542
1774
6639
7555
8986
8383
576
9767
8130
7513
7588
1975
6585
1639
4054
5403
5704
8981
1912
6379
6120
9875
3084
1073
1565
6792
1922
1945
1600
9972
9391
8277
8311
317
8406
9900
1250
171
8214
6994
5413
191
6959
4275
7789
9662
7761
1865
6689
9707
9924
7038
1111
3490
46
3851
2031
3890
1220
6318
832
6082
4048
9514
1437
7764
1195
3800
9636
1398
3592
3228
7715
9093
4701
3299
3687
3004
1710
3959
2322
8651
9752
4949
5256
7955
1159
7174
7159
4525
5620
7577
880
9562
8654
2002
7382
2293
9811
2891
8962
2549
8428
3272
8960
479
7859
8169
1514
6408
1409
7913
1600
6663
4232
6708
5792
1049
2490
4293
7607
1902
4565
4156
676
561
9835
2479
5029
8630
4578
6488
3745
3995
4852
1244
4897
2705
2964
3691
6875
5396
3470
2643
7917
741
6217
4991
4339
8073
3357
6493
9829
4794
2283
7709
2687
2347
5469
1174
6414
5881
9402
2
8068
8701
1510
3834
5385
7870
5428
8364
7918
5460
3289
4216
6223
9383
2479
9451
3508
6278
6386
7618
3059
8963
4362
2976
7942
5419
374
7018
8101
212
5281
8128
8784
6671
148
5206
5260
7532
4360
5345
247
2093
9686
6461
1304
2755
8813
3306
4104
3028
2510
6552
8503
6271
5383
1639
1757
6214
1643
5457
958
4425
4971
2051
6825
6740
8307
2518
8173
8766
8403
3580
9929
7138
904
4950
6334
3371
5895
979
9586
6553
5797
7586
4292
8688
8486
6200
3064
3855
1776
1357
1230
622
1211
2145
211
6336
1559
236
9011
776
4426
947
3592
4232
9461
8887
2804
9013
929
5063
1256
5830
4971
1445
7103
6476
1274
5126
3498
6091
2393
1683
3656
8821
1525
93
5985
5064
8068
7917
5631
7262
5344
9450
4730
5155
7407
6371
4238
2388
3696
8940
572
7666
2884
7973
4954
3029
6487
3558
1847
573
3866
9751
7775
4068
8462
139
9255
848
2014
5837
7302
9332
6201
5123
3569
8790
5851
4047
5761
8555
6504
4133
9490
2895
7396
4758
3147
1185
9010
3274
4741
8842
1062
1949
2505
7742
5465
4368
2107
587
2857
5840
9885
1470
2218
9060
3969
9238
429
9055
2159
1808
4076
3302
1583
9777
2783
4716
5844
4434
6702
7528
6214
2133
3123
2392
4025
998
5482
7103
5151
925
8873
3818
3927
6160
3206
7728
8480
8422
3738
7255
734
3014
2752
7988
3063
989
8089
7034
795
2174
271
6900
4462
5299
5700
2749
996
6882
3318
1452
6119
4220
6657
6334
456
7103
7250
8059
416
6778
5476
1995
9121
8305
1513
7521
8110
4278
469
3301
2531
2695
1562
6240
3011
9848
7356
7296
252
3749
849
3212
4745
7449
2071
5361
8868
141
3457
5354
2213
2216
1439
6318
604
2692
4890
8915
5047
6721
8313
9697
3984
4803
2770
2770
9878
5095
1008
6789
9143
1827
9502
5969
215
923
797
6215
7791
3727
3976
672
3637
3505
9281
7605
2515
2325
1479
4398
9655
8866
1111
8146
3063
693
1116
2557
1166
9252
5061
6624
1735
3920
6545
5457
4789
1555
5881
1715
5469
7913
618
4561
5314
9116
6765
2004
362
6263
7045
4389
8257
8956
1813
3403
1290
2993
4699
853
3581
6052
4989
8404
6386
6416
3230
5920
121
1608
9341
619
3123
8415
619
274
7536
4250
4087
351
7750
8654
4983
12
6186
7987
7813
3698
1871
2122
4628
7039
5032
5771
2861
4854
1643
8086
4858
320
1493
5515
7118
1201
6756
2854
8896
5206
1684
6850
9506
8473
1209
8670
3266
103
8854
8364
1596
1897
6297
4166
5497
1790
7811
3548
9065
4490
7159
4728
3641
8919
2877
3123
9984
7354
3012
2880
380
9937
4210
3686
116
5336
6105
1659
505
9514
1721
1627
3790
7397
9307
952
6865
1558
7009
3179
6565
4228
3880
6057
3485
9928
983
4658
487
778
6183
2258
3315
6439
4190
1770
7551
1918
1225
9945
5792
282
8278
6131
6687
7721
2524
7812
9293
5148
3415
7134
1013
8103
1011
9389
6637
9352
9989
6572
4919
5684
3729
4353
874
7533
603
4323
1672
640
3501
3084
4956
7482
1650
5689
9235
2603
7373
2734
7876
434
8121
278
3260
2040
4141
6520
5066
202
5275
5606
8612
4061
2134
1919
9140
918
478
4068
8371
6465
4122
6696
6945
5375
7728
8976
1678
9661
5619
4954
1143
9535
5946
5370
6096
1211
4601
7262
890
6434
670
1827
6258
745
5739
2786
5302
9046
3243
5426
5092
3143
1122
8177
1089
939
3685
2605
8019
7028
8371
5884
4748
6820
9759
7531
3251
612
4587
9956
3297
6132
4562
7192
2852
9180
1442
5948
7619
2625
3109
4977
2495
996
5259
2747
1922
4996
37
6035
8952
1220
4576
5832
4182
2678
8203
1568
3579
6471
1751
4988
3809
2244
7771
3081
8720
3210
4497
6259
7360
908
4017
1892
1128
9037
1415
1786
5688
8829
2419
5431
9087
192
8813
2114
5914
6474
9731
26
8442
1815
6721
1515
6993
2567
2172
8761
7864
2262
4763
9529
2640
9258
3554
5567
9523
5925
7756
7042
9814
4747
2452
300
5470
1645
336
7550
4859
4308
43
9504
2389
5449
9150
5557
7602
3504
4602
7069
9586
7286
6756
9060
9639
9727
3085
6872
2020
2418
541
6183
7856
9569
3852
2855
8631
3679
717
1296
3790
1510
7591
6884
8929
3457
3296
1166
2490
4148
5161
4664
4240
8060
9216
8806
2890
8224
4150
8480
8830
9142
4798
7870
923
4627
7502
9083
5871
9882
2486
3580
6502
4406
7210
986
7696
4931
941
3914
7885
3190
6332
4910
503
1388
2244
6213
4012
4560
1889
7885
4887
3030
2548
9929
4570
2341
15
2541
9658
418
3808
4662
6439
1399
7097
3335
8615
5634
7608
2046
5070
3321
5560
1685
8539
9724
8290
6276
6690
1795
2977
9491
8353
966
2161
8941
8658
2140
7603
9985
2972
5658
4144
5938
3670
3325
1207
9742
153
6019
709
4412
7921
5892
1344
6750
5616
6078
1792
9734
6447
5758
8827
6677
498
3034
7291
3871
2550
3770
8029
8778
3289
3112
409
5140
5558
8541
5129
1012
6332
4346
3576
3369
9530
216
9145
2656
3162
5847
5361
737
439
6691
6818
1064
6172
1909
8693
7329
6922
2662
5986
8716
5397
5134
9663
6513
2012
5514
9955
4461
659
7803
3430
7290
4591
6795
5399
5420
1549
203
8137
7688
3679
8
7739
2687
8484
3869
6435
2776
1043
9153
198
348
8260
5344
9462
491
4555
3800
1512
8204
6929
3322
5921
3313
8849
720
4046
169
9148
4766
2716
4511
8106
4705
4090
7503
5710
9460
2425
8537
2884
4241
8540
4062
1657
292
5810
8359
9031
9691
3950
7206
6012
9098
8335
2548
8918
5212
1169
4665
3709
3363
8575
6857
4445
5472
818
6492
9822
2142
5899
4918
8353
5545
3945
1893
2282
892
8648
3706
6597
2136
3270
9262
9622
2160
8419
9157
1985
1825
8500
3904
7874
7072
548
4268
3259
5051
1512
1272
9960
9425
2061
7205
5247
7085
1969
4822
4201
7229
8586
4262
8472
1570
9687
8280
7253
3936
6337
7306
1159
3493
2333
8275
7153
7527
2993
1739
9736
5941
5264
506
9279
9135
6388
1880
9970
7522
2791
9012
2428
1243
4830
9728
4389
781
867
2089
2795
926
493
9285
843
3291
8590
5221
140
5388
7801
5482
5785
1283
2509
9972
4041
9133
2083
2245
9789
2075
2992
8484
8021
4666
6231
3501
2911
6798
4943
117
7149
670
123
4204
9505
6984
6828
7435
248
4965
9296
5389
449
2391
8964
9786
9721
3103
8606
5502
5156
2092
7296
6857
7369
5789
4345
8623
8282
7640
8878
3023
5935
2819
9056
2449
4366
9407
1466
5369
2521
5876
7450
4264
7637
55
7465
3537
306
7897
649
6537
2155
5593
3738
3512
2876
8650
6920
4940
3611
95
9429
3020
4949
6450
7055
5178
6998
1108
5469
5330
5475
3454
7851
2127
5816
3431
8032
7261
5433
1550
4664
6681
9607
2631
5971
1652
1474
3875
4329
6822
5173
5879
1224
3440
2611
9647
6923
3354
27
587
4905
6490
1802
9015
7416
5398
3134
6217
1244
6689
835
2852
6527
3889
8876
809
4526
4434
3727
61
8190
6563
6701
9893
2842
877
3804
5453
1082
7092
4755
8553
8785
7126
7618
4275
2259
2913
988
2323
1601
3521
9202
8877
1475
1431
6573
8323
9808
8405
7927
4107
2125
4821
6550
380
1904
5514
8822
914
4719
7390
4338
609
8714
3418
2335
2933
7666
1412
3829
9752
4325
7955
843
2189
4231
9742
94
6218
269
9602
8429
3027
8217
3090
5796
2128
9102
8729
4644
6128
4767
43
715
71
3000
4649
3685
995
6568
7043
3774
7500
9306
4008
3810
3306
5870
1513
2276
4513
4201
5068
5463
8231
1142
2141
156
7926
8407
7006
8617
9228
1932
2638
1570
5567
1518
1096
4055
479
8361
4322
6986
5396
3092
2998
171
7414
62
766
1586
8620
9543
9864
5400
6012
4360
9097
7298
3056
7168
7598
1770
3002
8428
9405
1980
1598
6801
5482
6571
5646
9753
8534
269
2227
3432
2385
2698
1766
6043
9616
4268
9375
7996
314
9795
4021
9379
6716
6216
9940
3324
1549
3452
5805
4289
891
3388
6455
4933
7252
4371
5315
3373
1937
4028
8701
6442
2764
2162
5566
9079
99
1079
8079
6459
2741
4077
6648
5324
3993
5652
9334
9809
5646
4913
6699
9393
2316
8087
3230
5501
281
6804
8516
1927
3288
5307
4231
9982
1308
5177
4050
1319
859
2326
5151
5354
8573
4874
5575
1573
7220
3626
857
3233
789
5038
7702
4879
7828
4800
7240
5822
702
2594
8115
8365
4127
3676
7476
8711
5925
5218
1542
5664
5244
7502
7315
8858
2919
9823
999
2468
8720
2365
896
8944
2119
1239
2978
5808
3303
4235
56
4220
4646
2498
2373
4290
8123
3557
840
5354
9513
7968
1405
4485
2506
8626
8528
3922
3287
6014
8028
8732
627
5297
9970
5780
7320
992
6901
1462
5049
205
2914
410
5030
1765
6237
7082
5550
9386
1431
6347
8719
7960
9436
8666
4057
4662
2952
1060
5424
796
4682
6497
6208
9435
5568
8126
331
3692
4578
9462
9886
6377
1067
6573
6498
4802
5969
8105
4349
2622
4086
173
7113
4943
6983
8787
941
463
5457
9461
119
4044
1428
7512
1771
8878
7984
6741
8645
5985
6668
3061
9242
3876
9397
6601
4941
4092
5395
8547
9149
1605
40
6309
6651
8967
3857
4740
10
6785
383
3880
8063
84
3135
3299
5304
8302
9173
6875
8841
1186
3016
3190
3681
1809
870
5089
3291
8743
6440
9181
4976
8788
9425
4150
9914
4133
4496
321
6852
366
9716
8546
2029
7431
4575
9688
7323
6624
691
7045
6524
1922
2458
2749
3335
6884
9762
2618
945
4471
8452
5993
4348
1630
6709
9030
3322
9293
4982
719
943
2252
486
5559
884
4408
3624
6105
1288
7000
7503
5927
4497
4295
8613
7406
7824
2306
5963
9016
3107
6847
43
8669
6467
9112
6313
8086
7486
5651
3192
2273
6735
7119
1433
3130
665
4605
8013
6188
2579
5240
9100
4484
877
787
3743
7821
8432
9406
5015
6558
6596
9636
672
476
2379
5557
4816
525
4890
2138
1690
8779
9672
9082
2671
4544
9503
5368
1796
3156
4336
9975
14
7985
851
6331
5882
4735
1659
8429
3673
3857
6392
6395
1912
1130
7766
7241
6046
5965
9299
3224
3743
9121
9902
1217
990
7901
2315
6143
5103
6501
915
7574
6826
7025
2840
419
8507
6294
8550
6770
3094
5092
4052
806
4935
9868
4410
2793
3704
6235
6141
6256
6556
6983
6454
1433
7065
3060
2864
8084
4691
4388
3616
3419
6322
1961
5727
8031
5365
8376
931
1777
2960
9116
4284
9338
9441
5396
234
24
9569
4314
6379
4885
2342
9057
8162
1365
3972
3834
5715
684
3187
8179
1451
3337
7452
2701
8605
947
4190
4312
4375
4527
4173
6605
5027
4523
7866
520
1529
1834
2893
1312
4066
9325
6350
7220
1415
554
4788
899
968
6155
1829
4568
9464
9621
5372
3793
9702
579
40
5850
7943
1935
8833
7899
4062
5021
3861
8106
8493
7860
8081
590
7509
5386
5707
962
1002
3643
4188
4674
8882
8933
7435
774
4924
5330
3748
6632
7949
499
7656
3522
3477
2550
7838
5369
2640
3604
3223
3616
2809
5066
7199
6283
6697
4945
9663
6625
3309
3932
1968
2572
9989
3886
9098
8161
3769
5061
7402
2502
7254
7527
2498
4597
5334
8791
7674
5532
1054
2868
3684
3565
8545
431
1725
1657
4465
2358
2416
404
7093
4290
3140
549
8742
5049
2886
7165
8580
1169
3201
3553
6246
6290
4313
8549
3183
7463
6568
7447
539
5217
7152
5014
2520
2711
879
9165
5682
1485
6528
2751
9303
896
6429
8336
4537
364
8018
6990
9505
2938
7646
8251
9777
7754
3171
7544
1714
4008
780
47
9564
9630
7166
989
7732
1574
4727
346
4639
9610
3379
4790
1301
698
6638
3442
3441
8825
116
2969
4821
1205
2707
3961
5770
273
1666
1601
3429
3153
5675
1160
4820
6353
2451
2471
5560
8641
6459
2005
5181
8193
6111
5998
8261
5349
8939
6943
947
9862
1454
6928
3762
8501
3766
1166
3142
7452
4875
7828
8202
8819
1512
869
5656
6604
9331
3481
2792
3196
4142
5762
9856
2406
4998
6730
1657
6965
4329
874
1906
7957
9109
2393
9678
3023
8635
2111
4936
2048
4850
8117
3351
2196
4023
2108
1324
1028
5650
8262
1896
7914
6117
5764
9915
6684
8973
7421
471
2253
779
120
1363
6796
5644
4679
43
1638
436
2976
8885
4911
970
2536
1294
2728
8765
9230
851
8701
4500
626
2588
5615
8578
8016
818
8937
3224
4525
3601
2113
4485
8605
9865
7581
3097
3118
9630
6718
3335
3988
4128
9982
9304
6850
2309
1842
4844
50
7489
6636
6748
6337
168
6159
1387
5034
4938
767
235
6637
4637
421
1403
6332
1561
5245
9502
6290
4060
8492
4951
5904
9006
7025
7136
4662
7582
422
7835
3274
9435
3491
1487
8471
5280
9647
8772
357
3287
6484
4073
5601
2430
1118
7122
730
7590
4240
6960
6679
1095
7444
7033
6184
5010
7708
2598
7335
7359
1849
1115
7515
2421
9319
7169
5001
3960
3539
1903
3798
8220
7050
8248
2398
8487
2592
7837
730
501
5738
5763
6578
2325
6824
1871
5183
9921
4018
542
2315
9387
5950
1122
9352
7634
2091
3366
3001
7348
7838
1778
2081
6925
9302
4922
2470
5710
4958
8848
3266
8553
5486
187
1526
6233
3454
8863
5690
9934
2601
6219
8149
6101
7706
5362
3910
7863
3093
5921
8605
6280
3252
4096
5625
5887
6460
1348
7727
294
7340
5920
5203
3623
6594
2107
8647
710
6746
8573
2477
1790
7907
5203
3450
3059
9568
3522
5305
4503
6392
9080
1000
8120
6602
6077
6131
2486
2016
4953
2444
2146
3455
512
1476
5474
3913
744
2521
4258
2367
7883
4251
3076
5862
6520
8908
5976
6644
3219
5140
4550
7047
3837
8398
9544
2723
6350
1251
3925
9510
4702
8673
4952
3674
8820
5687
9631
7942
5894
544
272
3313
5359
217
3349
6212
5678
3249
3736
8331
491
876
7514
824
436
9940
2380
7395
1238
9244
8833
2978
8408
18
2987
6209
5632
3521
1618
4799
5273
4880
19
9141
4988
2683
5317
8226
3739
1291
6231
920
6941
4949
6900
749
9795
5100
9993
2991
6825
6947
653
2344
777
2211
4623
4777
6457
8501
5614
1238
2644
9310
6817
5438
6486
7796
4951
2245
8849
1488
2760
5711
2429
5522
1627
3291
5548
9723
9425
7978
7548
8668
7358
2187
6725
2057
4600
7269
8114
9609
8663
208
3836
5500
7133
9568
3042
7049
7199
1055
2069
7331
7153
9173
6192
8120
6593
1511
5845
2518
9497
9961
2194
6634
247
1937
8818
9526
2042
1722
3135
6782
6595
6993
7062
7696
5723
3952
7507
3134
3331
5237
3899
7289
6021
1182
4569
7003
9402
3235
7648
752
4789
5407
7503
1426
5421
7420
1858
3760
1705
5179
6149
1931
5363
6701
3827
6013
7438
5617
6029
4806
8340
8331
6855
7796
4808
716
6092
5534
5435
1620
1601
8301
9098
4673
3639
6664
4340
2210
794
8442
8393
7148
551
5938
7885
7880
3338
4503
9676
5992
6357
3398
6472
4212
7804
1945
6846
5302
8717
3718
4599
8030
7646
193
8426
1826
7263
7327
703
2085
6590
6616
6238
2178
5273
232
4405
4774
9245
4994
2312
2504
4653
2801
4915
518
1887
7709
5739
4125
7121
8246
5363
9188
8489
5729
1691
5430
4714
4220
9122
1050
1
2174
1276
1745
4543
6368
3758
4635
9890
3123
1798
3942
636
6637
3848
9940
2548
2675
6163
6663
9435
3364
8707
3820
183
6463
3663
226
9964
5586
1058
1413
8729
6193
1591
2427
6926
863
9245
9339
1835
1900
298
9509
5555
4299
1836
145
3967
9263
8938
2408
4047
9778
7594
8153
5020
6289
4684
4489
9161
5814
658
6362
2472
6291
6163
7046
873
9929
677
8281
2300
5587
5080
1641
4167
2434
3106
1571
8788
2805
7221
6914
7602
8852
5420
1854
8012
26
6260
2879
1702
476
3400
3901
547
6378
468
9382
2388
4993
8331
9227
5835
6635
4836
8871
8605
6100
4767
5724
9190
105
6022
8956
8599
7551
2686
945
154
8701
2621
2009
6950
9272
4629
9506
5518
6585
4302
1854
4611
6236
4146
9619
3530
8344
3682
8802
697
9958
2134
6769
9482
2752
6626
8583
3010
8791
5348
5732
3515
5105
729
811
6669
8013
1727
269
1148
1828
9189
6786
8571
8670
9167
6662
8238
6126
6422
7486
7133
3739
476
4566
1220
7132
2317
5353
5623
8768
6929
5724
5811
7911
846
5383
272
4048
1706
6817
1907
559
2478
1447
5039
2714
4710
1512
3275
2593
7028
4448
6735
5849
2981
991
7144
2035
5483
3814
4219
1581
8666
5917
7622
548
5678
4052
1314
9780
5129
6724
4085
4847
4667
2336
8371
3670
9769
9534
8069
3014
272
4924
2450
5841
7028
8528
2105
6600
6977
6449
4881
1779
7874
5467
5704
5933
5359
547
6807
5982
9121
5688
6583
6182
9905
4882
8748
5555
6623
5610
5407
8368
7391
7748
8026
442
5741
8621
1997
3023
7665
8478
3917
5013
5293
4218
4092
1477
9252
4698
4948
3202
9397
6562
604
4250
1348
2384
989
3976
9146
9984
3870
2290
2195
9647
8604
6678
5957
2298
4134
6092
6832
3634
1732
7560
2545
8782
6967
784
9120
2189
9435
7556
5034
9799
2666
3438
9817
5086
826
6055
3790
102
4566
4802
4865
2334
3275
3018
5248
427
9288
2884
9123
7328
601
4896
6672
1067
1069
9266
6297
6286
9378
9079
6851
1737
8275
422
7314
3777
6808
2100
9632
3919
3051
8036
3485
8855
6971
457
8881
3667
713
3753
8332
4444
7104
81
1150
1765
9874
7391
3858
3236
381
2704
5701
669
6348
3958
7365
812
5193
7044
7556
8271
961
8746
5020
8958
672
9720
6780
1928
8331
9153
1633
9931
5757
6478
8576
8175
2729
9611
4687
8672
5806
1794
8963
4391
5929
466
7636
4852
5891
1851
141
5065
6603
4713
2272
6533
4591
4763
5014
3644
9108
1135
3220
4016
4597
2300
6169
9695
7639
7403
6308
536
5451
4306
8834
9178
3773
3454
6549
8428
442
7405
1760
3475
4190
5094
5694
4339
1563
1573
9043
9028
4342
8103
7578
2112
75
7598
6606
6695
5360
7857
5253
9232
4519
3268
4229
6604
2349
7919
410
984
9280
4717
8432
6303
3918
4788
7531
8761
584
5851
5142
4901
437
605
4056
158
9443
1193
2482
8012
5256
4627
8197
5226
6359
4475
2593
3536
5998
472
3593
2989
7403
7616
5058
7762
2575
8983
937
2941
8795
6113
7236
8209
2951
4837
4577
9247
1505
1937
9882
9939
2595
4420
6282
4029
9965
6748
858
105
9393
2429
9236
110
8366
4458
3481
4608
6628
4547
6718
8995
2663
8379
960
7357
2350
7316
6312
9333
6618
8153
986
4894
6532
4904
5255
7530
431
6571
9011
5325
9453
6994
3937
7392
4926
1502
4154
6797
5154
4300
572
7646
9504
8044
2319
2221
3871
6189
8435
8583
7889
1286
9301
7826
7904
7348
7040
7319
2273
6235
112
8782
5205
8459
4722
9158
3421
3425
520
7853
2414
7190
8905
7906
2666
5224
1684
7508
2734
7491
2068
4502
7035
5020
2303
7699
9339
4186
9833
1656
9349
7313
1975
2002
6380
9020
9197
8788
1153
902
648
7588
1081
2294
551
7811
4346
6341
500
3864
3583
8044
4193
713
3194
2383
7518
5077
1657
6864
5030
9008
9553
3041
8937
219
103
8682
4197
5983
3038
3571
3341
6166
9850
478
6124
9671
3955
4581
754
6780
6917
9515
2989
1041
2884
9954
1411
1019
2589
9416
924
6067
4200
4270
1660
6654
762
2648
8686
3210
1126
1946
3388
2535
8851
3668
8810
4607
345
6732
4323
1619
9877
5605
5372
6420
1020
5593
3620
2075
7197
2456
2285
5973
8542
2445
660
4495
680
9097
2331
6682
9887
4591
5753
1370
3097
699
5495
801
9713
9712
3323
8083
371
396
6785
3701
4839
5162
3989
9415
7899
1955
1310
9260
4280
9794
6100
9490
8695
931
3730
2050
700
5191
7142
4389
5632
9015
1094
9008
2765
7923
5741
5374
963
5238
7778
3625
2664
6279
4937
293
7963
1950
8915
5001
5081
2080
7553
2139
217
7770
1734
1110
5634
2166
7466
7466
4924
2141
2394
5553
3923
6921
1133
5993
5160
4085
130
1651
35
4724
3813
6471
4739
2171
224
9154
7621
9388
3790
4013
4387
7328
4539
1211
7859
6432
5831
8479
4801
4623
2281
8951
3431
4951
6320
4697
888
7375
7877
9704
9740
4359
1644
1331
7157
5008
8522
1338
6577
3114
7008
8398
4600
2714
6341
1204
2165
8872
8322
5542
3218
179
6294
4822
5148
6321
5482
2432
8933
711
2479
9019
4744
5906
3635
8411
9335
8335
8803
3398
7024
6525
730
3984
9646
733
7288
230
2108
8659
6670
6788
8852
956
4037
8211
2661
9947
2142
6387
6820
9378
3828
2960
3129
4793
3229
4164
3034
2142
3568
8985
1606
1402
1329
8425
2807
3404
2888
3732
6442
9652
2351
2429
1243
2574
7514
9602
2969
2440
2032
5014
8600
6722
2568
9996
1478
4209
8047
9442
6229
208
5382
6936
9703
4724
8504
9531
8872
4267
8345
2435
5717
1984
7930
8357
6874
3117
664
917
7529
4605
3126
5516
3591
9308
8383
3122
3776
2622
2093
9657
5931
985
8967
1893
1368
3201
4916
7963
5461
9534
9775
5845
1792
1851
2883
1088
4215
6141
4885
882
9947
7758
8433
9963
2099
8645
6765
9319
8893
4756
6186
29
8063
2590
6424
5079
556
6899
4905
526
4962
3209
5758
5889
1295
1896
2205
7890
1172
3858
4932
6717
9266
9118
7863
2918
4561
3328
2694
990
4400
7030
2778
2337
8902
9825
2926
9727
3943
7198
3994
4822
786
7056
9418
4248
935
2508
6669
2846
7734
9873
4329
5881
6242
1490
9068
9584
8485
7761
4686
2843
8957
1865
1826
2171
5316
8840
1883
1956
8221
4663
8427
872
6122
1832
7191
8897
395
6539
8694
8922
3857
6685
5752
3466
640
3773
4772
9935
2578
1292
4681
8051
3881
2801
3750
9437
4813
9350
8709
1831
2979
290
4673
2327
6878
8772
9881
1629
863
6568
5277
7848
1592
5322
101
2341
6095
4004
9905
4293
2334
6629
5723
3497
6791
1313
8857
8557
8852
6255
1470
814
6524
3155
7072
3705
3602
7752
532
9250
1016
4905
8293
2366
2465
7164
3124
6109
3299
523
634
9495
5371
9617
9128
7010
1739
5262
1151
6381
5150
4359
6364
3868
2828
3197
9099
7217
297
5832
5404
4947
5928
5055
8339
7230
2734
6007
8025
9415
5217
8374
6961
7321
5662
8290
7429
3681
9657
5387
5901
9794
9599
6002
7377
2534
472
5813
2775
2915
3033
584
1766
3317
741
6881
4059
2445
9315
5967
3048
5654
5211
1944
8042
9039
4683
5054
2468
4170
4342
2622
647
4817
7995
3685
9955
6319
3
766
8039
2082
164
156
676
6395
3603
8753
4064
2687
9126
3273
6678
3790
8151
9318
8378
4925
3333
3672
8330
9394
3221
7912
7264
668
3861
7490
5077
4108
1409
7373
1216
1107
3983
825
4699
6170
7012
3267
7174
712
7194
2007
645
7172
2537
979
5764
8007
7137
4788
5643
3548
5674
5568
3821
7224
3251
6431
7466
3888
2839
1302
2501
6027
461
6817
6959
6213
2094
5501
3362
5068
4546
7519
4202
3211
3843
228
8365
6561
323
9910
1788
9869
4122
5592
4785
4728
4823
8367
9624
4383
7543
9533
6187
5660
9476
3978
661
7088
2084
2113
1128
9215
7699
7300
8777
6952
7947
2541
6249
7999
9663
6627
4239
1080
4551
7653
81
2306
6902
4662
4450
8526
8423
6805
9909
3531
6774
9223
9007
5472
8875
1107
1243
229
8737
5882
503
3614
2116
5698
1099
4212
2601
3229
5226
4466
8055
5802
5200
9673
6035
5304
172
1664
2683
3058
3928
4860
72
316
51
568
4182
6089
1263
6337
3343
982
7462
5969
1619
7910
8631
4790
2308
922
5055
5149
6270
1308
6643
1296
9956
4169
218
3370
9493
1418
2135
1395
1358
1437
5715
8013
5529
5765
8297
5801
4962
8938
3995
8934
3770
8605
1891
2503
4453
1789
1219
480
1471
7055
5582
1869
1099
5694
3503
7631
6827
8927
1207
6724
3451
8127
2917
946
3336
3355
3485
9087
1375
588
7019
1568
4079
9917
9952
1260
6304
4346
8059
8028
6109
8295
500
6114
9933
4394
6961
7587
6832
2550
6203
6723
2645
9780
7099
1403
9048
9488
8382
3465
5639
4670
6568
1012
1590
3528
3860
4441
6601
9445
4905
9160
4175
375
761
3557
734
2144
6723
3115
9433
1314
6888
5075
8430
4354
9627
637
7195
8520
225
761
5809
598
4839
6405
6321
1875
4451
1235
5059
4578
3843
933
1990
7412
5634
4792
7986
2902
6009
9434
8936
8440
4146
5690
2011
6972
8535
9755
7560
9415
8281
1188
4416
2535
7565
7575
9558
2001
3632
9708
8052
7718
4188
3449
5560
7937
8706
6496
7116
9648
9911
4789
7235
9612
9948
1130
15
7910
8677
234
8560
3568
6379
9518
1319
4598
4828
63
9880
9175
8496
3289
7694
4964
4695
1879
6152
2307
9518
1457
3153
8896
5937
1983
1646
4753
8234
3353
5232
7316
503
157
6153
6248
2746
1787
9979
8309
570
6672
2044
4105
3478
7629
9686
1375
8026
3124
6330
4510
9770
1935
4533
3659
6043
3581
4875
1484
9345
1401
2544
9307
7427
8568
7606
6051
7099
7055
9792
2937
585
9007
3364
4506
759
5470
5503
1965
1992
1619
4099
4661
6745
5342
6716
5862
6185
5297
9632
2081
6309
3295
9188
909
60
3664
9019
548
9505
7934
3609
9031
3807
7423
1190
6495
4247
8239
7935
2225
2116
8009
2902
3325
5776
9601
953
5444
63
1426
5360
5763
1977
7455
4672
1328
7142
4632
8541
1840
9201
3467
1452
9426
5727
9076
2470
6812
4377
2819
3672
704
980
2377
1751
4634
9106
6238
1921
1497
5105
5745
6911
2599
8834
6557
4199
9703
6052
853
2510
1002
719
8892
7515
622
3212
4387
4278
1220
273
9776
6543
5580
5355
3991
955
5695
1908
4088
1448
217
9684
2452
9810
3681
6131
7405
6223
9542
8252
8522
5412
2439
782
1396
5131
815
7948
4431
5628
6444
4484
6616
8616
6939
2701
6552
1748
3169
5641
8978
2866
3944
9050
7295
2044
1156
1457
9459
8090
8945
9713
6395
6403
4427
754
998
559
3706
2898
8381
2939
8280
7781
2512
8422
8575
3693
9007
3416
2356
8566
3905
4291
3370
8040
1429
7041
9941
7743
9379
6765
6556
8167
6125
7886
2266
3504
8247
2029
2609
9409
9296
6791
3243
9369
892
6110
9022
2353
928
6891
6155
2654
4362
3342
7188
6834
9946
2230
4696
4834
3408
8459
3308
3458
83
1481
7623
3932
2571
5719
6698
5455
1725
5989
5450
9732
8897
181
6699
5724
6288
4079
315
486
4159
7144
5849
5501
2307
6894
3072
2845
7536
1578
3539
7414
4594
7928
6839
6745
7447
6050
2135
5327
2247
4664
9864
8073
7281
4924
3467
7634
2611
4618
3016
3825
4517
6597
2764
8763
5555
9389
5170
9013
9141
4924
2855
6951
1469
8031
4605
5067
7981
338
7102
597
3586
5876
8891
9693
7440
6618
6640
119
2172
3759
1557
2308
6480
393
436
9553
5790
9879
4673
1997
2773
7462
763
217
4265
2003
2830
3591
2610
3035
770
1589
7075
14
740
9715
1460
1361
6015
8927
7759
5923
1751
7458
1060
6952
2386
5620
9849
1617
2547
4138
7410
6860
6403
8672
7176
791
5822
5393
3561
1760
888
1875
701
632
330
9456
1984
8967
3693
3982
2112
7497
8882
4928
2709
8805
4363
7494
520
446
9705
4688
1505
1474
4595
3280
4193
4992
7136
5868
3320
3734
594
8818
9844
8617
2767
1975
7944
5662
9037
4872
292
8949
2185
2066
1462
6789
8772
5052
8317
1906
6842
3010
7750
4763
8496
9213
6421
8320
2617
4925
7970
3057
1142
2552
8189
2146
9496
4733
8223
7563
2787
5761
4783
779
1025
8299
2061
9388
7423
2731
6110
2097
392
7220
4549
5852
812
4667
8603
557
2397
2775
9242
9461
5734
56
8748
2153
9609
6837
4826
9185
7123
5325
9748
5135
3645
8143
7149
9997
7394
7797
3695
9664
248
4555
4642
8873
813
7374
2980
4234
7328
2911
2630
3190
1976
4150
2099
2640
3941
1764
3038
3669
5009
9889
1799
326
3971
7843
4745
1230
9104
3760
8051
7074
5502
8123
6785
2102
1526
1578
3302
1484
5189
4216
2312
535
4495
3814
2168
5678
8801
2653
7565
2636
2658
7807
6268
4643
36
9227
742
785
893
3999
846
6667
6397
3623
1749
7767
9211
3523
644
3942
4160
5671
5798
909
3472
3197
6511
2068
6128
7669
9196
5863
6808
9756
2696
6731
2359
1786
6489
9771
6765
4181
7029
7760
4314
1507
1508
575
3968
8349
7603
9980
7831
3024
2674
6460
4285
8173
3067
8584
5175
4415
3791
4253
3241
4988
7583
5265
286
2789
7876
8944
5349
6792
7963
6756
7960
7221
6256
7043
2490
8333
3366
4050
6524
8870
1185
7687
235
9835
9792
4525
6842
640
8266
1793
8344
1476
1892
5177
5454
4799
332
6579
6359
6202
5653
2779
6780
2414
6511
8135
3835
9701
9858
9837
9347
6461
5399
2548
159
2011
4275
2007
4253
9532
673
678
25
1206
9467
487
4298
285
8965
1434
8409
3153
6918
1850
7738
5189
339
7038
6537
3498
2538
6336
7026
8938
4664
8853
9932
9105
3527
2059
9507
5766
9032
6385
864
4903
1017
4495
1192
1746
3795
7335
8782
1536
4194
2931
5669
3883
7425
9566
4007
3265
6610
447
43
3921
7304
1919
7926
3633
8353
2556
3024
8978
8850
6022
5074
7180
897
9414
5225
9059
7305
2991
2794
4715
1694
7932
3490
3671
4622
6857
4104
7708
1663
8974
2978
9061
9306
4694
9073
3136
2356
2910
954
7045
7637
3672
5937
6647
5815
9711
324
9507
8029
6949
6065
4021
7245
1817
5845
3994
220
708
7011
8305
2660
1602
6045
5658
6436
6653
7217
5712
1060
4245
579
3955
2564
3741
8819
4701
6336
5711
9947
6919
5506
1423
2600
1380
5972
3836
5442
4091
8767
2147
1721
1890
998
9630
926
4181
2152
4362
1611
5190
4726
3494
2032
3151
7826
7639
1947
1027
303
1032
4179
1602
3163
4911
9553
1403
5878
7243
7292
8540
3661
4393
8271
9124
280
6630
8409
4202
4364
2559
1825
2903
3981
4052
2468
6158
8932
6587
1949
3179
8121
7456
7759
1273
9869
986
2274
6670
9863
1753
9287
4673
8521
8252
1162
1596
7566
4863
6675
9756
7298
7857
6553
3685
9150
3875
7492
6803
9262
4109
2445
3019
1841
9162
6036
5488
4685
5876
4270
3425
1532
3675
6217
7999
9047
5406
4045
6557
3805
6316
4080
5728
2896
3908
2838
4966
1580
8376
2340
8018
9092
4768
2927
9797
1516
6155
8086
2826
5005
3968
3801
9512
2840
1491
4580
9482
9066
4276
7372
8538
2568
449
3540
3993
968
5403
9196
8060
5835
8870
9367
7761
9595
6121
2584
6575
8060
7062
2473
8059
610
4004
8919
9079
3648
9111
3549
6501
7192
945
139
1305
2436
9266
3170
1532
3599
971
8095
9037
2944
7713
6242
337
2004
3260
6170
3292
5272
2063
48
2888
5568
2242
1148
8706
2295
9163
5911
6356
243
6299
8110
3036
6868
852
8655
1132
8185
312
9748
27
6526
2637
9497
1321
950
9405
6587
9391
6466
8842
2095
3013
6987
3615
4781
6525
5377
1121
4215
8044
8224
4708
7081
9145
1244
1306
4447
7582
2826
2934
4317
2684
4314
1295
9727
9755
2820
7200
5038
526
8510
6780
6588
5253
9863
8911
6572
1948
1123
2319
1361
353
3492
6913
8161
3731
2929
6776
3989
4693
8725
7481
8144
8562
3495
9722
265
7595
3826
2408
3303
1164
2240
8760
5065
876
6888
6293
3887
9331
5744
9192
2872
7158
5809
1878
4312
7853
2150
371
3494
6870
7520
9956
9328
3411
9818
9938
6683
7262
9459
4666
2779
4796
8509
6754
9514
2623
4353
742
8649
9414
685
5056
9969
3632
7132
3782
9044
909
9424
5518
4485
6101
206
780
8145
9329
261
3356
3416
3719
2701
762
908
180
3320
2062
4469
9010
8552
4182
686
1993
8125
3532
544
4242
4169
5975
7176
1526
2162
2317
7319
3493
178
1557
6951
8130
9599
1562
2853
4795
1858
252
5456
3287
4006
2289
3564
9368
9087
7993
1346
4608
5749
4031
5656
3424
1483
3835
8696
8044
6752
2228
1712
4346
2210
7027
6678
5145
7817
6435
3558
1310
6215
6436
4281
5289
3674
8382
5907
2646
2684
3507
1098
8816
9640
8301
2990
5344
3320
2839
5641
5683
4415
5752
8932
8713
256
9561
2819
842
6841
6808
958
8275
4016
2373
2957
846
1161
5578
3264
8831
385
1367
2936
1531
1978
1739
8405
916
5027
2703
1117
591
4418
7500
3958
86
3905
7901
3408
3576
8115
8943
9746
2254
2849
1316
1535
1482
2902
9943
693
3064
7827
2394
6002
7606
4159
7644
6467
4736
8735
8486
410
5172
942
6964
1883
8628
5417
2897
2035
6633
9482
9082
630
4260
8718
8661
5507
2913
3141
7883
7062
2501
4438
7312
6891
9238
2701
4356
9882
3865
7698
2497
8819
5701
7430
3157
6166
8887
9052
5738
9199
3696
1170
9808
7981
2585
6571
3596
510
9223
1339
3129
9961
8568
3950
2573
4823
4973
4469
2631
1566
7458
9342
7620
6172
280
9999
3873
2076
4756
2878
7771
5864
8481
1888
5650
9004
1984
6812
2396
1090
7472
747
4806
7776
88
5471
1396
7210
9888
4573
6842
4676
6368
9816
2259
4297
5552
2795
5310
8209
8095
3683
922
7378
5632
8615
4390
6502
9150
5157
4122
5237
3616
7834
6628
6991
6375
5181
7259
1784
3604
4392
8176
3504
5478
6308
7778
8590
4578
6193
3600
3320
1771
1663
649
7570
5777
156
5855
9649
9126
1049
9722
1898
8859
5579
3529
8539
6745
3868
2596
4662
9595
7931
8957
2342
5065
3558
4724
3359
6176
7747
9273
3943
4605
1046
4909
1450
3608
4385
3569
2814
5309
2254
6368
2501
8261
3026
4009
7608
9875
7919
4548
6726
3979
7241
7205
8729
3949
6386
2494
1265
5551
3285
7423
6367
728
2123
3897
4576
8361
4669
2145
5108
1206
2598
2368
8170
2482
4244
2614
8730
505
8860
6734
6766
4774
7111
5837
334
6261
8172
6836
2071
8963
3467
9846
359
3553
2996
3091
6295
6376
1858
4818
9861
374
2119
5549
9181
8134
6244
4502
6212
6942
8101
6312
9537
1586
3416
3992
1496
7302
9000
1738
9012
8864
9658
5584
8993
508
5427
4237
9779
8761
868
6600
4822
2704
8595
4924
9171
5861
3479
124
795
8614
3071
5300
1267
6577
3440
7594
7053
8419
9754
3748
8255
3082
2437
755
9409
4267
8525
588
6760
320
9191
2296
3115
1593
671
6769
6990
6083
9664
1997
4355
9015
4783
9767
4681
5049
5268
6504
9598
7328
6821
4197
1241
9877
2129
3122
4157
9221
310
9268
939
3457
4576
4596
439
5573
5887
5744
1556
2469
2403
2539
8943
4914
5143
7061
3349
5420
1031
3605
9314
8402
9103
8450
3911
694
3041
2305
4391
8076
