7261
968
7390
4032
2647
9852
50
2593
4687
7393
3109
8157
5660
7464
8492
8109
957
61
3112
5900
3706
9737
6580
3717
8117
1012
2935
5306
7235
6360
5047
4321
3041
722
5691
1561
3300
3857
3642
6602
1905
8432
5077
4554
7862
8784
4574
9068
259
3502
2164
8387
9256
6261
4892
9301
2989
8268
8093
2219
9176
6384
8312
3908
5198
3804
3875
9352
793
2580
1696
7770
6418
1426
2670
5223
7676
3415
6156
1036
1677
483
805
4116
1385
3440
4925
9982
5340
4713
1126
6445
5716
8632
6351
8041
7289
5660
8650
2946
1530
9817
4457
805
4710
5226
596
8696
1347
2337
7129
6927
3070
1151
912
8097
4495
8096
650
6980
5976
8525
6758
5972
4651
5589
4895
6659
9141
4213
7589
6587
2411
1716
7367
4319
1471
380
474
2831
5487
7970
2633
1530
3674
1607
2681
1662
4224
7911
2759
7083
4037
3838
624
8693
913
7466
9676
4280
5591
4732
2008
2470
6464
9064
1535
908
2580
3612
1909
7059
100
2574
8208
8098
3942
4093
1075
4704
1918
2793
4440
5655
4182
2991
4377
4612
1546
9037
7578
7435
9042
2820
3319
6152
9933
2107
8326
7600
7414
1551
8089
5542
86
8968
9282
7241
3510
4855
8547
8074
7022
6844
993
2812
4719
1780
692
6244
9514
8880
9854
6832
4843
5985
6565
2084
3461
6063
6815
6735
5611
9176
1129
1084
6616
1061
8228
9829
3020
8392
1132
8529
6228
8162
3478
814
5925
4802
7302
8906
6020
4760
6650
3739
3061
8055
6487
1791
1214
808
8078
4637
9511
347
1946
2794
7936
1417
808
424
7726
6549
4468
1945
7012
8577
3500
5697
4715
3788
2563
7433
5438
8841
900
6752
6724
2859
6177
3804
6794
6796
8823
2350
4812
4813
1631
20
4496
1208
8436
5544
6704
4129
5196
21
1458
9323
2966
2825
325
2518
7342
3734
7802
7014
6095
7123
1997
880
8390
6368
622
7021
2542
646
4913
9185
6542
4381
3646
2741
4283
2455
4917
4752
2043
5257
5410
164
6744
2906
3768
3653
1276
1588
9326
6308
5439
952
6579
2474
2971
14
7071
1456
8376
746
3575
7915
3945
6441
284
4373
8033
6571
1585
5942
6051
4955
3448
6482
7590
1241
6408
2268
7105
9576
604
6536
5704
9939
3691
3933
4227
2091
3743
9417
9255
6476
8580
3775
5844
6830
8143
7052
9899
1014
8825
7160
4137
4172
823
2375
4916
1768
5015
7663
2080
6790
7177
707
6927
4408
3335
7534
5363
7386
2403
8988
6817
1329
8172
9282
788
3629
9740
4190
5035
3966
9296
7193
6272
4322
9589
9032
3942
4476
3244
8098
158
1137
3449
4412
7878
1243
4686
2544
5567
3536
1231
8844
4777
9661
1186
1143
7373
6236
6821
2222
6407
5478
5883
4365
7870
7889
7092
4649
9633
7609
3224
3114
447
6781
9776
3013
899
9633
3858
8327
1450
3473
4007
3487
1651
5493
106
9426
3027
2783
559
8146
2513
7473
5917
8808
7556
9596
3129
5022
9255
1348
3585
5001
8198
9711
2914
2276
2505
3484
9159
1240
9258
4288
2638
4647
3011
43
5912
5032
5433
3769
3997
5980
47
6869
8250
1327
2985
6664
4057
154
3246
3583
7594
5974
9352
3259
8691
3291
3484
705
5505
3622
1552
3393
4602
5033
7550
2276
321
6604
8292
3167
2357
81
3988
8229
4999
8789
1903
8904
150
1666
6585
3519
3128
7442
2089
3636
6279
1646
6400
1988
3349
8341
3603
8137
1150
7432
1734
885
3593
1154
7015
196
4778
7508
4516
7780
1415
6110
2203
4385
2629
1626
9420
1145
3710
9331
4764
2718
9281
4547
6361
4570
1495
5433
4373
9196
9485
1561
3809
5760
1491
350
1463
5741
9328
2651
548
1432
5151
7471
9120
6823
2042
3942
5371
7919
9617
9740
4502
9774
4647
5004
4603
7253
8074
1591
3563
9309
2877
7217
4498
4427
3219
9829
9560
1454
6746
6312
9014
7796
818
4123
6819
7468
5497
3658
5563
8055
9924
5585
2043
6104
1227
206
4395
3242
7986
2690
4072
129
9456
8818
6237
5256
4046
4042
3357
538
4749
2592
6304
8044
1236
8854
2536
4263
7957
5977
3854
3715
1099
3591
9134
5791
5219
4253
7996
8830
5923
926
6049
75
2475
7072
8982
3885
663
9537
3276
9589
7294
8343
9093
644
4922
436
642
1018
4148
3192
7930
6217
9243
7665
1364
7480
8897
2493
5938
4227
322
2288
6362
3824
1954
9457
81
1820
8530
1198
2086
4820
63
5008
6393
3872
4727
5802
8326
6441
6408
4171
2402
4795
3335
3923
9761
630
6234
4562
9121
7679
2899
4987
3302
6451
4265
391
8019
7307
8308
5846
8834
8266
4437
5745
2880
1444
4608
2203
3896
1433
8567
9862
3178
5023
4020
9393
4184
2670
4514
911
4173
6308
8297
9171
6586
1097
7572
9415
1038
6621
7921
6220
1682
4989
8500
2220
3310
388
1192
3323
6699
1758
1299
4060
9510
6680
7989
6480
1150
2387
125
8169
5274
2824
8248
300
3658
2101
615
1765
8824
4917
1003
5845
1514
1886
9488
2102
7400
3924
2531
3743
8852
3451
3378
194
699
2905
5070
1235
3190
1642
3999
6916
9245
5437
565
9211
6697
3548
4774
6949
1764
1977
2744
1571
1760
5747
9501
4467
4032
1048
7062
874
5751
1716
6294
2556
7899
4472
1860
9966
2774
1430
284
9235
6153
2697
6163
5027
4044
1393
6644
9722
438
8444
5756
9836
2614
208
3471
4006
7564
3956
2580
9840
7447
9983
9364
718
5996
5208
6298
2486
2351
8972
1960
572
3186
6942
3622
168
567
2889
2007
1769
4707
1553
7930
8579
2433
4648
2409
5988
4527
6636
9890
3941
3529
8797
5376
8396
9633
2541
549
2750
7896
6448
9686
2177
4172
5506
6499
3615
9741
3240
4081
6726
9245
8526
7622
7597
6228
9296
9729
833
5133
2244
3763
3598
1441
164
3198
6569
2142
2970
7528
6138
6931
7109
3948
4343
5755
1352
6157
5451
83
3073
472
5909
1386
3222
3397
3613
2148
6731
7305
8497
5994
1649
6812
7230
1954
5496
8098
7146
2151
3349
4920
478
9925
3983
3132
97
8531
5107
5593
1424
6941
5976
2382
6442
5532
6685
4874
8247
2485
3374
6631
840
4123
7925
544
9673
7265
4540
9967
195
7680
4513
3655
8303
8065
1363
4091
7925
9304
2073
5258
8786
8638
4146
2648
7384
9753
7431
1786
2591
8074
4540
1341
1785
6610
5925
5811
3475
3410
8613
3851
6184
8862
722
7532
7312
2509
773
5806
9541
3711
6845
8805
5798
1627
7619
5226
8260
1780
2792
7656
4682
8040
5834
5776
3705
5237
3893
3146
8545
9896
5879
6488
844
9907
4156
1064
4901
4602
9592
119
3862
9147
9395
5420
8863
9992
3502
7832
5586
8001
5539
872
8986
2114
3643
5044
4428
2295
1098
9656
3046
4600
3636
9756
4229
645
6035
4577
1714
9471
4288
1931
9804
3472
9711
1270
1569
9368
7031
3462
2741
2805
7918
3087
7974
5598
1028
3693
2102
8508
8582
7825
7927
3990
771
7417
3205
3655
9275
491
6556
2206
1714
6462
4203
5778
4580
1044
8528
8048
2499
8712
7715
98
2716
1360
1919
1358
8120
7775
4459
8520
3102
9802
7286
6853
38
8644
9089
4621
8712
8601
5862
9436
1362
1508
4102
3061
5896
6861
6657
2371
7894
9906
5262
3166
3633
7632
3627
822
7100
1870
3230
5904
5943
7238
617
1466
4033
2274
6012
4635
8142
7967
7109
7020
2979
7456
9698
8830
6510
9970
7607
8486
355
9799
8699
5068
4450
5586
5981
2140
8852
5854
1892
1958
6803
5802
2643
8152
185
533
4428
7478
3297
4146
555
3123
4202
9848
1523
447
4778
7113
343
1101
3455
6685
6926
1840
3025
8490
6041
1793
5139
1218
1393
384
9864
7945
9625
2580
4834
3378
3459
864
7861
1269
9390
9301
842
1327
2877
3822
2192
6037
7571
4012
9885
2998
8506
5294
1267
3485
9396
5148
5293
5248
2040
9520
7624
6568
3134
7026
4575
6077
278
2415
7310
7708
2802
9669
840
7080
1907
1294
6052
2011
8801
6806
8674
2807
8149
5098
5468
7790
7408
2335
7351
2986
4063
3036
8681
8954
5958
8038
212
2809
8328
9718
6736
4572
2857
9848
871
1560
9067
1587
2522
3502
3476
512
7810
7861
8481
9385
8016
7714
7428
367
2885
2469
4456
3720
2461
2419
5349
995
806
9868
4335
3353
3664
5209
5257
4930
9324
8564
8679
129
6486
3443
737
1309
5039
5218
5987
2061
9475
4988
7649
3296
5338
2342
744
2070
3306
9288
160
4718
329
5817
3341
7532
7680
1189
245
1814
987
7310
348
4140
9084
1421
4922
3187
4080
2627
9535
7708
1226
7792
1421
6709
299
8143
9955
1643
3267
1820
9098
4042
7936
2067
3351
8292
5877
1063
1985
2329
3639
3515
8253
8089
289
1456
150
7715
8999
9004
8600
345
4695
2755
3371
9459
1035
9221
3692
7308
5323
9172
4631
428
8272
543
1649
2947
6995
4640
4322
719
7300
9295
2048
7691
6327
5297
8054
9124
360
9953
307
2616
8447
2456
9567
6077
5023
9724
313
9436
3304
8899
6123
5128
7148
7170
3551
751
1375
5590
9723
3803
6071
9006
1991
9557
4979
4947
1903
4728
9544
277
8052
6141
6582
2148
4093
4536
5866
5624
6716
62
9645
4013
2395
514
9017
9614
9060
219
4075
5916
2720
2674
6532
1084
279
7629
6537
7883
4694
4308
5771
1534
9887
2157
4737
2922
5882
6584
2433
3244
3594
6745
8909
1063
3386
189
4410
9224
3845
8602
3932
4151
53
2600
1310
7708
3780
3494
7230
684
5502
3771
2116
2799
6600
746
1170
8558
3033
721
9863
3694
4070
4862
6318
116
9484
3613
6468
7092
5414
739
9303
2730
8271
6224
5561
3172
9441
661
6548
5354
5228
722
1655
6603
7794
6586
7343
7061
5503
326
8609
8801
8374
4786
9459
6585
7254
6936
4730
662
8075
983
686
2730
3313
6863
2394
4663
3812
2844
3264
9466
5187
541
6121
1736
370
3408
5210
2227
3390
92
9938
1192
4732
2090
3120
4137
939
4560
4241
4594
2280
875
1927
3194
1199
4153
6485
1624
9695
9729
8183
6287
6855
3423
1038
5672
3116
2144
489
3546
3724
182
5823
5881
5357
9912
9
8504
2255
7866
9341
8396
1808
8004
8164
654
3534
7905
5821
4956
9751
4039
1931
8734
3644
9357
8905
4816
4772
2382
9934
1552
13
9641
6236
8694
413
2482
9186
3323
5014
5609
4529
9255
3448
4373
6139
4059
3985
8092
8935
3848
8991
5265
9489
6954
7350
3931
623
8020
4429
2094
2703
5145
2179
5769
6236
1620
2607
8091
2143
4981
4389
9586
17
7177
7348
9490
1118
8948
1468
9262
8374
3262
7869
8230
7870
1495
4874
5725
499
1560
9053
3253
7614
7192
5620
6265
9523
9591
3417
8759
3076
6795
4655
4809
7058
6132
9864
2959
1715
4462
6195
4858
6959
947
6963
5591
7012
234
1499
6422
8426
2800
9814
5029
8017
1041
8755
5710
5558
3363
749
3819
5733
7728
9816
9409
8904
4814
6951
5568
7677
2172
411
9493
8517
2395
4150
4377
1001
9814
670
4266
6711
6256
8125
4516
5387
4489
6180
8204
5721
9116
128
6537
4582
3960
6229
5407
6134
4345
9239
4217
975
5986
6711
3826
9517
1674
7834
6337
3439
3680
4918
239
8543
4700
8725
2325
7823
4659
3836
2710
2223
6038
21
1959
7963
4184
7289
7447
6544
7354
9530
2767
5407
5765
3755
5767
7882
8323
899
4193
5036
1915
9766
2167
8406
2663
708
3132
4451
3044
5310
7265
1468
8869
4338
5079
4616
1267
9176
8748
5067
8597
5508
5780
3952
4584
380
3205
1889
2012
6132
1727
8867
7547
7717
3318
5070
2279
3708
6382
2954
1454
6510
353
166
6540
9
7535
5969
5070
2310
1379
6235
7886
1227
894
5590
2544
2637
9427
8950
552
9666
2462
9735
8437
7092
3522
6414
6926
9330
3821
3016
5432
6881
2090
478
7665
5263
8146
8842
8796
216
1856
1395
793
2977
8672
7172
7872
2882
6531
1644
6490
481
3122
4862
3741
5561
172
4232
1810
7738
7199
5600
4916
7225
815
634
8342
9464
8453
2279
145
4097
9430
9288
1786
299
4606
3808
3629
9903
5050
4711
1656
2389
160
3131
1365
8391
3659
2640
5045
4887
9142
24
7782
5836
2196
3630
1537
6344
4810
4796
4242
4821
394
3133
8789
2189
6973
4301
3465
8393
8060
5516
9460
5729
4826
1201
1075
6099
7137
9179
9324
8702
6088
7683
9826
2174
7262
8685
9588
4210
6295
5630
8531
1560
5200
8503
45
1275
5759
9695
9467
7699
5004
63
3139
3435
3894
5478
219
6703
5315
5853
2203
7524
9672
869
8429
7089
369
8092
52
4139
3886
8287
5926
5951
8891
4873
2536
4953
5690
4042
4452
8033
5550
5315
121
4917
8103
4461
4288
2785
1237
2057
742
7626
5834
2834
1851
475
7857
3167
3045
4199
4389
2692
5345
1149
7872
5256
8104
7194
8561
2050
826
552
5864
1404
3146
1619
9905
8842
102
8812
1130
1908
9233
9367
5907
9294
3022
47
3937
8297
3547
6250
3871
2338
8600
55
6466
9512
6547
1091
5896
7067
7665
9355
316
4864
6570
1339
2456
2929
178
1253
8199
9809
9392
9566
1765
9293
3565
386
2678
446
2506
535
4080
3547
1150
2895
1575
8444
9243
6408
5635
7705
8812
1134
1151
3504
6845
1375
5328
9222
7015
847
2592
1364
1062
3586
3910
6691
3241
5687
2628
5939
326
1092
9197
7172
7335
5867
6177
3464
3269
2588
4422
336
2863
261
5348
7730
3463
4229
5933
7020
2089
1310
9496
3475
8905
824
905
2772
456
4658
6846
3515
1731
4355
2856
6050
3112
1838
7412
5153
7941
1237
405
228
6863
5173
1328
9978
9612
9295
7668
2425
6781
2902
2468
7887
6892
6244
1746
420
6430
7367
1673
1019
3956
8585
3751
2871
564
3053
7973
8330
2783
3109
8933
8553
2831
9377
9079
4107
7887
8049
120
8720
583
3372
7591
7583
674
9913
3109
8471
8653
3162
1977
7543
3615
8377
4205
6777
8976
8603
2888
2377
5095
2001
1337
5203
8003
9037
6604
218
9238
6177
589
3557
8537
1875
9222
5797
1280
9884
6950
7633
5196
5264
545
6370
9590
7161
4494
2938
4975
4716
8929
3471
9889
4781
7684
3958
5200
1789
4388
1307
3443
1
1319
1116
5146
6751
2101
453
2219
242
4746
8471
4636
892
9366
9857
1903
3963
7566
5456
8293
7236
6579
5858
2256
8444
3436
3463
7722
5526
7811
752
939
6342
8858
3770
75
6148
5864
6772
2501
6269
8435
5419
1571
4419
5179
2279
252
3572
4913
1486
8487
6920
851
3958
1034
1427
69
2312
2611
8539
9597
6112
1587
4788
3722
6017
3170
3447
6866
3525
4707
8305
4359
2866
8437
3351
437
4616
2994
2728
955
8551
9032
1259
6676
2686
5025
2886
2433
3598
7634
6928
85
2109
3149
8799
5020
4278
1266
8363
648
3693
7337
3668
4841
9152
6677
7342
4888
3786
2277
778
6817
9569
9676
2081
5851
1327
5931
6233
6310
7213
7304
538
8479
6155
8350
9354
7010
8013
9712
2724
1581
6192
7611
1848
2765
1690
3287
7324
2696
974
7721
9887
7206
111
5224
4142
2076
2908
4650
6992
9990
2554
5595
2636
161
8479
8938
2842
9810
8586
7583
2871
2342
8225
6668
9538
9207
1762
9408
4835
3704
778
1666
524
206
1492
816
2199
9434
5242
9955
8558
3479
3447
270
5290
1197
6797
4804
7715
4863
1217
180
375
5159
1540
8050
6230
8652
3277
2531
2553
2941
8626
388
402
9357
6230
2695
1775
3563
3004
6763
8633
6060
8073
8486
4025
7287
872
7282
8345
1597
8327
3586
6680
9107
8366
8448
5991
3614
2960
628
2177
2634
7114
3106
2104
8647
7432
4529
1242
3424
7831
8532
6259
4313
5701
8614
3579
8836
8916
7495
2928
3568
558
4621
8766
1072
9363
1865
763
4147
3549
1912
8928
6804
9684
610
9681
3312
8670
5698
8413
4960
3918
5746
4128
386
3821
499
246
5992
4006
774
475
5789
11
7322
7790
4639
5974
5106
8884
1214
330
2738
8120
6607
3351
7206
2176
4621
8860
1359
2091
4397
7174
3115
8790
8700
3863
1120
4366
3463
322
1541
9151
5063
339
4940
4283
2535
2779
3840
4199
3187
4313
199
9983
7439
5925
8644
602
2225
197
12
6376
8844
3522
3538
5991
1273
5541
449
3989
6116
6827
598
7216
7985
5400
5640
3497
2522
7080
7413
6872
8102
1328
6634
8440
311
3234
6878
1827
7663
2991
2844
744
9376
9815
107
7704
7839
1677
8251
2353
836
774
6542
7330
6417
1952
5601
2845
492
9422
2358
5594
7963
3425
9647
24
3227
8963
9993
7806
5565
1789
5043
4768
2222
8361
9337
9693
3505
6113
8241
37
1867
7574
7825
504
5210
4669
2171
6778
1491
4884
8295
562
2583
658
395
1218
7777
4604
7209
8081
9646
7331
2661
5907
3386
6075
546
9818
7683
6567
4136
2006
9580
6160
2452
1784
4704
3317
3483
932
6161
827
636
676
8172
7749
2914
4986
5595
7440
6210
4782
2631
9925
2263
6405
7719
5233
1176
530
6105
6242
4947
9206
5564
4231
3864
3684
9944
4954
9061
1951
9723
6362
1225
4212
5344
5040
2534
4916
6526
3107
8264
7386
8394
1351
8829
555
6026
8033
6256
347
6680
5653
9334
6939
4783
5344
5412
6768
5604
178
9595
7520
9892
8147
1314
5478
230
9606
7230
5845
301
1722
5791
5384
5197
5485
4682
5656
4727
4636
9343
4919
3026
4166
3798
4137
1224
5070
875
4466
5882
9807
4067
6538
2865
8026
5866
4941
3122
7002
7099
1024
4381
2233
3131
5294
5731
5563
6674
6048
849
3016
6775
6138
6445
920
4518
8466
748
8870
49
8540
5501
9255
5217
2337
8246
2420
5863
879
8345
610
3139
2249
8018
2099
5984
2750
9200
3814
7098
3543
4173
649
6941
9082
3676
1694
7499
3292
8238
1868
9449
6099
1089
5100
8584
3210
1094
8948
3691
6253
2589
5937
5097
4772
847
5197
657
8125
1032
6912
5557
7282
111
2466
5557
6985
2275
5294
600
3162
5603
6691
7129
91
5562
6772
9084
568
9270
3055
5596
766
964
891
8610
1398
4745
4234
7268
9935
159
30
2807
6468
6090
7960
5138
3117
6246
3035
9282
6689
2319
1327
7203
3912
9228
3010
7506
5359
6137
9161
9100
7189
6784
2772
481
6898
6692
9503
5451
1768
9337
6836
3669
7809
5971
7246
7786
3383
5641
5993
1532
531
4934
6933
5789
5038
252
730
9949
9283
8565
6277
4656
4757
7319
5696
3243
7964
4083
2959
6043
9707
331
7142
8386
5021
5261
6281
4736
8670
5601
6300
1098
6310
59
3769
6521
64
3597
1503
9073
5337
8396
5447
1452
9555
7052
9330
691
3481
4443
4303
2312
6925
2136
7673
2931
333
7070
9276
8407
6021
176
2424
720
7805
9971
862
4908
4179
6754
311
6403
5732
9218
836
148
2771
291
4544
9741
3980
9600
4962
1878
7010
419
607
4107
1700
616
1084
3109
4015
3836
3217
5556
6365
753
9080
3082
4747
6529
1093
5622
3736
9437
8864
6124
7017
5073
9293
814
2233
613
4077
5353
4334
3650
4301
1967
1895
4255
1372
1756
1713
456
411
9303
3081
3994
9821
5271
3915
7197
2685
3151
3833
8750
2878
6008
1336
8296
6013
3465
1397
4335
5220
9317
6932
6793
5432
2306
9784
9992
7009
2193
2607
6344
698
527
4581
3730
9934
1783
3577
1611
6147
6193
2156
2700
6819
8363
2389
4734
4788
9603
3218
6258
2281
5198
7242
4394
5074
120
9837
2631
9759
6824
2956
8048
8274
1679
9237
3292
6609
3710
8279
3549
2475
8065
6996
4393
6178
5899
2692
5510
4246
9375
8390
4049
7987
2360
6290
426
6209
8678
2873
9472
7721
4549
8094
549
6839
1964
5230
4701
6858
5327
4266
5849
7113
8162
8774
5114
4304
8058
313
5044
4712
4513
4261
4673
8740
5334
5745
4686
2583
2255
9633
9110
5731
604
151
4825
4765
1961
1603
2553
5068
736
5526
9777
5793
2984
1844
227
7888
7966
1160
9228
5436
1646
3745
8549
3168
3502
6122
6889
6986
5303
3704
4558
6674
5873
3884
8386
1608
331
4952
3972
6924
7379
4078
3707
8119
1672
8468
2327
6855
5289
2724
2066
8551
4953
9840
4594
525
8434
3795
7327
2764
9059
1858
8987
4586
3288
6625
835
1436
4036
9106
2241
1518
974
1048
9514
4239
4485
7449
6859
5192
6848
3122
5435
1693
551
3093
4060
2780
8280
510
2516
7587
9991
1043
7683
8670
4645
5385
2272
5613
1595
7603
9204
9700
8387
9142
1922
9261
3091
216
3090
6312
8808
1590
1769
9234
1979
8325
8903
7523
2642
8064
8348
8433
9205
896
8023
867
7083
6330
9437
2400
9842
1057
403
2517
4503
4029
6392
5349
8263
3588
7681
1930
2019
1572
7170
5706
4841
7010
5430
5494
9781
5485
3516
3548
5716
4796
3918
7036
7408
454
4814
6135
5485
4608
4512
6819
9742
7376
7246
9675
7621
7153
5372
9251
7062
7967
8377
2426
5126
9042
1406
6088
2549
5016
6102
7383
533
9147
9082
1822
6886
4337
6056
5815
3952
8370
2687
4482
876
1237
9882
6531
7136
5443
8615
6135
8916
4269
1922
4548
9509
8136
3970
3982
9478
6966
3968
613
30
2961
304
4300
4835
4401
8494
4197
8304
8925
5046
7991
9541
574
383
6113
3628
2142
1621
921
3907
2912
1745
8493
8395
4041
7368
1835
1772
7003
6541
9628
5795
4851
6851
6363
3625
8121
8787
1827
4625
8388
567
5974
3229
9968
7457
5578
5485
1799
9706
9421
6406
6460
2635
1690
9995
3800
1489
3172
8155
8667
8513
5551
790
6676
3384
5662
9645
1324
6253
5126
5717
2636
4262
1458
7624
9151
9076
8784
8968
8849
7644
6440
7808
5655
242
9037
1738
1577
8468
8764
1158
9274
3184
7330
1198
1768
4547
2106
9459
3519
8976
8579
3858
760
5881
2783
473
3790
8604
1832
2737
6161
3181
3646
8791
9107
5164
4396
2714
1312
2659
7528
1267
91
4063
6120
92
2644
360
674
5439
1878
3006
7324
1036
972
3986
4531
5046
4163
9406
2695
5258
9946
9698
1026
3021
2694
3596
3385
1570
7810
8803
6587
9669
8020
1520
9271
3030
587
4106
8859
7541
2436
3644
5623
3782
6796
6293
2047
5937
1776
8812
4879
442
4064
7678
2937
7800
4242
1110
266
5555
4306
7223
4778
1695
6263
5129
66
3712
8241
7501
6648
9144
4542
3455
2070
9828
6189
2551
6809
6352
1178
3404
9781
9666
6359
7894
7606
1562
4139
3950
5185
2196
3060
1668
6265
5222
3673
797
2605
9788
2314
9175
2078
798
8745
6954
8111
4075
8929
4492
8213
7733
8772
1761
8478
9464
7779
4478
6766
7368
8663
2504
4692
8470
7021
7838
4075
574
3901
2896
6908
5921
235
4074
1217
8970
9814
7313
5876
5438
4367
344
7958
9925
5060
2175
6668
8304
5545
7817
7924
9734
984
537
9781
5439
8031
2792
7268
108
2536
2950
6451
8864
3271
8075
3588
4463
7804
8104
8379
1122
6488
6286
9921
1924
4700
8778
6485
5245
1804
2748
1101
2856
3011
1059
3690
4850
3409
7752
3433
7282
5679
7779
5110
9807
1714
1629
5803
5027
3294
7059
5639
10
8402
9763
9097
326
129
8039
8619
7011
5265
3051
9276
2050
9628
2556
1686
4836
1892
9887
8590
5540
1092
1627
1817
3202
3009
2261
4155
5736
5135
5558
9259
7130
2384
4331
6851
3903
1111
8264
2260
8566
3035
8409
5062
4951
1751
2791
5068
3944
7838
4932
7830
9384
7275
6675
2048
268
871
6103
8
867
9812
7686
1181
7239
1094
2585
643
3171
8657
8531
9938
6700
1790
4971
1086
397
1911
8376
7426
6147
321
4057
5126
4305
2154
9422
2431
8865
5720
166
5093
840
465
1237
5600
293
1656
6290
1131
550
6901
4267
59
9942
2670
261
3897
7063
4065
7332
8491
7704
9540
754
8465
7155
5347
3696
3946
8038
4216
3527
8663
5115
3881
9113
5751
2518
8203
4457
7282
7403
5557
8612
9874
426
3743
9802
4283
9784
6873
6589
2138
8779
8120
229
6859
9841
9115
4941
7429
4462
6332
1133
6305
8400
9986
6565
344
4784
6338
3091
7898
3432
342
5026
1674
5851
5382
7151
1110
7397
2963
6137
7525
433
675
1364
7274
2641
9110
6537
9429
2621
839
8414
4392
1995
110
4925
2150
215
2418
5844
343
3887
3164
2841
5657
4206
5782
7528
1585
6627
8962
7978
591
13
6376
7683
8831
1653
4871
7401
4012
9592
5501
1084
9711
6432
7762
4022
2469
1806
7582
1616
9342
85
1082
1486
3298
2246
1284
9448
3262
1828
3404
7270
6124
1107
5307
3592
1537
5058
8244
1743
1279
850
8386
8587
8379
5730
6417
2962
8825
5641
1881
2122
6483
2207
3285
7523
6585
8615
5074
3476
2354
2669
2563
160
7360
8
9601
2309
6737
7981
5183
929
3714
3392
4827
33
1823
247
5217
9479
9350
5996
586
1127
8041
6335
2241
4958
4929
6134
566
8976
272
9554
1468
28
8847
2144
5645
2734
342
8040
893
5602
2762
7173
8203
3632
2864
193
8980
472
7696
4157
8690
9866
9045
7434
162
9298
9824
7783
8691
8111
9164
1447
1082
2319
621
7854
7427
8009
8722
1272
1186
38
5129
7510
8263
5116
5345
3157
9775
5577
5579
61
1255
1432
2826
7508
588
2051
9881
6444
4462
5958
4747
2384
9715
8715
1870
6246
1895
6648
5481
5088
7041
5825
260
4853
6785
8714
3735
6888
4566
174
3019
370
9244
533
460
7809
9746
9109
2672
4699
4618
8680
1777
6736
3305
8022
4150
9340
7214
8079
4560
8086
8223
2231
1056
5529
6319
4398
4518
7964
1709
6827
6340
3951
5654
4788
6641
9876
2217
1325
5193
1080
1835
8891
4113
5869
881
7331
7737
9701
7627
4403
8794
9469
6449
2381
479
1732
852
5804
2145
1014
2711
8052
1978
4601
919
9642
5434
7923
4485
8029
6536
5558
965
9888
128
5433
4303
7190
2939
2949
7570
200
7516
5449
1128
1525
5751
2362
4837
9015
7596
8538
2713
2926
7105
4019
2133
1291
1534
7345
90
987
3777
4073
2781
6142
2705
2170
8710
5171
5488
7407
8744
2210
4074
2429
8443
9237
9498
6895
2517
2964
4332
9388
9879
9484
6189
8370
1539
8507
9630
3633
5372
346
6424
5126
7862
2775
8233
8642
9020
5326
5132
391
6432
5172
7111
8111
9340
3824
1198
8200
2776
2454
373
2320
7285
6625
4242
7672
8022
2605
97
6472
5998
8318
4897
9056
3396
4816
187
2070
3475
8748
7235
2577
2430
8483
696
8561
1681
5130
5445
9208
8882
98
6010
9273
1702
2499
6004
9036
3281
6181
9273
715
3957
4859
4992
204
4843
5452
5356
1915
544
6367
1354
4418
8166
1842
6448
8488
8604
5911
8885
5140
6456
7228
479
4541
8656
2518
2888
3408
9112
121
6874
4172
3573
1894
4489
941
6736
4177
64
6147
5574
157
2819
5358
1597
3351
6403
1256
1169
780
3841
271
5389
3720
4010
5422
9781
204
192
1704
1263
3019
1657
7952
2578
7905
208
7639
102
2864
3626
7219
9979
4681
8467
7544
774
372
4103
7509
5206
9947
7900
4846
9173
8681
5436
2546
2810
5786
7617
9992
5339
3215
3385
4427
3023
4594
8281
1215
5633
928
7214
9422
49
3527
910
708
5653
8253
5597
7187
6205
9722
5740
4772
9940
9924
6956
8843
9394
453
6528
5685
8334
9851
2927
4913
9137
8364
9337
4200
6870
2051
9137
7706
6541
4203
7897
9783
4815
4519
8684
9206
5723
8748
2180
8757
9967
3484
667
6430
835
5520
1199
3859
335
4641
9599
9702
7724
4947
4066
1447
4664
4462
2695
3418
3891
4266
3734
4372
3127
1862
8405
7234
4756
8165
5847
806
4425
8278
624
6607
2719
95
5187
6340
6431
2549
9468
8621
1860
4267
9369
3711
4491
4676
4099
7857
3847
6854
395
8383
2433
3901
6191
4203
7804
9401
5835
282
2358
9862
188
6946
171
7174
6145
7278
5284
4253
7130
2188
4429
200
1106
6756
2083
8426
6745
4517
8732
9221
810
6109
4257
4210
9852
8196
390
2237
6131
5574
5259
271
3142
5147
3771
6473
8459
3365
3185
2907
2095
6806
4954
6926
3778
4155
8517
3172
8942
3720
3591
9850
8888
3745
4460
2694
5456
7075
8904
2259
9523
2365
6699
6023
96
8910
9730
1229
2583
5820
5706
4467
9708
3390
5328
6658
6939
3847
7140
2389
6358
3248
5388
4921
90
4784
1797
3488
6288
8250
8484
8721
6575
8467
2138
431
8526
1887
7094
5252
5831
6343
4980
555
1031
7337
9779
2071
179
2045
1716
1442
2516
9471
7311
5942
6835
845
3024
7362
5567
1662
7006
2602
1243
5021
2620
2206
4725
7282
5673
3012
7985
4699
8082
276
3732
8140
2791
5521
9548
9952
1130
5231
3757
1770
5667
1445
7174
5309
9073
6593
4498
6020
1452
4130
5211
478
4054
246
7353
4010
7232
1040
8359
6619
104
1077
5574
7769
4095
8500
4315
532
3289
128
5204
2997
8238
8907
7481
7106
6013
5296
8541
8366
5904
3341
2643
9323
4971
5531
9261
6861
7406
9532
6863
6172
1162
176
5154
469
3248
5988
2341
6334
5717
1336
6606
6740
6034
2490
7326
2723
8023
3156
9955
8673
8415
1855
1639
5335
5279
4755
6581
7325
8297
4332
987
1025
4445
6106
4539
5780
8702
2933
4140
7361
4402
1835
7294
2523
8532
4664
6747
1057
6916
9905
7624
465
3021
3101
9883
7703
7143
1984
3126
3023
7075
1941
1377
3247
1716
5303
8086
4042
6461
1036
8150
8114
2981
5807
5609
3213
6647
1880
9219
5555
3670
4266
5041
7409
8734
233
6051
9917
7798
4646
1236
1447
801
9369
1444
9224
4579
7850
6807
5002
3105
7660
2918
6564
5585
934
8387
1312
5665
3182
665
1082
7459
8244
3682
4999
1110
6969
4467
1520
1664
4027
9826
8650
4551
4318
7448
659
9423
296
1744
6202
2173
5992
1439
5947
1914
5188
8430
8391
5908
4639
6067
8076
3038
6563
5486
6438
6200
9760
111
2625
1817
7377
5109
2250
4808
199
8976
4673
1771
6420
1832
9997
8438
9094
3239
8364
1381
1551
9473
581
1477
3181
1028
3196
5628
2522
3434
6321
6137
2882
2283
2246
5222
4412
1344
2091
7930
5128
6242
4056
8091
6147
1825
230
6608
9786
7776
8618
2181
1801
9934
47
9560
7086
7552
8191
4160
9950
5817
286
3453
275
6859
5619
2730
146
9671
6163
3999
5765
6833
9324
8643
5241
2831
9435
2255
9014
1952
2570
8622
8246
6873
4266
4032
6804
9115
7976
3774
4147
7664
687
1623
2312
2612
9099
2025
7381
1568
4165
4812
1474
7521
2800
3320
9242
1031
6622
950
5343
6106
5599
548
6283
1575
1288
9762
6085
5480
8812
458
5404
8562
8250
1645
8115
6120
5010
743
4729
1197
4453
6180
2388
2822
872
6765
1145
2765
7364
9627
8586
6946
302
2908
9484
2492
6462
3906
6148
4109
6510
8457
4222
2228
7041
9297
4826
1692
5693
8889
5235
5218
6054
4621
9677
8484
25
950
491
2276
4465
608
1722
7212
7818
121
5517
4411
7024
2372
9205
5773
2978
8877
861
1529
6233
3032
5120
9876
1279
8722
1335
548
5694
937
9731
4559
5638
7032
8899
1233
5513
3402
6019
3899
8391
9647
1889
8633
7074
1516
7869
9596
5501
5789
6716
3494
9782
1606
2489
1797
6668
7591
5017
4038
2719
7245
7705
7051
4563
2901
790
3735
9136
7276
9977
2405
8394
2242
4285
5721
1495
6893
9310
6766
8002
8794
6256
4239
9372
8814
4905
5857
4937
938
4316
1181
7278
1021
1459
908
9525
5427
4888
3098
3674
3484
6880
5709
3750
4119
1077
4671
8373
9821
9774
8263
8694
4986
1725
4823
9614
4197
3412
8382
8058
3665
5957
2956
2623
7053
277
8886
9183
2038
1981
9408
6315
3676
3469
7463
9823
3905
5964
7489
5759
174
5728
315
5116
3728
4886
4322
9346
7199
3695
2030
4177
1792
5144
6296
1606
64
6676
1757
838
6992
9816
4506
8295
1617
3570
2951
3242
693
3143
6400
2472
4292
3608
1166
3800
2704
6816
3829
8011
9312
2573
7334
5732
5993
7032
9045
3783
5243
8530
7093
7037
647
7773
3167
7857
1087
5557
1249
1947
6885
4121
7555
9606
7237
3370
5573
9087
3967
7566
5780
6124
6716
1121
3771
6951
6386
9002
3126
1174
2146
5109
8578
3065
7055
1506
4272
9279
3433
5705
2425
3524
2951
5431
3579
8763
4739
5226
4258
4804
3952
3878
3394
2715
1030
833
7600
3005
3774
1777
4912
8151
8393
9776
120
2669
2666
4649
1140
467
8612
5378
9715
11
1566
9621
3567
6412
5860
3837
9210
1452
5511
8522
3555
618
6916
9232
3832
2202
2017
530
1910
9294
9443
4023
2379
5869
5262
374
3485
402
9524
9524
259
9092
9199
6327
1105
509
1689
1093
5825
4362
952
9582
748
3086
6840
9347
1193
7251
5232
2129
9484
4894
2630
7102
2336
5694
3038
9199
6767
561
5245
1827
5405
2706
605
2160
9605
3234
4761
8248
5483
2898
872
6775
9025
1083
6342
7820
8629
2011
2334
8594
6599
6189
1860
1577
6089
7939
9454
7574
8719
642
1203
7396
6869
3001
5356
8661
6624
463
1799
8393
7549
4281
6698
7705
7605
9189
3764
1345
8466
3927
2767
1416
8763
8365
6706
2717
8347
6336
819
9904
2176
4762
9193
3993
6928
3806
928
3785
3717
9240
7174
9228
5577
1970
786
2104
8285
3952
3172
7140
6387
2762
6999
5608
3771
1411
6499
1917
9738
4266
5168
528
9815
6413
3397
5400
4592
4036
3229
8625
1641
1985
2411
4293
7412
6098
2117
1415
2828
8144
5403
7419
4539
4072
3483
8261
7356
5092
4349
4908
8107
2821
361
7243
5064
8478
6233
1428
9338
2976
2872
5905
960
3166
9098
8265
435
1980
2245
7307
1223
3817
8653
9529
7008
5462
5918
5076
6097
9058
6290
6704
6560
8115
3218
1140
5862
4723
5753
1009
1762
197
6052
3709
13
2834
6086
586
5288
4325
6856
5527
8033
5855
9886
83
7333
6503
1572
6809
7535
5330
1047
2269
8463
6843
7184
9057
6486
9039
1803
52
9085
1943
5766
2744
8165
739
3749
6814
7336
6944
9330
5040
4335
6085
2273
299
6638
7920
9778
39
9434
1192
1408
2981
8106
126
1846
6676
4795
8997
7489
6143
7581
8507
2225
7078
59
2707
3337
7480
4968
4257
37
8858
6677
5185
5083
6279
2991
7140
7963
2451
5301
6472
4448
8829
8327
82
984
6129
8617
3387
1184
1544
2567
9828
7129
4765
6099
5847
7991
1836
1850
1260
2119
152
9861
2437
672
361
3004
407
4211
7841
820
2053
4189
986
4872
1162
9771
3438
2021
5939
8428
9377
1664
7623
914
991
2995
4260
1682
1006
4276
9751
4748
4656
2294
1399
4740
7415
328
9374
8174
228
5724
1829
5801
2815
4755
4203
498
3965
723
338
8825
1888
6554
8439
80
9361
2412
2492
496
7778
697
8419
9350
3747
3130
8953
4635
1524
6265
4252
7697
6754
1040
8715
8729
5727
8778
1480
7457
5010
7382
9532
4730
4472
4379
7704
6680
4758
6869
7876
3859
7693
5276
7446
2379
3832
7653
6624
1864
996
9026
5222
6495
2380
21
8570
8528
7249
1699
1894
4812
4658
6035
5510
4933
9070
1269
4831
5181
7043
1967
6832
9872
8529
1059
9667
2798
7345
1628
6096
9824
1067
7127
9327
3900
2569
7151
887
2212
5686
7376
9864
1048
2225
4653
7841
940
9812
926
2015
2308
924
9521
7348
8699
7444
6208
1775
5299
4514
3875
7117
7623
9646
4012
7515
8365
4923
4481
2919
2311
7827
6151
4227
4520
499
4953
2692
5684
7904
2632
6669
1552
3012
4316
4611
6536
2985
1625
77
1759
7825
8765
1371
1009
6976
453
9871
2213
694
7808
6924
798
1613
7211
5561
6400
2283
3035
6130
4704
9700
6201
3212
2549
5056
5287
3635
3866
6388
3521
4658
4901
6160
2351
7789
1969
1044
9127
9230
3672
7024
5711
2619
5373
4406
7776
689
4853
9550
3750
3311
4341
2262
3523
2017
535
8820
6804
8678
5366
2474
9132
801
1961
1652
9356
4777
8269
9744
6964
8397
1098
4571
5730
2744
4663
6244
4441
9244
6602
9727
9422
78
7000
9273
4348
7710
6074
5507
6135
9666
4912
637
5629
5982
6912
928
3801
5762
711
535
6977
3855
3664
6699
8687
9367
386
6106
6876
2016
3251
9188
6888
9621
4235
3617
4199
9226
6755
2114
2917
7289
6700
5442
7578
6958
924
697
1433
587
340
5918
8674
1449
3165
2293
2151
9660
4768
2092
6380
9473
7828
9150
3479
8838
1506
9379
39
4614
9157
3269
5602
9569
9838
1902
8534
532
2211
3267
9312
361
5255
1943
7131
3838
2421
125
177
1338
3990
2863
9501
6642
2434
2564
7552
9639
8051
3201
6322
5848
8197
2831
3569
748
6217
2116
3893
6308
6937
49
2740
5441
8998
1592
9713
7218
4797
9559
2990
4183
1480
6629
2051
