1591
3934
2383
7043
5872
8936
6181
1817
1786
9372
667
4602
3298
4399
2117
7676
1100
3206
3307
6860
746
6961
7240
7319
1974
3496
5214
1733
226
6701
8459
287
7241
96
4688
8529
4609
8465
8019
5419
2784
704
8739
5953
6360
7585
2931
9971
2961
5532
6438
2215
8577
1136
821
9585
3178
8407
5615
7476
6912
1429
8622
3699
3461
5658
9666
7392
4291
4919
252
4118
5990
2605
249
1826
2292
1681
8185
7676
73
5307
6395
1748
4371
8862
3463
215
6246
9346
1239
6784
4669
2157
8099
123
7983
2704
5911
7189
2170
8477
2931
2703
5982
1431
6832
4529
7848
4690
9562
3532
5577
9465
8286
9448
8627
3774
3089
3596
2352
8124
6954
4427
3182
4712
3789
5979
6395
8982
4789
5122
6345
4056
6077
8441
3918
6417
9596
3186
4122
5768
3339
486
2454
3672
4467
2679
8614
9588
8824
868
6186
3432
9340
9787
983
1082
4209
6664
9885
2351
9887
412
5348
3835
302
4889
4984
1264
6689
9018
3166
6759
527
7919
162
9229
8159
3333
2895
9572
9343
4756
7177
5563
8065
7427
7675
3736
9459
1462
4408
7473
4905
6519
2192
1018
8282
371
657
6504
227
6539
6615
5828
3131
7866
9154
3372
181
8598
6898
1683
1915
6080
2210
7160
6590
3430
1646
245
231
6536
3234
9646
3688
6727
3200
7209
1476
7161
6333
9629
8999
1562
713
4882
1171
8476
4954
6568
9561
2095
1220
244
5024
6603
5191
197
6037
2282
3332
7205
5664
7955
2669
3851
3278
8177
9545
6557
9456
7106
9296
6946
7952
5931
7801
9909
7835
169
6462
3222
4559
9090
6504
9643
2626
2874
3533
1684
9212
4098
8562
4332
8355
5498
1038
7979
6417
71
8030
2697
3668
9008
6398
2380
5089
7298
2442
1586
5270
3620
5713
1258
2027
7620
9171
5517
5508
3568
7015
2778
5078
513
4748
5967
8339
5682
970
7748
9764
4926
2819
5041
2850
6919
1387
5039
8800
8339
3073
5964
6745
7617
4441
3096
8129
5450
6424
1597
1707
4994
2619
7691
4327
4573
4324
7473
6933
3678
3171
2152
2507
1291
2765
697
62
9260
4523
5743
3664
8307
993
7319
8503
629
457
7524
7526
9286
4939
2159
6602
3875
4444
4107
9059
3865
4817
6214
1309
9859
2446
4252
4218
5856
5087
8438
2446
6131
6433
8672
6566
7668
7710
3783
1637
4132
8004
2017
1901
9022
3297
4727
4902
4648
5133
5165
1663
9417
1556
7427
6222
6308
8031
1556
517
5155
9245
59
691
9343
2499
6437
6692
9547
6797
4193
951
5873
3344
5828
6138
7748
8094
4730
5011
389
2260
2135
8749
5136
6899
4667
8365
9590
5225
8083
9745
3126
812
268
5716
3221
5939
7571
5968
2493
6801
552
2896
6785
7135
4593
8433
1390
1092
8651
7045
5420
9043
4059
6179
7604
5058
9746
1390
6317
1346
4271
5552
31
4592
4782
2467
9192
7783
7438
5133
4636
6095
640
5093
7831
4758
9228
8870
5998
57
7246
7007
8036
6384
797
1716
3576
5059
892
852
4972
3917
3962
3336
2640
8684
6004
1749
6557
8369
3450
2958
9998
2298
7310
8442
1448
6137
4584
6525
890
7921
3607
5301
5839
6397
2227
2548
672
7565
5678
9956
8647
5885
3833
4348
367
9556
4338
126
6919
3846
7226
5706
8069
5398
2389
2834
3735
1612
3339
2331
5924
1039
2235
717
7425
5631
703
5847
1184
4401
6075
5090
515
8488
8015
8240
4558
9004
6956
8657
9515
5962
3891
1474
8246
3816
7273
4386
3129
2035
5863
9522
34
4839
3901
3209
5871
5066
1575
9601
4476
69
9911
8514
7380
3024
9746
456
7251
3065
5847
787
1964
625
9129
3979
5654
6739
830
6270
3473
194
9105
5256
247
9630
9634
9326
8557
5330
2492
4727
8984
5965
9047
9079
2317
7579
8212
5480
6737
1871
1558
2584
31
575
8912
7450
6536
9404
9529
4841
8036
2941
7804
7232
7494
1783
7788
5743
4206
5995
8757
4747
7272
8460
3950
1045
5522
5227
8778
4805
9067
7809
5277
9427
5639
5880
3340
4721
3023
4774
7581
9240
1701
6407
8238
1358
1845
7910
2129
2481
4503
1849
7589
275
6096
2406
8640
5394
5064
9205
5704
8994
2599
979
6609
8697
5657
1375
3968
1862
1249
8982
2830
9935
8441
982
4425
8886
1943
2656
9220
4360
4683
5951
6671
1186
597
9312
9329
6528
1251
2141
1
8115
9416
7546
6037
8909
5288
986
8081
460
4240
7630
7377
8977
9923
444
8626
9437
2927
169
6010
3079
9647
6147
8792
9004
1481
4717
7894
8771
7382
487
8027
8028
8978
9977
3085
1204
3177
7100
2803
215
9922
4229
7465
1907
5624
5199
1597
4997
323
4036
4022
7411
9046
119
9812
2389
6465
1057
8226
4608
2230
3959
5208
577
5817
4516
3757
9986
1120
2360
8858
12
6730
300
6346
425
6780
2497
6189
6292
5238
7941
5500
7792
1540
1073
5558
3778
5649
4321
5529
9067
5254
992
8621
7750
4048
7152
26
6043
4544
8275
3225
9293
9740
2090
872
1302
9266
2647
4359
2957
4460
9376
9808
5249
2495
323
9348
1013
2781
8896
3088
5848
9083
5688
7534
9743
1341
3984
6711
6802
4893
5426
2390
5216
7115
6368
1192
8767
5598
3845
8464
1364
6585
4202
5431
267
7321
6738
1008
948
2474
1619
4681
4186
8248
5233
910
8881
7939
5497
1352
5548
7373
4007
5427
8344
4365
3652
4989
3128
1398
4063
2313
5437
4801
2247
8580
4226
7318
1330
3007
7090
7770
4141
8122
2870
3426
4225
5586
143
8790
7118
3362
5068
465
6919
389
1289
5269
5113
3883
2868
1915
7913
8281
4173
1928
1177
1995
4297
8331
1399
789
6643
2722
1667
9847
4048
173
538
6942
4717
1546
35
631
2023
943
2374
8639
3191
1559
4068
1798
6632
8435
3143
2403
7686
9666
471
4816
4565
2971
8069
213
5115
855
6360
3458
3371
1276
5265
9302
3935
9555
4653
2717
5745
6059
1624
8023
5382
4679
9528
1715
8679
3794
7773
2826
7134
3491
9058
9944
6138
6475
544
9204
318
6747
7248
145
8044
5363
2315
6942
1641
8021
656
1480
2349
7576
9984
1279
5594
6297
3258
4389
583
6955
6734
9779
4104
3647
6720
1654
6187
6127
5643
5558
9473
7156
6432
5752
8502
2903
9498
4953
9648
6916
7006
5594
8688
2987
2852
7756
5112
3729
3484
9233
1802
1171
912
3602
4824
7322
4693
574
4093
7962
1356
9903
2870
9844
5563
7145
5295
220
99
1532
7974
7060
1261
6985
8910
5863
550
3074
3
5747
6709
7033
276
2141
1349
522
9250
4088
3539
4453
7459
7984
134
5763
5235
4657
8629
4170
1352
2661
9577
7419
6417
8490
7057
4905
7211
3393
2764
3156
1647
7075
4279
6595
1770
9758
4786
6496
9562
3469
5777
8046
3474
2422
6332
2885
2827
4061
1235
5486
408
7670
6402
410
3604
5512
7133
9100
490
5756
8024
6087
8512
9621
5302
6178
5584
3497
7068
8921
1652
3069
4816
7037
2846
3440
1379
4971
3522
1470
8201
8233
7153
6068
4369
9725
5491
5939
3845
9688
3551
8093
5616
7391
1002
6861
7030
491
2794
451
8005
5334
4261
2477
8662
134
6251
6593
1456
4311
1821
4438
3881
6992
9080
7827
4586
39
1474
1599
9550
9888
3264
1736
1590
2320
2961
8735
636
1537
9787
9712
2226
1070
5696
4895
7223
1550
9836
1982
4661
829
4126
235
810
2918
6288
7814
4224
3485
4405
2896
6363
6280
6207
1552
847
4270
8010
4975
6348
3384
4456
3171
3239
6468
7129
1032
3430
3544
534
8906
9751
8035
1659
5344
3885
3119
3919
9682
5064
3203
4577
2891
7681
4629
6224
665
3327
204
1719
9073
3032
660
4852
8896
9960
4923
4548
716
8919
6520
6652
6922
1658
9723
6342
1800
7352
5615
6326
7018
6103
268
2200
962
3539
4170
6281
600
8970
3968
9438
681
6199
6378
6036
6332
2808
5096
2693
288
2574
8371
4756
5937
4930
3594
4325
5833
2734
5483
1868
3587
9471
2174
9264
458
5029
9355
9404
3136
1380
5788
8194
5820
5978
7260
9388
7035
7549
8415
8464
7846
5520
3131
8175
820
2194
9268
7067
6854
6980
1174
3203
8000
1493
2923
8124
7688
8908
6284
5693
6775
4720
7780
2487
4700
3399
6513
9983
7920
5306
4387
3738
6036
2497
2535
3572
3286
416
509
1820
7811
1437
1892
6320
9366
5037
9144
8528
8670
9499
3074
5714
4910
9444
9294
5793
62
1362
3146
4802
5583
6546
9450
5766
1740
2516
4168
69
4652
543
9016
5213
7779
8334
4330
2374
3720
3483
6057
4081
4402
1606
5728
9949
1323
7475
6492
7029
423
7421
9693
9817
6781
298
9974
6040
6148
4013
8884
1031
9385
3874
9851
9744
9564
9978
5051
5546
2379
7875
2161
1729
4822
8962
778
50
1970
8112
9891
22
5593
6687
3773
3320
4446
5703
8684
3092
1598
1169
7518
6525
4242
1823
2888
2571
7649
1685
1163
880
130
4617
6486
9750
3184
979
7893
9926
3958
5280
6135
3223
4409
297
9806
6370
1877
8539
896
7534
7984
3779
5098
1132
9962
4408
7667
3553
2102
8500
7710
7451
3458
1888
90
6050
7106
9500
2900
6605
9196
7128
5020
2558
8380
4833
7413
427
3159
2107
9445
3610
3228
6407
8828
5272
3014
5538
8050
54
7423
6459
5113
3968
2383
1198
7298
8619
9346
2097
1723
1067
8743
8042
2646
9102
2132
8251
2532
3865
2695
2139
5920
7581
2248
1218
857
932
2730
9857
4727
5726
864
3996
4143
1715
444
2117
3073
756
9714
7254
7439
8851
4540
3019
6040
2475
6951
2153
770
2014
9338
8639
8693
7209
8358
4552
4948
1734
249
8265
2007
3085
6765
2493
6612
1687
1005
8507
125
8578
232
432
8242
9690
7374
671
9447
5546
5703
2482
2640
4334
6675
5659
2664
8900
7628
8123
8625
6575
2856
2174
4470
4792
234
6962
7933
1777
9000
5346
3912
7767
743
7683
7594
9620
1282
7770
5735
7549
6394
8295
6324
3231
5335
5043
8765
6065
2029
2081
5701
1270
8362
2788
4120
8721
2251
3981
1869
37
2638
5039
8327
8008
6690
4610
5403
3060
4187
1615
2171
6634
6978
6270
561
5523
3209
6346
9383
7716
124
6462
755
8221
6643
8303
2817
7966
7076
2613
6216
7862
565
7158
4814
6794
4655
8289
9367
8319
1326
1924
377
7300
6101
4235
7883
974
5806
854
3803
8417
6431
3429
95
568
3928
6130
6276
7458
8121
667
3378
3977
8033
5899
7441
5376
4641
8309
8436
4824
4911
3372
8883
2671
4278
3937
7862
6182
7482
9753
7677
7517
2217
746
3982
6957
9773
9267
5110
6465
4366
6661
2000
9970
3109
5314
5187
1390
3772
8753
9125
6484
6576
9546
3518
3423
56
1220
1639
109
1600
2889
6977
6906
6478
6034
7090
3598
2197
7812
11
8527
1720
9959
7829
6756
8262
9807
9241
1736
259
4025
7470
9607
5256
6484
1213
8840
2849
3417
7409
7687
8996
6264
7051
3726
4018
368
8353
5199
9157
987
2342
8209
6553
3764
8469
2596
2791
6742
215
2258
2556
6434
1268
1413
3113
1388
4470
63
9108
627
8953
7770
4555
2699
494
3228
1816
4553
1871
4822
7232
7002
2525
8937
7958
4544
197
6502
6301
4314
7665
5793
538
8559
8762
4865
2440
2695
59
8167
1524
8806
1601
4680
1833
4070
9439
3880
5206
144
1662
2725
299
2486
1810
7661
2179
6064
7591
7789
7355
8145
2234
5128
4577
85
1268
3408
7096
1673
3921
7011
9559
8375
2879
5877
5105
7645
9234
7350
1519
4089
8436
1440
4601
707
9274
4240
5637
5383
7121
4670
6006
7341
4695
9050
7589
359
6839
1765
5597
2662
6652
1993
2304
3002
4358
4038
8519
3876
9243
6827
9767
7177
1140
1597
31
1237
440
3062
254
6169
9895
8989
4209
7652
5724
2237
7674
1769
9622
6773
764
8498
9648
860
7139
8369
5483
8207
8897
4767
7053
8585
4274
7987
7699
9374
2401
4640
6402
339
6435
4795
4715
1757
2817
2328
8109
9172
8324
9664
4853
2516
889
9985
1024
3009
2484
7474
1185
3700
4000
1809
4141
5542
3396
4172
9716
2135
7458
488
3754
2683
1049
225
5843
4019
5642
9006
6862
4740
39
1456
7656
3477
4759
8791
1249
6378
119
5089
2540
9320
4331
6384
4127
277
1249
4775
11
4621
6710
4993
9621
4195
6706
6685
931
6626
2671
778
1890
5071
5991
8491
7604
4014
4683
7096
4903
7421
4176
4033
8384
1568
4979
543
5191
8282
2765
824
2236
8852
4994
6430
1015
8350
6052
3654
5549
1695
4132
7744
9390
6955
9912
759
6956
8544
7704
2423
6742
428
5235
8038
7266
7919
4655
5793
5081
3513
813
484
3323
9184
794
4773
9412
2047
4641
5101
8839
9454
1822
1940
9446
7498
8974
2600
4660
3346
6835
8410
2001
8989
3796
9125
8597
4395
3824
4027
2168
4982
9347
5310
9901
7300
5601
5464
479
1756
1535
1464
212
9347
7633
4506
9646
6002
9838
3009
8752
7430
3999
9811
1006
3283
9799
6977
1309
7605
4621
4690
2617
9173
516
9179
245
2485
1435
7405
9021
1000
1184
874
1768
4769
7584
5285
4906
1494
4154
1542
5205
5024
2993
3447
8143
3026
7872
6479
1838
7572
4328
9496
1840
1051
2260
3854
5608
7238
4702
1430
962
8872
330
3112
9064
7597
8464
1147
605
8826
9127
7868
7062
5126
4285
1498
1369
3551
3091
4546
5837
298
7109
9746
9361
8875
9047
8043
4377
4525
3611
7592
9602
1774
784
2821
8407
2570
6324
6606
9100
563
233
4214
152
5610
1462
1809
3375
6716
5300
5118
3805
5836
137
372
6079
6665
7570
4039
2908
1308
7480
7399
1617
784
8981
3686
2633
653
3121
8708
2379
6355
5349
521
1661
5232
6000
9470
5175
4831
295
1560
1522
6925
7959
2802
1424
7897
8279
9733
9189
9127
2297
391
978
4000
7775
8094
7874
1306
2378
5967
1742
3648
1981
7080
5291
1006
7328
6357
2163
2235
4977
995
497
2178
1396
1039
6422
4959
2955
7146
2232
8259
5329
1084
2618
8164
5937
1537
1511
4677
1236
9812
792
461
1318
3527
5749
4534
5674
2076
5432
7060
2068
9571
6045
2671
5364
4673
6661
9839
6099
1993
8890
6212
725
250
4957
1615
9902
612
3947
1761
1522
3735
8286
3022
6325
8843
6992
9132
2097
8134
9082
9838
1637
6013
106
8488
9594
6987
4947
1390
1537
1399
3566
5213
1320
1156
8527
4758
3228
6698
5090
7187
9913
4813
6052
6423
3004
5127
1694
9430
3065
9063
4668
8637
296
5285
4140
432
7339
4464
6418
9487
4746
1830
73
8628
9551
4608
4275
7275
4638
9592
2897
8206
4412
1303
6766
252
2065
6847
6229
8230
5047
4066
9892
1862
3554
3246
9592
3580
5082
2341
7960
1046
9315
2477
2605
9066
3886
1776
8094
5556
6488
7633
3915
3607
6272
4252
4096
6178
1046
6568
521
6800
9871
7373
3348
5003
5845
2236
5857
6943
8475
5199
7366
6583
5598
6957
2512
838
1400
9354
7732
515
6414
9801
1300
1410
8232
2591
2701
7803
6849
8982
7996
5002
1988
1002
3649
7634
9254
4131
156
3902
7395
3600
4099
3350
2577
4124
4309
570
2353
4384
393
1166
8452
4181
4832
1202
8201
7652
1546
5309
484
4940
8532
8613
1099
7998
958
3534
7082
2441
2203
765
8294
6717
6962
4167
143
8142
8177
6635
8206
8711
7313
5752
1934
2856
9348
7020
5607
1998
3291
3179
7765
7438
4324
1912
1143
3485
5601
4707
3395
9167
2804
6911
3655
3578
6198
4031
4459
8598
3719
8508
8802
2163
3615
3221
8912
8839
1523
5684
1429
2387
772
6361
2214
7728
8625
6501
2893
3611
844
2997
6615
5307
634
4825
1579
1371
5220
2288
6587
2472
8315
6002
5827
760
1496
2266
1118
8357
7777
6749
1719
8677
9560
459
4733
3255
4701
2689
3728
6780
2884
185
5304
3280
5777
8191
7062
2372
5808
4352
4177
8153
2145
1009
7186
8250
2208
9753
9228
9766
531
1436
9394
4297
5724
3061
77
5719
5086
9008
2085
3588
5821
273
828
3939
3342
1636
5034
1448
2942
2754
899
236
638
8300
8613
4557
7851
4968
7886
2415
1116
3173
458
4420
6020
8156
5625
9203
2680
501
5311
6471
3835
7427
326
8343
7348
7597
1710
6781
4993
3962
820
5558
3461
4248
1600
4725
9260
9593
9512
5652
4560
6299
258
1096
5172
8163
6839
8431
6733
5285
2195
9817
241
7986
1145
3984
8343
4014
2964
5750
8014
4668
5112
3657
3770
953
5846
1126
4521
1618
7390
8855
4675
4499
6063
1642
8288
1629
538
9792
3523
7987
2677
2493
8212
6370
9243
6723
476
6314
1968
6742
9977
1005
2642
7404
9409
3826
6284
8995
8164
6870
372
542
8442
9153
9540
2094
363
432
1222
1545
8125
1461
4808
3545
5672
3991
7150
819
4054
9414
5751
2482
5462
2767
6664
8305
719
4456
8133
3346
994
5418
9566
4973
8680
1192
2982
8503
2682
8176
6974
8686
9120
908
9840
431
3745
4885
1448
1973
5673
2118
1821
1983
2056
5032
1741
908
2183
3407
2070
5557
6006
1824
161
3239
5201
4637
9896
4251
9137
671
1240
2404
5342
2511
98
6661
194
8945
4268
4812
7609
5181
5605
1311
8277
3019
3941
945
1502
7354
4722
2289
7766
4046
4543
1856
6138
804
8399
8717
7556
3154
1351
1486
4621
7296
2146
9261
2769
2685
9838
7853
1947
960
3363
4871
8479
1644
3284
6341
742
5214
6446
1370
9636
5238
7597
2189
2085
5264
2750
6560
7302
3230
1167
3729
9969
2212
7331
2124
8608
4911
4113
3034
9506
2002
9564
4427
235
5487
6494
9132
325
2255
6317
1764
2581
5022
1663
4673
7032
7238
2970
8490
125
9606
7764
8480
7884
7390
8569
4470
4243
858
8507
7194
9730
1353
676
3359
7884
6281
8487
7544
6974
4144
2644
9571
3708
7433
3546
8464
8327
9849
1782
3325
9035
3854
346
4591
6692
1427
6265
5311
1792
9346
4943
2703
6447
5447
8830
5831
3960
3516
6051
6288
854
1686
3270
1883
8271
3739
5776
4815
3428
4703
7879
3566
5972
666
501
9379
6172
6503
471
5739
6681
1243
6769
5453
9998
480
2847
1190
7601
7982
3782
3349
191
5493
5176
3840
1280
6409
5463
1537
7589
4618
6385
5777
7374
5726
5625
9600
8168
2590
3126
5326
7796
9050
6533
4712
1458
3129
4538
5170
1916
3010
2212
7709
6159
1344
9278
4486
3524
9829
9025
4715
9134
9742
2935
3530
1355
6543
3690
9656
1069
3131
7483
9179
2931
6849
7727
1397
3488
9462
612
4429
909
1356
7377
860
2410
8188
8987
7584
1791
6773
1939
3264
8497
2640
1437
4477
6449
6431
1996
2641
2686
9810
7481
4520
8426
7862
2451
8903
7610
8075
6208
8845
4535
3440
4337
6532
5810
8716
2339
6772
9845
2428
722
5461
9332
5124
9912
8782
1826
4164
7395
1567
5119
809
789
5079
5871
8588
6821
2483
1766
475
1203
9844
624
4866
5784
2348
2781
694
2219
4724
9017
2414
1680
3597
666
4878
8124
49
6498
5825
2260
2357
8965
5186
8146
4334
3108
6087
5817
8476
9015
2171
3808
8375
1146
4358
10
7909
7646
4508
279
310
9552
7423
8259
3436
4775
8289
6124
3018
8119
3274
7329
6087
4914
4529
5429
9135
3134
3739
9523
1959
1794
62
4924
1499
6426
1921
4908
8469
7530
2418
2602
5164
5342
9139
7982
8151
3408
4146
4589
108
8867
7523
9487
4058
1996
9788
7426
4879
7297
1773
7047
1671
8266
5945
2618
6034
3571
2822
512
448
2099
3085
9881
2843
6455
6430
2452
2465
7832
3412
6882
9325
5659
3312
4530
9281
4151
7125
7164
6610
4625
47
2649
3232
2467
6320
6415
4481
2971
7337
3803
8873
3375
1441
279
1991
6127
4581
2363
8575
8179
3516
3039
879
7315
7654
9455
9857
5205
9089
3303
4364
865
5607
8734
6119
1953
3847
4415
9627
5236
3486
2049
2212
6738
7490
2345
7364
2841
331
2038
5924
1205
9790
2650
3544
5103
8631
1496
3357
8540
8323
3896
5393
6
3304
4696
9743
5593
5921
5757
8854
5395
2009
1239
3590
6590
451
5074
4182
5802
1716
8040
3700
5459
222
6004
3242
3074
2761
1282
2281
1631
4832
6451
6853
1044
4022
7916
6941
749
5843
1325
8069
3884
1502
3055
338
5113
7241
3431
3857
6566
1012
9079
7060
8512
3967
4276
6778
8129
3551
2738
2154
2451
4844
4363
3740
751
437
6270
8452
2372
2048
1556
8859
195
3090
2222
9932
5542
7239
1147
1160
5825
1535
9974
7143
9840
2229
5131
5228
7984
3085
9802
7171
6155
6874
4244
809
3579
2265
8195
9272
6879
8989
8022
2574
1563
8088
8057
7913
5833
9634
6147
193
814
5785
7049
9282
7528
886
4672
5988
6163
2104
8144
5785
1995
7631
6787
7042
2155
7158
493
590
4436
2430
1174
5856
7017
3188
850
7596
9687
4222
8786
846
6242
1095
3812
9464
4267
3972
3861
8134
9486
1346
3558
7358
2151
2286
7708
5033
7492
5681
4769
3593
486
38
9161
3111
2817
4298
4223
2714
1475
6670
829
293
7473
5547
1706
7357
3533
5012
6814
1029
8932
9505
4546
8889
9028
6477
3986
6452
7210
5581
9716
4270
6617
42
6450
4885
5959
7774
6898
6438
9473
5352
4536
3336
2767
4363
4929
4758
3298
5689
1696
5303
7466
2439
7110
908
4
5374
3834
1733
6177
1902
2024
1024
690
7886
3398
7775
1902
3012
9633
3204
3942
5469
6134
4956
2368
6426
1948
1414
8031
3304
8063
4367
420
4538
5368
3451
526
9077
2903
6529
1388
4632
4099
5171
8051
2837
7640
4841
3884
9857
6847
3401
2565
2868
5755
9013
6519
6684
2975
1938
1879
6389
9518
1008
2838
9453
858
4858
179
2247
574
7932
1281
303
5799
6828
3907
6116
9949
5655
1043
6295
6239
3561
9794
5135
5404
2792
7753
8822
3326
5373
8382
7347
8225
3584
3843
8389
7666
7935
761
6536
1538
2042
6450
7607
5690
9214
6771
4511
4616
509
4488
2860
4055
8470
33
9682
6093
5814
1978
8266
6253
7739
3129
2311
4861
7409
6208
1540
707
1643
851
9020
6520
6719
211
7781
6446
6590
1193
2809
9838
2494
5822
1907
4554
6087
9191
883
8545
1926
5726
2766
8960
8177
6587
2613
6646
1976
241
4255
9952
6516
3445
2486
3011
5679
698
8060
9641
1423
3448
7943
4386
4560
907
7120
2555
3421
4535
4308
8348
5515
2200
8709
5388
7938
2584
3472
1759
1609
1930
6347
8639
1949
916
8203
6776
477
3609
7327
5629
2485
148
6669
1577
6326
2433
4375
5600
4414
3989
7194
2100
3705
8894
4195
8531
4995
2500
8765
1965
9240
815
715
1059
5451
2082
9470
7963
5727
9205
3764
3760
5829
6993
366
3174
3171
2197
7293
6348
5949
2789
5064
2586
9171
8594
8668
6826
9479
4164
4896
3251
8089
4947
1475
4336
7425
9446
5077
3519
3960
3730
223
5797
3987
9620
9599
9646
2252
1370
8740
5667
6799
9452
1059
5652
1631
4664
1188
5477
7571
6331
1692
6566
3888
3691
7751
729
483
6641
1649
1384
1019
7652
8898
2495
3457
1888
6868
7653
5382
7766
7026
6776
6599
1933
6831
8118
7119
662
1615
6440
9865
9885
2278
9401
6640
315
2379
2980
2662
8761
5913
9227
7453
5631
8194
564
5013
9786
2768
3886
8019
1915
6154
6433
6682
7692
1551
9139
536
2334
306
6055
2656
5439
7394
5457
3055
8903
6404
1124
9629
2081
8543
1308
7731
7078
772
3719
4051
9252
9272
8845
2296
7438
896
1
5659
4766
9784
4384
9758
4902
4624
391
169
4003
9507
6225
3920
7282
5653
4109
5261
1117
6168
9886
4511
6430
139
8716
4702
436
2896
1559
1561
9411
9448
1548
1326
3094
2062
1073
4646
4608
3708
1066
6891
7711
7726
6062
9446
6162
2161
7475
6873
7793
1319
4757
742
7787
3835
4534
2234
8701
4987
9648
26
3246
5494
790
24
6040
7972
2873
1266
5424
1948
2309
8135
7255
4390
8235
2262
7929
1454
9482
5862
9010
5937
3687
5052
7376
7048
8299
1788
180
1902
7627
1103
7106
7855
3987
7852
7576
7231
4972
5734
2860
5428
6733
5299
5725
7873
1757
8373
7068
1839
1414
7718
3363
1066
8261
3076
1331
4582
3534
6471
8540
7709
4205
7195
2133
9542
7223
2863
5067
6226
7119
8552
4678
8582
8692
8418
2823
7056
1895
6709
2126
5913
9163
8272
4633
8214
3349
324
8582
6906
7859
6255
9257
7723
6873
1828
7017
4399
5398
9236
3252
9715
6709
9499
2371
6791
3664
6105
2761
2970
7950
8411
7413
6910
2509
5653
6182
8792
5627
2735
2590
2790
8430
8937
2143
7277
5492
7820
6866
2205
3604
9599
5591
8803
9155
8563
3191
5532
1555
8331
2405
3857
6342
9291
6243
8084
1216
4972
6592
7924
3002
3368
9263
496
5059
137
7859
8614
5057
6857
6294
3255
4341
6629
457
9753
877
947
6582
8984
4147
4701
6081
5642
4738
8377
5805
2333
6120
1286
9978
6336
3927
5845
4524
6491
9190
8065
2680
6667
8277
2397
567
7742
6046
2921
9277
7991
5926
3649
3875
735
2946
978
1296
4889
9607
3288
1686
6879
6906
4473
2009
9310
1382
1208
2539
2715
9739
7336
4418
2016
5571
8445
4506
1799
4753
832
3991
242
9011
7055
5091
6645
9286
7582
9366
7153
2104
3454
2260
6173
7704
6040
6960
6435
4857
2487
6542
7732
198
3887
8613
2729
8528
4493
6739
1175
3555
7069
8347
110
5671
690
890
3454
2129
2694
744
8775
9273
2990
8137
7147
327
5944
5059
9490
1479
3492
8314
8314
8011
8956
3862
1625
656
2674
886
8849
9656
2788
1214
7182
4262
462
7036
3199
7177
845
9577
9470
2511
4939
538
4718
2491
2300
7222
8160
6194
9908
258
4786
3455
5106
6600
533
902
7309
4679
169
3685
3722
5491
5943
9814
7351
6717
5130
977
5303
3101
2011
8766
715
4859
2072
7321
8393
9134
4017
974
2859
9900
2334
788
7654
5023
9968
694
9637
9785
9347
4972
3234
5518
7388
5912
8417
6320
1685
1868
2297
6616
4594
9817
9952
3968
1343
3379
7986
3662
6920
2272
2877
4154
676
1615
9915
5168
7695
8213
2909
385
6995
6258
2577
8196
322
2114
8432
3658
5603
3920
2679
2351
6518
2533
2863
2108
5542
2334
2523
2618
6858
1004
9054
3313
2263
1460
5734
7070
4470
4551
8201
9747
7261
2476
2314
2600
9949
1272
4648
6815
9208
3360
4484
1205
5740
4501
9356
2308
7921
671
2985
9558
8203
9973
7777
1157
9915
9367
8538
8493
9608
8863
7900
1090
8710
5436
8242
2366
1681
4142
6781
7331
3080
7872
6580
3790
1624
6862
9707
4268
964
1864
9039
5575
2238
4767
4764
2073
7461
3549
4027
9682
9147
2577
8012
8084
4801
8951
1051
9402
2113
7558
4722
3065
5943
5683
9563
831
4846
2644
3888
7640
7267
6254
1090
720
7512
1023
3026
3362
2503
7352
3982
1087
1120
8130
2731
1643
2705
5266
7100
2129
3458
9895
5933
3638
8538
3055
5982
2731
5329
9594
559
2140
2754
4086
5973
5589
8332
7177
9670
85
7735
3853
8166
362
7086
8646
1487
7180
8892
8271
4550
9510
3383
7379
1504
7310
7764
4135
3217
3094
4629
9332
6604
4811
8262
7058
956
6779
4048
2512
3101
2260
8839
3601
8296
9623
4407
8368
954
3562
470
8980
4272
7037
1829
398
5552
3141
3865
2991
7447
9652
4464
7351
7147
7898
2386
6824
572
741
5398
9881
6348
9203
1885
982
5639
1848
1135
3221
4945
3595
5873
2371
5291
2027
8768
9725
9634
3775
9773
8827
1348
1722
1572
2166
2591
9149
2826
3755
8920
5975
5298
7367
1733
3512
8252
4690
552
7683
7068
1176
9400
6897
498
7314
4061
3698
1643
8260
488
2559
7140
2559
7213
7083
6838
3430
4254
9208
4402
5358
9397
7269
8585
1791
2493
7589
9865
327
3885
3131
1040
8158
5123
1729
7086
5156
3689
2440
7403
9046
2807
9402
1698
95
5813
5259
7097
2843
8778
5086
5566
503
1782
2868
7951
7636
6808
8063
8438
5355
1277
4004
4527
2122
3862
2863
9288
2332
9684
9393
6916
2327
4387
1908
7195
6159
1504
2927
9570
1320
4920
4244
7938
2217
9327
7207
2488
5931
410
858
3145
4416
3769
6803
415
6065
5780
9215
8100
1648
6737
1567
329
2652
5487
1729
2308
3875
6595
5850
1429
9778
3580
287
8931
4663
2389
4946
9719
5847
5382
8745
7700
8764
3207
6219
9010
5686
4739
8468
8774
3923
4597
4584
351
425
2337
7828
3424
1247
6801
6464
6709
9948
2906
7504
5508
455
299
4090
241
7197
9298
3202
9645
6066
6667
9200
2060
4222
5093
8755
2482
6424
1331
9055
3642
5265
6604
7794
275
1639
8415
1637
2007
570
4886
4206
9272
4716
9654
1218
314
113
8657
6855
1623
7013
5656
6455
2947
1805
1712
976
7389
5445
3103
6473
9310
6649
4547
3359
7569
8319
1152
1614
6687
1730
6068
4891
5397
3386
9081
2414
7189
6566
8326
5773
1334
4203
8002
515
5001
2118
1382
3583
9193
5533
2974
5097
6334
5412
2140
8431
9470
8540
136
894
4704
6453
9768
4044
5583
6260
8664
7938
503
7312
5975
2344
8895
519
5326
7720
6002
7101
3101
708
6492
2052
6339
3459
5390
6055
9865
5926
3598
5328
7084
9353
7167
5050
3350
5941
4040
5216
2072
5299
9107
5140
8038
7867
8276
5196
8863
7578
7028
839
9623
9234
9129
8510
4450
9403
9732
981
7007
759
5302
6928
6031
836
2175
226
2402
7018
3733
9057
764
788
4910
5430
5272
6811
1691
9392
5209
6862
2193
1496
601
7326
1492
4511
4576
6742
9393
4595
339
4343
377
5840
7446
6449
4326
7780
7279
7903
8475
8011
1721
1993
5804
3833
8897
2540
7111
5910
5009
3095
3565
8787
9815
5420
2449
3067
945
151
8108
148
407
1594
9131
917
7828
870
7846
8882
2898
1655
7981
9442
898
663
2896
6801
4437
2818
8731
8306
1690
4537
9677
4908
5749
8928
7396
9350
9624
8498
23
5629
2096
4036
9712
4465
6622
5111
2227
6176
5488
727
7839
3210
1148
8304
9408
2884
6280
2321
6926
1448
3017
8488
1093
5593
9910
5037
5186
7988
1481
8427
3591
7809
6690
4473
1836
7130
8743
4998
1490
6067
7051
131
9733
951
2217
6730
5885
1331
4398
2220
4785
6043
5393
9049
9577
3803
2960
3928
9870
7209
6248
8951
8912
2629
2544
4108
6259
6706
4419
2601
5815
4686
5032
270
4819
5005
4272
9577
8846
6068
1787
3944
4153
33
7463
6719
2428
600
6006
7861
155
4233
6682
6297
4005
1037
6320
2178
6410
1086
6407
6884
5046
2886
9691
5038
7229
8560
6194
7696
1957
7915
2307
5545
8251
2189
8222
8271
419
660
4171
5496
9903
2104
8163
3541
1963
5628
9429
3439
227
6211
6406
953
5634
319
2088
4165
3560
9092
9430
5650
9015
6635
57
2243
7434
691
6186
8715
1025
371
741
5029
2686
7770
3926
8480
6902
8278
5730
7351
4292
7075
8724
7726
1904
6780
8963
8952
2487
8429
9053
8438
4871
5833
1043
4042
7897
4855
496
4233
7836
5991
5462
7967
5754
7011
1271
1005
793
1280
5389
8637
9920
5636
7862
2054
8179
2513
8096
6843
7534
8815
3213
5661
8970
6857
3667
6705
6222
8189
8355
7196
790
2631
7075
7259
3352
2503
9626
2240
4633
7582
2808
7782
8843
5416
3216
6805
769
2260
6099
3025
6449
9375
4521
4045
2372
8941
9630
3453
7805
5545
9943
7817
2595
7749
8112
9581
7677
9546
8772
1421
2249
5603
600
6550
6265
1125
1348
2704
2443
6502
1279
9935
6436
1151
5910
7529
7384
7676
6360
9890
7480
7952
1553
7635
440
5605
8513
8457
4588
6817
7977
4537
2094
4788
4113
8849
3503
4158
8217
6586
9608
9853
7866
4729
7755
4436
1271
9221
683
3352
918
9780
7685
2356
8773
7054
4009
7052
5162
4242
3449
4782
2588
2471
4380
5860
1863
9450
8127
9462
5184
4359
9258
9597
22
6419
475
1026
7041
5526
7153
4677
9770
9462
7862
6474
8022
8366
9609
4733
9295
2109
2536
5494
593
6443
4439
4520
6654
3335
4383
8163
527
6027
6742
6777
2632
2865
5126
8766
199
7663
2749
1688
7464
5821
2353
3014
9896
9048
1550
3885
9828
3374
4925
9102
6637
2010
4130
7011
4362
314
6770
2616
138
9067
1551
966
1749
2838
2738
7370
45
644
8084
3077
6582
4781
5881
1708
863
7966
5977
5584
1853
4825
4540
2680
1539
9414
1234
3850
1519
5688
1068
8985
2899
2922
2970
7703
6527
1592
5250
1132
9096
6121
9146
6239
8343
3226
1170
8961
7712
4567
4673
2889
1997
9506
9034
3081
6439
9798
2426
2592
1633
8884
4881
7657
8785
9148
2811
5969
8939
9737
714
4662
7755
6339
6978
2810
7327
6168
3216
711
4815
8132
3192
4156
2474
2796
3770
2918
9742
6939
9647
1466
2883
2724
3862
5774
3509
9030
4486
2791
7677
5501
4287
8221
9051
1013
849
9499
4961
4506
2984
4803
7919
8267
4371
7231
4822
3596
2511
4337
3275
9195
3701
3931
91
5130
1917
7595
4965
4139
7278
1534
3481
2186
4131
6214
7963
4372
3083
9942
4419
2501
1404
6442
628
7343
5237
9043
5990
806
3935
3104
4899
6281
8544
3160
3467
7003
876
6980
9861
8831
4119
3802
9602
882
9340
6083
9999
9714
4675
6446
6983
4205
2802
3278
1058
9572
4819
4334
1279
9502
1070
469
7497
2473
4563
3797
9881
3483
4006
6765
4023
6758
6583
9486
2750
9210
8300
5786
4364
5077
7166
2632
770
6774
7677
8996
4014
2863
769
9780
1507
2280
9390
4534
6306
9247
4434
8229
6311
301
8047
8490
8194
8245
7840
8542
8224
8966
5433
846
7189
7232
8815
1495
7272
5443
2209
9233
6860
7426
2290
3464
695
3127
8660
8325
6272
7984
9731
5548
1226
2711
1115
4431
3143
2623
3654
3743
9307
7082
3782
9042
1247
5032
1628
720
9309
4569
7122
583
5503
3524
8363
4479
4319
3760
8021
5736
2346
1167
1048
1375
6518
9627
4398
2688
6508
7912
7823
8805
9780
905
8807
8332
3021
4735
1862
710
1397
6556
4213
60
1371
5830
5792
8684
782
6007
9412
4994
5074
4592
1590
2258
751
1038
3373
3761
5301
8037
5645
4659
1632
6921
4257
8750
8963
91
5860
8926
8820
624
6700
6819
7557
1662
5380
8244
9818
9487
4117
5398
3852
3480
5216
9992
393
3460
1994
5590
4853
5625
2660
9341
6017
6364
5718
9310
9926
5344
1112
6940
2638
4873
5485
2447
8656
6639
5100
8267
5990
1694
7772
778
4540
8778
7947
2278
8711
5952
1819
4547
480
9640
602
617
1052
8870
4364
9007
9497
9344
1831
7442
2583
9946
6523
6230
8960
3261
5980
8036
4533
3238
7549
7969
1895
4538
3803
7887
4415
535
5859
8668
2059
9542
6721
7624
6629
4909
6614
933
6737
3537
3413
6679
4130
5176
3978
5450
8810
8812
3223
3123
1357
1164
5917
9311
6496
2781
3411
999
3492
7629
6550
7653
3209
3208
4925
3376
8768
7059
3048
5907
4705
8214
5861
5069
6037
4439
158
5137
8353
6177
4514
9261
912
4596
9406
167
8252
1317
9528
8036
1609
2374
216
8754
5966
2449
4884
7349
8161
1022
1350
3807
6093
9123
7052
2312
7586
843
155
958
3242
5743
7201
741
2691
5617
8422
463
5342
6232
8974
9191
1603
1382
6590
7672
6543
5941
1864
1498
8379
2767
3220
9004
58
5997
3197
3389
6303
3959
3270
2628
8552
2107
5367
5168
7483
3561
6648
298
7851
3802
6072
6247
4231
2128
3882
6153
8335
1385
1965
4612
6388
8125
4247
5262
6283
359
2669
3632
9966
353
8321
7641
6399
6327
6857
1794
4954
8174
5144
524
4134
4237
1563
4821
4007
9257
8914
3786
2371
735
793
8327
4606
8507
5985
7449
3765
5381
3504
5508
2612
5707
4802
5504
1908
4873
875
6206
1813
533
5914
4697
3763
5815
3963
7624
7368
4341
8329
4607
4190
8189
5629
1349
9743
2716
9240
7297
4123
3260
2378
1902
3077
2138
3324
5949
8283
468
1072
5897
3312
2145
3122
5045
5911
2715
8155
9442
8750
2552
3795
7901
5333
8535
6592
9125
2233
3957
3071
3274
9634
863
3614
1921
9413
7105
2851
9540
1990
8685
5693
7590
7902
9912
5413
8868
533
8526
1968
2055
6157
1974
3956
6646
4907
5551
3044
7929
817
1162
6890
2616
1324
1138
8848
1313
3016
6566
8172
2121
7995
4679
3893
7338
1589
92
9526
4490
4306
67
798
4668
4649
4290
2000
2736
4948
8891
2638
7237
300
7278
1934
8415
8016
89
246
7428
9570
9723
2265
9904
638
2838
4781
6840
1912
2850
7848
6699
1937
1214
9400
3316
8501
6225
8220
5373
9381
8431
9266
174
2556
3767
8525
9811
8255
3977
3554
3115
6998
8021
3504
8525
8082
350
2505
8069
5146
7438
8081
7147
9526
5283
6195
5796
2103
5319
7370
4483
2305
5085
5523
5752
7334
9223
6364
8056
2256
6805
5529
1661
6586
327
7747
8836
9707
4500
1357
5876
5025
5379
7781
2478
1542
247
5682
8272
7761
7143
1840
6228
1644
2875
5718
8374
6990
691
8720
8514
6724
9665
7678
651
9216
8711
4328
8681
8958
3883
6108
8906
4671
3351
8310
7416
4308
1436
7962
107
4009
4151
5025
7318
9419
9212
8110
5484
2903
7215
7068
7589
3345
7665
7894
8636
3150
3927
7874
8704
3598
4295
3995
378
9113
3932
5433
4638
5941
6264
7183
506
9057
681
6049
1419
6562
4676
6752
8831
5015
8782
2212
6406
8266
9786
3941
8962
1254
8924
373
9421
9664
5836
6653
697
7363
8071
6611
4194
9020
3727
1685
2304
8398
3938
229
585
2339
5480
7024
3875
3729
6694
444
4135
2660
7951
4830
1809
4365
2058
1782
6100
8231
5503
9112
3706
3313
1643
9527
4185
3485
6740
1311
6753
8373
6662
4271
802
1156
2715
9954
6459
8840
3785
9017
1597
7810
7269
7574
1646
2471
7253
6407
1257
3175
6531
5901
994
1607
8318
9081
9223
6733
2091
6290
6403
2120
8600
3829
1484
6793
769
1993
3036
