239
3170
9495
3791
1831
6444
263
58
1958
2856
1299
6646
2571
6010
1813
5644
867
583
3721
3898
4447
2089
6685
2171
5760
4513
1780
5541
2370
7035
1862
588
1682
3405
3064
8260
8445
1290
6051
6291
983
4467
2916
517
3621
3933
2511
4665
2807
7278
3249
1561
9413
4272
3393
919
9861
7160
801
6370
2455
8704
8039
8824
2669
3616
5394
4342
7770
7324
316
2554
8597
1879
3947
4313
1338
1621
4275
5533
5373
174
1100
9014
4812
6190
7259
3826
1841
6041
9439
2023
5072
4828
1994
988
5299
6062
4219
3080
3840
5158
2324
5282
9155
9686
4669
8087
765
7445
7668
8154
7017
6315
7870
4758
7175
3013
4623
6559
7911
3176
8258
2855
1075
8802
7605
8156
2137
8012
9221
9870
2548
9947
8097
1663
5014
1542
5853
1347
8388
4194
5094
6438
8558
3369
6060
9709
8793
7738
6401
228
9403
5529
6925
7335
243
8663
4860
460
3522
556
4004
7854
8714
6273
5686
4292
7649
8378
448
9168
9809
4064
9677
9876
7904
5933
5690
9262
1959
2321
1334
612
6290
4673
7989
8010
5587
6063
817
2113
6851
1380
3454
1401
5589
1930
5431
7863
4376
6727
2266
4546
6890
595
5453
5575
4820
8330
1500
7181
1830
397
9457
7075
4255
4755
9646
7589
5320
2157
4425
4013
7758
3176
5348
3974
1195
7739
7705
7387
480
9087
8223
7998
1009
6798
5163
4325
2973
4917
9093
3007
1752
2467
1526
8133
2935
6132
3787
9403
9975
4247
4441
2373
9498
3994
5613
7014
3439
7207
7390
3044
8829
3576
1362
2712
4971
2935
6393
7105
3103
6064
1034
4120
4514
5367
4889
222
1357
4726
7633
4337
962
7567
1331
5869
9752
8784
6059
9568
8420
8564
8684
1030
433
9270
952
4931
8205
6016
989
9279
2527
2465
4463
9435
6872
1501
8014
7842
3605
5983
516
9434
638
5002
3917
5034
238
157
7523
5285
6704
4756
3797
213
7778
1643
7012
4483
9785
1534
4570
8883
4817
5115
4199
460
9182
4121
3481
9476
6276
3730
6135
1083
7327
188
2826
4894
4560
3989
1849
2044
6293
2300
4687
2901
5572
6541
1099
8782
6515
3396
2836
4352
7703
99
8311
465
4664
2494
6671
4074
7917
5524
8207
5415
7385
8536
3278
8782
9793
6013
6560
1527
6280
9856
7053
1418
1562
9647
3281
6021
8833
8792
9056
9180
4679
1628
1747
8171
5529
8402
3042
9656
7556
7239
5104
5987
9520
5299
9966
3631
3621
6888
8381
8842
1917
2004
1700
680
5592
9893
9833
5502
6358
3020
9152
474
7653
9066
3502
9568
6983
6295
4760
592
9806
2513
4365
8675
615
609
5980
211
609
2858
9444
1162
232
3691
6406
1043
7907
5796
7256
1613
7622
9381
8921
3502
8708
8561
9965
8836
4436
3841
3076
9847
8111
3190
9723
5610
9348
6150
6542
960
9560
296
6936
8155
2477
1642
2585
5391
6510
3711
6066
8709
3908
7959
7904
3916
3864
7718
3555
8330
1302
598
6538
8001
6330
4616
3533
9164
361
6918
2999
7464
7183
6772
5310
8736
7248
8325
2191
5552
2013
8202
2667
6827
7398
5941
9976
8536
1350
2172
4965
7559
3647
8136
367
7234
4003
4653
9017
6734
8940
5556
9051
7425
1081
5076
7465
557
2197
1936
3198
9306
6133
9866
9238
2883
4238
484
9653
3942
1873
2503
7863
1343
9076
3581
3413
9390
6303
7528
7776
980
4479
966
9950
5613
9994
3756
4030
9463
1824
8943
4505
2258
7546
1489
1703
5407
1921
5688
2411
4442
2590
2107
8957
7780
2474
3782
9122
9945
