9683
5993
686
7120
51
5154
3038
6358
295
8668
1640
9421
3381
6700
6708
2989
8284
9953
8269
5168
1934
613
3707
8397
3738
2239
8814
3375
2298
4741
3667
9236
3574
1390
4759
6945
2
9510
1910
6771
2171
2395
3118
8240
409
4708
9557
8940
4338
3297
9171
9944
8892
9341
8974
5796
3324
1248
7600
7541
6975
9809
3591
1490
9219
7097
6617
5976
772
2162
2241
9662
1775
4335
9402
3651
2340
3253
9703
370
9245
423
1709
6632
5077
7919
3982
60
903
9672
6547
5965
4884
585
53
1354
1360
5212
7160
7530
538
2796
980
3067
3446
4380
2033
5352
9481
5989
6302
9588
7696
8408
3966
3363
7598
1537
464
3672
6448
5676
9626
809
3790
4001
9441
5839
8336
9291
5944
2153
1962
4535
1522
7184
4566
4888
8101
3588
2285
9623
9326
2742
2241
7543
4250
2527
7434
8135
1240
445
171
4880
6489
7630
3200
222
161
4357
8647
588
1885
6858
1288
3224
2752
4990
9681
2181
8780
8796
7427
9327
8714
2522
8227
5210
102
2495
9581
1443
1946
5679
1916
8040
1652
3425
6479
8595
9399
5921
3448
4881
3259
8322
4790
7921
6146
8219
557
6809
8201
7154
7567
4338
6982
6391
3017
3011
1156
5175
9436
9675
793
7985
4679
3112
9408
548
1070
6596
9799
1015
1529
5503
839
1187
1691
1480
6411
6155
6796
3685
7216
4684
4854
2867
3592
127
4825
4663
4298
395
4923
866
6425
391
8671
5155
6415
4685
673
7926
3271
1466
6572
6010
1268
3986
8056
577
7361
3297
7923
3696
5621
9132
4459
7206
8178
3254
9333
9034
8075
2463
4045
8333
32
9334
458
9678
4487
574
5661
9132
5513
6751
2182
9046
2630
5444
3523
7582
9557
5394
7798
5053
1964
6760
4690
9904
4601
3441
9586
1103
7515
8150
9814
8190
6624
3873
4523
8413
1051
9901
7333
6330
9569
3017
4859
5798
3905
5003
8064
9061
5902
8929
9545
831
1002
8674
7952
1076
5744
68
4612
6316
7390
5910
8027
4283
4093
4685
9781
1236
8991
4237
9342
8565
6452
2877
2847
4352
9321
9021
753
953
4398
5203
5648
6139
1313
3008
984
2326
8188
9474
4959
147
6696
1106
6879
7064
6973
3150
1358
1462
4039
3793
6603
7615
1958
3454
7398
7686
8482
9420
2109
1887
8985
7051
4911
9701
7991
7589
1487
8026
3041
4783
9671
7417
4414
1534
7670
5287
7026
6695
2712
5400
3432
287
3392
7278
5275
3441
5444
2460
5857
1662
3957
9657
4725
7454
3514
5073
8191
8452
2136
8741
9474
1184
9232
1281
5538
4367
5461
6126
6656
9645
6680
2574
9412
202
5970
3557
5542
7465
4685
152
6985
4229
2879
3261
8340
2543
8597
4386
7981
8723
9224
8361
3476
9305
8190
7505
5562
5271
6351
5520
6573
9379
3218
4796
5761
7573
7220
8793
6428
1227
85
7084
7693
2023
1999
9599
9466
1907
3107
1853
5830
8997
7746
7037
9179
6749
100
5707
2649
2603
6473
3169
6139
3533
9706
2262
6466
5414
3115
3309
9728
4891
4543
590
6387
9383
6472
5985
909
8014
8586
6966
4684
3374
2058
3218
122
5969
3912
7652
6371
127
7606
7894
7166
7921
8900
6607
1067
7472
2954
741
9688
5484
1921
6640
2991
7144
5438
6393
7839
1859
7580
1105
4213
5234
3797
6094
5798
5832
2796
6160
6844
1031
2746
1154
2972
896
2964
9228
2144
8759
5077
8309
9045
9314
6125
6438
2723
7312
4966
6074
9524
8678
7390
5729
2579
548
902
788
4355
8455
6998
1059
5961
3431
4522
5529
6535
3985
8926
4801
8533
879
945
8882
7566
9746
2425
838
5716
6482
9219
7336
5537
1772
868
1148
2972
9866
5793
2056
8004
673
7368
9408
9836
692
170
4192
6499
1653
8325
2642
1631
588
1041
6223
6885
2288
4007
7234
9575
3234
4505
7352
1786
6265
9490
6052
2371
9847
6283
1695
2702
4555
9399
9116
7003
4048
9100
2378
9574
3699
8287
9746
4720
5169
9018
7440
4319
5039
3468
3599
8719
4147
4253
3341
4547
2048
8764
6686
6012
9695
5768
6332
6885
5128
8631
1419
649
2064
7158
4571
9953
8541
430
4375
9854
8212
6975
7674
3679
3747
4956
6625
9376
2027
4162
1675
4447
6533
630
9485
7612
3494
6155
6099
12
8093
3980
7569
6474
5913
764
3687
7723
6551
1207
7667
3292
312
7909
9408
1530
4930
7723
3356
1358
9229
45
9895
2915
238
7252
7943
4469
7568
8184
984
7336
9341
9738
9921
5538
9597
4913
7731
3462
518
9135
3098
3902
3009
3887
5654
2340
1709
6557
8947
3725
9421
3137
3459
3171
8652
1674
1054
9277
5505
7315
3600
2717
2573
1717
9937
5557
7073
8489
8450
6423
3437
6280
8434
3768
4003
2337
3296
8945
1498
8214
9547
8050
4447
2691
5414
2738
2229
4587
1527
4919
8077
6881
9502
4014
7905
2193
8691
8824
9722
7769
1112
2434
2625
167
5645
9055
67
7936
4899
3796
861
7561
4952
7455
2455
5094
4433
501
2781
1485
4630
5975
2840
5990
6758
6528
3036
753
9020
2350
6938
6548
3577
3610
3734
9936
4145
8485
1363
8271
7026
929
4921
5948
6510
5018
8297
9326
7674
4463
7047
4162
6798
513
9446
1045
8477
6311
9058
3947
9103
42
1799
7983
2842
5092
4863
5751
9280
9376
632
1330
9601
6958
9491
225
8320
3478
4377
6240
1875
2982
9384
8960
293
8585
7339
7426
4582
3286
3416
9073
7682
8050
7955
2108
9934
6291
9632
7872
4142
2227
3782
5822
3796
6429
4911
4942
980
6071
7291
3359
2099
8587
9860
3817
3149
8308
3756
3025
7493
9778
9266
7593
839
249
5252
7906
6873
4572
7518
7086
289
1922
4529
6150
2720
2435
8143
5189
3212
1377
5043
8784
5067
5413
5933
4082
4235
404
6811
55
8814
9662
6579
3621
4883
4196
5629
9155
4688
2627
573
3991
5419
6545
2205
1983
8744
9955
3882
1675
509
4824
4517
4389
8257
7190
490
1471
9954
1279
6189
5192
7222
7519
8704
282
6202
3701
1393
4835
3494
6396
8224
7741
9025
3749
5375
7068
8225
4322
3778
3748
3546
1377
5877
9893
8184
7091
4397
3668
7000
8200
7030
7863
1952
297
5260
6556
6399
2562
5670
614
1871
7626
2108
1894
7703
2976
7801
754
3805
7012
4811
4644
3609
5007
2759
2562
9028
8271
5418
5317
271
2067
4251
4168
5600
7904
8604
3743
759
9630
8735
5825
880
6034
3572
6068
3969
3352
6576
2404
466
7500
7546
95
492
6517
7504
3328
1274
5183
2470
2358
6156
3236
9118
5424
4411
1031
4867
8903
9159
1388
303
8696
8443
9751
3917
6460
7442
5535
8009
7702
9027
9615
9875
9289
2824
8153
5826
2067
8925
6535
5413
8570
5315
1280
7076
2210
8692
1427
8566
2376
432
9394
2988
8957
6486
8206
8122
1362
351
1259
5670
2317
9061
6785
6185
8118
5457
3038
2882
4816
3089
907
186
9239
9064
7801
4306
338
6255
3047
6248
9573
7305
5348
2777
6951
4789
3035
8736
5402
6476
3056
4444
9212
6426
7189
8240
3017
4810
6681
7956
1915
7786
6718
7593
4191
8094
4949
5530
9621
2336
7544
1134
4148
3013
9140
8794
6327
2186
8977
5010
808
3341
3424
2144
4392
8328
5104
1613
9928
7513
732
4061
919
8477
2964
5672
2552
3722
759
7730
1854
4300
8746
3019
3543
9303
7240
8194
6083
8955
6325
1253
1728
678
5264
7124
8868
4067
261
180
3717
1584
4221
2511
312
8221
6195
5704
4164
8896
6419
6988
658
2006
2416
9172
5108
724
7826
2359
2543
3019
7819
4077
7462
4842
3509
1710
4596
1293
6234
2392
6374
1860
1503
2544
2578
9390
957
879
7192
660
2253
5838
4180
4722
1360
5213
6349
5824
7896
8908
8782
7215
8167
8861
2526
8558
8834
1488
285
6332
2241
3982
3901
664
7813
1314
9962
7477
7431
8593
632
6153
5625
906
5065
6404
4859
1321
4807
7214
9949
4197
484
3209
588
649
6315
4854
5403
1488
7394
1763
9390
9609
1039
6370
6950
8810
9460
453
4292
3633
296
3717
5676
9302
8820
8465
6296
3964
5846
1380
4293
9878
6405
8239
8814
1430
2435
1734
3396
8097
2616
4295
2230
8238
8336
6260
4659
1517
7923
2114
8761
7716
8764
6458
6456
6245
5801
908
8617
251
8990
3700
1749
1699
8918
5797
6115
5496
5864
1041
5569
5158
1234
3802
141
7456
7044
931
3345
4509
5323
1792
3770
717
4216
8349
8659
5898
5117
9194
8931
7802
6771
4979
6687
480
8347
9133
5997
2130
9663
5356
4006
8645
8852
8754
2279
6932
8127
1235
1541
5952
7313
9940
7722
8385
9712
8193
7856
8043
515
8397
9193
9948
2249
8724
1161
2753
8199
4125
8304
6376
5996
27
1848
5377
9539
3875
6823
941
6517
2167
1041
5561
536
2785
5022
7156
4871
5180
7811
1595
767
6875
4128
2805
7028
1693
9493
8042
7838
7784
7810
784
8451
402
745
3965
5858
4191
4722
6256
8409
1061
9755
1691
3460
1915
4602
5449
9891
7840
9361
3021
6630
8167
2540
4027
776
2480
2201
6623
3349
3298
901
6987
8680
6085
8575
5343
7206
7548
5979
7345
1105
1903
3030
3468
1034
9415
161
7476
4662
6354
8828
1607
540
4038
5856
5311
5832
3378
6600
9589
2191
1664
6653
9215
7983
4983
3005
7274
8146
1869
3960
7875
6016
6666
9062
462
7437
9559
296
5418
3878
7317
5786
5148
3699
3179
65
2952
490
2039
1335
5614
7936
3493
7760
8576
8620
7901
8967
8450
7882
3463
6010
3994
4089
2762
7120
247
1842
7138
7507
4110
9941
7391
7517
9664
3201
7402
8531
5655
1008
3827
9480
2735
1373
1061
9488
4673
3843
5755
5506
8459
1491
5612
1976
2155
6289
9266
9030
8090
2268
7737
741
4917
2808
2114
123
9543
2074
6199
905
531
5135
2905
6385
2364
7225
9589
9441
1655
2936
1797
304
2616
8640
914
3620
6010
3660
8455
5374
8859
9616
66
5059
2243
9395
1715
3623
885
3825
551
3864
2701
6123
8606
1620
1018
9129
8760
4408
3349
7806
4702
3463
1983
6774
1197
6531
8666
2575
4221
1163
382
5456
1183
1184
6395
5450
4918
2757
4334
5322
4285
6996
1196
5416
2422
135
4283
4688
1714
8009
256
939
6668
4490
8115
3672
6591
7400
6847
3212
2152
9057
4422
691
4711
3938
4626
2401
5151
9082
2869
5242
1037
5920
3058
6906
2037
8461
260
2435
2391
6376
92
6657
4129
9485
2056
4475
2190
6616
4879
1208
3916
7476
8985
9850
2763
1499
2987
2076
161
3352
32
7076
9579
8929
6435
1621
5038
2010
778
7925
4940
6392
60
6581
9026
468
8194
2546
3037
2455
7867
1846
348
2600
1066
9100
7345
4495
4603
5583
6866
6373
6755
7709
7580
7898
132
2093
1559
7299
8431
3626
3236
6558
4692
5563
9858
563
469
3041
224
7065
250
5532
2621
801
2621
6106
9932
2275
8757
2765
9476
8372
6864
3384
2787
6497
7544
9990
5650
3498
6809
4295
8003
414
825
6407
3415
3902
5205
3021
860
6753
9757
2973
3059
9428
8614
2794
512
6171
1806
3932
2987
6841
124
3001
5348
9016
8820
5188
9235
7157
3834
5199
9453
5291
5311
8717
7107
8682
8183
9801
9956
2179
2283
9068
3906
3428
9353
8079
3058
1019
4441
4046
4413
3848
7723
565
2148
4611
7532
1754
5744
4359
1944
9478
231
9978
9049
2881
1979
474
3869
4777
2668
9333
4869
1919
9518
5044
9370
4430
4917
1782
651
1897
8428
2629
2593
3199
7686
7703
6387
1725
2540
5108
4085
8353
2116
5950
6459
8183
4562
6801
5932
9266
3865
7577
4194
2296
2730
8283
589
5354
9117
5601
455
9023
5485
9189
162
6556
622
9192
2046
6738
7754
8928
4791
7764
8440
6572
5866
7811
5758
8325
9224
2167
6157
9428
8580
9181
1131
1034
7574
4824
6815
959
7858
9029
8676
3178
4194
255
7808
4778
4384
6507
6735
7967
5184
3265
4856
1624
2490
1768
6673
2234
1157
461
8094
5641
1855
352
9269
7510
6937
8571
5485
5797
7167
3951
8597
8250
4694
6124
9393
9504
5805
1517
7486
8741
8470
9599
279
2630
4238
204
672
9538
9960
711
2576
9197
5336
9862
764
3620
1658
967
2669
8151
5475
5601
6148
3576
9136
9304
5060
3055
2299
4444
6541
5847
5020
7567
1721
8921
3755
993
3199
5394
9619
2458
6373
3780
6114
691
4595
1014
7678
7425
9107
9513
3378
8431
2260
8488
4949
5799
8637
5866
2651
7548
302
7016
2277
8295
5651
3557
9620
7868
6994
6159
2651
2617
8931
1969
7250
6859
1167
8546
4583
6844
1073
590
223
8317
8394
990
3306
59
3841
8694
7652
7857
8582
2972
8855
6682
4999
9168
1918
1730
1436
5820
3205
4472
4973
761
4140
3554
7268
3211
8442
8765
7517
731
174
158
314
8447
641
3610
3794
1111
2855
7503
6313
8503
1685
6701
939
9868
7084
8981
6210
5389
7859
9564
5576
2208
1027
3067
9734
4165
4267
5975
5578
6227
8340
456
1687
9437
4319
8296
8983
8993
6875
905
2987
2109
66
483
307
5934
4291
8458
3944
3686
8778
2280
7511
9497
2747
4156
3545
5156
1567
5470
7133
9323
9477
2349
9207
8734
4009
5032
865
8231
1346
8869
3791
6738
2772
193
9553
9145
2054
2677
5970
9195
6191
4641
4702
1929
3914
9095
512
29
3048
2167
4792
1767
404
3875
4700
741
9089
5422
7446
8254
5472
8710
8603
9099
3806
4506
9883
3458
3674
4026
4484
9537
6052
138
3489
5204
7921
1330
6736
3122
2891
5429
2449
7178
5126
1260
8891
1334
3661
3471
1801
9
1434
2111
9841
1130
404
6114
4324
1885
1011
7036
1473
7674
7983
2359
1637
3437
3270
943
9021
3561
2637
8477
1628
6073
702
157
3911
181
5695
9086
2686
7405
3427
4549
2773
6277
7802
1134
4097
2349
868
5729
6622
3852
962
5373
460
3657
4429
1540
6411
789
7584
6834
2507
9832
6896
5434
1926
518
4733
1807
7033
1326
272
5148
4685
6975
4484
8594
8932
7047
4993
4204
2239
8730
9427
3359
573
3915
5289
5891
5149
5882
1754
6136
3332
8138
2930
9847
874
3870
8185
3623
63
2639
5301
9865
7435
9772
2310
7232
4675
8895
4575
3248
6904
488
7125
5778
3449
1177
9999
9345
8760
4108
4173
4388
4618
9012
3413
5864
5256
2223
2665
6473
9987
4133
7109
6990
2405
4369
1716
8862
3074
2424
1186
194
2620
7722
3131
2601
390
6340
2738
2002
6144
3136
9263
5337
2562
3258
8688
4481
1332
7983
3920
2490
6681
2260
2996
5984
5308
9344
9090
3504
4387
4472
1149
7495
8928
1717
5627
2376
5287
2819
7575
9594
3033
6264
8546
76
894
559
3397
3542
3842
433
3425
2573
7782
5232
7863
4034
2455
1807
8276
137
5708
7552
8244
5489
6745
9915
2424
7652
3152
7656
8210
8540
1335
1306
4572
8688
180
8232
8648
2234
3365
6201
2898
6887
381
7148
5794
3242
3225
4673
2366
9357
3984
2086
4428
4837
5640
1602
1957
1344
6918
3368
5909
6062
77
8009
4399
7545
8264
6089
2286
6851
9794
5548
7222
8971
274
364
8856
1883
1285
7866
9748
7872
1107
366
7001
9367
2612
5597
7384
6945
8107
9751
8279
3
6944
3017
1649
3820
7212
7605
1930
4483
7389
8876
8817
7309
4106
8486
3182
888
144
2558
442
7736
9114
316
3790
5067
1583
4752
5732
9546
6854
5464
9050
1822
7892
5262
8117
1997
1414
6385
6129
5408
2298
5423
4198
9698
3527
3820
5911
6167
270
2977
5621
2822
2984
8291
9376
1381
7102
2463
7325
2591
2008
3104
338
2949
2637
2412
7598
1374
3113
3393
2743
2332
7069
8647
3739
349
8607
1938
8472
7082
2306
9495
4839
5456
3553
1672
6626
9336
2421
5982
391
6389
4247
8770
8756
650
3758
7752
3746
8149
3689
1240
4623
8460
8569
7322
7267
867
2438
3406
1668
3478
1858
5637
6453
4057
4250
7663
9145
2106
3656
7154
1349
3167
9398
1347
4932
8210
3565
8245
7556
6726
2251
7611
4285
5940
195
6971
9218
183
4046
8962
6160
2512
3072
2590
9267
9862
8070
2011
1864
2525
3611
1837
8397
5778
985
871
4053
4625
7148
2902
3352
2900
8210
7374
6822
2312
2895
3486
2332
4845
621
1874
8399
4026
5681
6005
3846
202
8377
6641
7140
6439
6401
5813
6306
8353
3940
5793
9004
1307
3328
577
4274
739
6706
3012
862
8284
1425
9672
2789
2730
3574
2803
5606
3033
6249
9360
464
9097
9943
1669
5217
5834
7151
2077
4520
6145
4828
967
6284
7364
3548
5353
6517
7816
5184
98
5064
1492
2124
5851
9297
1697
6622
7369
9849
6145
9227
8531
6726
4280
3685
1866
2081
6988
6953
6505
9171
4485
3236
7354
5465
3776
6902
1235
5655
3190
2815
6491
9961
7252
5925
4349
6324
4374
7704
7992
2923
8757
460
9536
1821
9771
2710
3861
6283
975
2082
9373
151
577
6033
1649
7785
7091
5680
1857
763
3617
9315
3061
9796
7055
3824
6145
6818
7886
2920
5731
8576
1723
4017
5484
9495
2180
7470
489
3953
4728
4832
9838
5880
1834
6437
5598
8269
0
5423
5849
6165
878
3904
706
2542
1227
5697
5995
8943
4301
9714
1807
1885
406
5243
8572
4154
9866
3041
2236
1975
1755
4005
8974
9355
1379
5014
1718
6060
7101
7255
7085
3689
4497
7179
8086
730
7690
4412
8783
9727
3190
7610
7360
5974
8889
8913
4115
5544
6622
3876
7711
1122
572
4326
4019
130
6576
6423
9660
7447
3885
4587
7075
7131
6524
2310
9302
9645
1121
7748
5281
2598
5037
7253
5593
4942
7386
2645
3029
1159
5526
4074
8393
3686
5630
6455
9280
2178
2022
5389
3429
6981
2547
1424
7646
9807
7126
5512
4038
794
3621
8318
9142
7369
7575
646
9455
5081
6555
2717
6598
4521
3797
8087
7932
2022
9607
3083
1897
2143
8136
1947
2901
5064
5748
315
3058
9033
3168
4882
1306
2742
5080
4126
2352
3162
3911
514
3461
5948
561
2443
5914
6596
384
6816
3021
1591
7114
7655
1570
4413
827
4277
9839
3492
7188
6493
8772
4509
3152
3114
3893
2757
6703
4296
5573
142
6289
4636
8353
2427
688
2947
2662
1323
2810
1432
1407
4908
1786
6207
8783
241
6498
7039
6456
5726
9063
8973
9638
7280
6777
1283
7228
3929
574
7327
4232
2425
3530
8360
2724
9353
2156
1915
2940
6033
4984
2595
2536
5402
5613
8311
1461
6381
6498
2702
2932
6985
5650
8765
7454
7188
4624
5553
8130
6761
8857
7224
2205
3312
8565
9258
8181
8075
3385
2021
3122
6940
493
3750
8041
7716
1637
6675
7543
1430
8670
1333
4774
8010
9046
8515
2527
1726
1528
9561
684
3511
5395
4855
2200
9125
3303
7382
4422
7460
2107
8294
5227
3151
5229
2643
2041
2383
5255
7478
5864
8977
5514
6776
2787
2421
2938
1969
7309
6210
70
654
9166
9719
3170
1776
5486
9837
8179
3889
6780
1177
3798
5154
4331
3869
1725
1264
6810
7886
3479
9494
2014
208
8763
6827
175
9501
9457
3227
4044
6165
2349
8980
1867
8494
4281
7399
1969
3709
8093
1742
5578
5085
8030
2253
1846
6956
8224
2369
9201
1686
1849
2997
861
5224
1252
5331
3069
4230
7583
9223
3536
2921
1745
2319
4680
8320
4027
7807
2455
4247
3034
9250
8885
6309
2550
4714
7185
1487
2427
2536
3265
9450
9313
2055
9335
5566
5338
8147
4674
2742
5719
3047
9822
7779
8503
116
2745
5520
8206
3325
179
1185
9677
1215
609
5940
6100
287
4350
9914
4305
9115
7263
1487
5347
7426
6833
9092
8608
3871
5538
1374
2031
4160
2312
7496
834
4198
9282
8355
5572
3141
6409
4589
7547
91
8466
847
1786
9950
3395
3281
7238
1805
7007
1032
5859
3768
2352
672
3306
6540
7312
2100
841
1078
1012
4810
2423
3161
8710
2124
1762
571
7213
9473
8167
2041
9051
7226
8253
3675
5731
6040
7407
963
6164
5146
516
3006
871
9684
6829
4029
1009
3308
2202
1197
3925
1118
8281
4386
8841
4144
3660
4435
8755
8943
1350
430
81
5016
8706
6812
9026
9459
1503
1359
195
8409
4268
1880
249
7110
6748
1142
3208
8841
9414
7433
2815
8777
1468
2548
5601
5138
7110
2016
112
5965
9883
4909
5143
5133
9483
9987
4884
854
7163
7255
6432
9224
3933
8474
3725
121
5964
9339
1227
6864
8769
1181
4934
8253
53
6451
3040
8743
6964
3543
2854
3789
1610
8058
4802
9198
3789
4917
2589
597
1718
3871
2254
7979
5341
8343
9140
8272
752
6561
6364
2516
9007
334
7567
7616
5880
723
4122
5538
2234
8252
859
5813
2360
7625
7382
4911
3212
5622
8337
1300
2852
4633
6706
5111
9182
7733
6739
9905
3276
4635
5167
9450
8532
8896
8540
9700
8855
5833
5989
8840
2636
3858
3234
8696
5448
7135
7990
8515
8860
9194
4053
4775
9338
5771
6560
5616
7413
1110
8975
5423
1589
7725
4185
4214
8692
6374
8739
7839
5064
8248
3155
6908
8477
5727
3823
7610
2158
2223
9927
8191
4880
7381
8300
3874
7324
6680
3115
1577
2022
9310
5226
7389
7870
1884
7326
5051
1171
3238
5863
2100
7567
4580
8840
4083
1939
5797
8423
158
6783
3453
3389
2902
8894
9610
3818
5753
2108
5876
5208
3847
7045
7411
9610
81
5788
8475
8466
3421
2260
9794
2204
9494
4671
8450
4234
7521
9808
3097
8572
6202
8175
4861
9387
2988
5624
4942
5395
3664
7360
836
9435
5517
2006
5095
6274
5854
6226
1406
3144
8305
557
1135
7190
4699
5484
3220
3179
8265
4090
4015
228
3521
5040
5332
8134
3511
2036
53
3547
2875
1580
5179
1047
6176
1437
1344
7782
152
7540
937
1733
2154
2224
8208
9353
2038
107
8401
3039
623
291
378
9137
1143
6681
2997
9938
4744
8500
5202
2998
9710
3891
3517
3825
9027
3934
7023
8411
6850
5943
1297
7228
6925
8867
9547
1434
9738
4527
5434
9916
1416
3712
4720
153
8640
6651
9765
6914
3670
4046
3531
6969
6478
2489
9999
9805
3259
7292
6267
3107
5074
7839
9465
8162
7294
3912
9122
2891
1933
2732
3637
3811
8344
5173
643
5951
6735
1868
1574
3691
3555
7636
5634
855
3165
7827
6148
2574
1979
5885
1287
5012
811
8510
4117
1547
9360
8772
2970
7442
98
6359
9989
8155
6466
6502
8360
1447
1866
3695
4190
4209
755
1899
9228
9828
9616
4932
5360
6649
4584
6003
1510
4177
4593
58
5610
7291
2888
1291
7479
7186
8589
7907
7310
5494
3802
2887
8290
2342
5012
2713
9312
6695
3387
3575
1389
4068
3532
7632
3863
8658
917
6148
4141
6605
8568
7575
5434
8181
9033
1137
8205
7039
5154
1365
5348
2265
3158
7564
1463
990
8001
3581
8113
5682
5326
2892
3176
7915
5299
5564
6446
2844
8231
3394
7408
9087
7620
6328
5643
9453
1607
186
1295
6829
5541
5712
7548
7848
9543
8905
4457
5589
3141
3584
7667
3014
5729
9662
9538
5709
2298
3211
3368
5548
2514
7538
2402
5160
7433
833
8689
6633
4776
3626
9090
7217
7545
2057
729
806
8291
2545
1149
3982
4100
6805
3996
1430
1176
2768
8895
5199
7334
9714
7321
485
8969
9432
3961
9709
8235
8583
5470
9435
637
5924
90
8813
5508
2707
4911
4952
1470
9562
1575
5245
9043
1040
704
1607
5094
6504
707
1283
8297
3540
757
7468
7936
4392
2967
3747
1838
7421
968
3816
8653
3870
7691
535
2617
2114
9827
9889
5115
5094
4202
486
4196
1158
2465
4604
2639
3816
5426
4623
1145
7110
7857
8277
8892
9798
1217
5933
5431
4055
1859
1971
9545
5546
3288
6562
700
8939
3336
9495
6399
5850
3308
1421
620
6266
5877
4939
6376
5590
7023
7750
8568
6971
4848
7860
1777
4118
6891
766
6648
3386
641
6833
6456
1662
7207
3602
7953
5265
50
7579
6334
5227
5295
2759
4927
5905
5967
949
1061
7652
7903
3468
1036
1351
5222
4444
6402
4715
3400
5276
2822
9914
5528
7222
3404
7404
2234
2043
4157
1528
3878
2564
9578
7307
9176
2230
7793
1934
5732
3089
3001
4759
9094
7925
8248
7855
8584
3218
4596
4251
1678
5083
9621
905
1307
8437
1817
7593
6742
2946
4642
6021
2534
20
4378
4959
6938
4560
6550
7686
2150
5729
8393
4195
2824
3270
4591
3814
8985
7033
9610
8697
9359
9901
9273
8813
6910
9859
6132
9657
4062
5273
2821
1740
1256
1648
5008
331
5371
7544
9907
3627
5099
666
1640
7165
4025
2273
4199
3265
4189
678
2728
3944
9887
8423
9255
9226
3958
692
5824
720
3336
2614
394
1456
5088
5771
8944
3091
8589
3954
5930
2996
1111
3199
6426
743
572
652
2707
4819
9833
8653
3492
1197
2980
8990
9489
9827
7414
3659
2738
4402
2838
2844
8005
7557
240
5898
7487
9306
7557
3666
7696
6770
5436
6262
4885
8565
8806
1482
7670
5088
47
2738
6303
6492
5953
5989
3660
5708
2754
5901
3902
1731
2205
7278
7226
7279
4030
4705
3681
4422
5719
2557
8426
1323
9776
768
5867
9245
6027
7183
2166
5837
3797
4952
5120
2650
6409
2992
2813
6762
3358
6062
1655
7175
4305
1011
2990
1763
9421
420
1113
4986
3510
2565
9818
6227
4790
2132
8608
7298
31
5487
3270
333
4975
9363
8169
9001
7553
7027
2934
2240
5359
2097
6306
6081
6949
9900
2755
1445
722
4166
11
9
9800
5696
822
4861
5442
9476
5497
5319
9269
5679
9258
8837
6447
1177
8046
6126
4988
7826
1181
5507
2712
9995
8930
9127
5199
6990
7070
807
2255
651
7741
6488
4095
5665
8528
5053
7609
9125
2937
4210
994
6113
1686
9640
5979
6428
5492
6732
6016
9970
1620
8918
5134
8496
2235
1691
4321
7470
1460
288
3466
6041
3888
5500
3792
7948
7870
5352
1982
4442
8613
53
842
7419
7005
1130
694
3425
7598
4249
2303
949
3265
4989
4499
7555
498
7539
3472
9279
6871
5649
3479
8482
4474
7863
5023
3013
5202
1329
1941
9944
9552
1750
3233
624
485
4816
3413
459
5105
2840
462
8481
1142
7821
7757
9161
6747
257
3551
7797
6045
1120
3032
3803
7791
4974
3007
8768
5154
7388
5203
8115
4831
8135
4155
148
4129
2077
1050
5135
1553
4444
593
7385
8841
2697
6415
3654
6313
2522
3076
7124
3976
6097
6563
2103
2194
1909
5061
3490
7840
2382
9307
7791
838
2077
1803
1595
5013
6470
4203
785
5041
4411
6380
4769
6796
8518
6190
7581
3041
4066
4705
8960
6877
9383
1915
1403
7416
8400
4182
3501
3810
3434
9121
7951
232
4188
9862
5353
5045
2462
1372
2868
1845
9559
3971
6669
2053
6647
8764
4227
918
1117
1419
909
1713
4294
1013
299
3108
1267
3267
5799
3947
8037
8185
8615
9945
680
400
9587
1013
9721
3423
7869
6290
8613
4297
7458
1063
8128
5471
4859
3901
8191
7126
1440
6935
8466
5331
378
4683
7298
3699
4483
6158
6242
6664
2429
6399
21
5629
8091
7945
4780
5530
4752
716
3994
6067
8002
5717
838
4843
8058
3866
4060
5974
1564
5554
65
699
9533
33
1360
9016
8613
673
7478
6657
771
6235
4550
6704
4839
9109
2714
4752
7280
3462
8808
7477
9427
3365
3244
8562
9764
9456
2775
7854
1284
7656
1396
3121
5032
713
6723
1192
2929
359
2052
9656
3261
1443
5489
9503
1498
8382
1736
6037
658
9653
5204
8722
6312
1002
8103
6698
4109
5763
7110
4499
3710
2539
5281
8519
8302
4951
9661
7413
2572
3171
9856
7713
849
6347
8441
2028
824
7494
1449
5630
794
1884
6978
4176
1157
1560
8170
2150
504
3144
3403
8121
9470
8417
6123
7155
5012
4304
9108
4051
7272
2459
7535
4049
5937
2758
3921
7852
9381
114
6594
2894
3419
64
2597
3345
46
5315
8329
5450
6922
6866
588
1588
5958
8093
6439
1016
4158
1063
458
7496
9419
7506
7444
2779
5153
6873
5806
7538
9654
934
117
5081
3946
9268
8019
8106
391
1630
2313
539
1190
7654
5211
71
539
3267
5384
7770
3263
385
6308
5686
9704
2876
5764
787
4695
1623
1157
6100
8909
518
7961
8628
1771
4989
9919
8590
5
2047
430
764
369
7656
7933
8952
5874
8214
5442
8510
7180
338
1350
9474
6771
6237
1714
2494
7365
5365
1480
6676
1920
1639
4111
3394
2609
3694
8588
3459
10
185
8362
7873
5439
11
7783
6841
142
6812
1114
6647
4888
317
8788
9968
3504
2969
6738
8399
303
1430
2796
6599
4082
1371
8318
3431
6097
5244
2320
3547
844
5696
499
8399
8532
1140
9771
142
2099
8936
6708
5193
9769
1975
786
8404
6372
9508
201
9354
891
4015
1605
5904
9335
6439
4887
3527
9662
9802
5917
4363
5870
1384
3389
5737
67
9334
4734
6509
5493
2782
7890
2361
2465
7571
8676
3073
5057
6050
8826
5555
7803
3172
2359
3893
3891
7968
1568
263
2254
1069
6104
2775
5252
3429
9259
7859
2081
9718
9827
7128
1144
1282
1530
3786
2756
8134
2733
8653
6093
695
1578
2079
243
600
2726
8952
170
9480
4796
9914
2451
5897
1189
6323
3794
3019
4257
7073
4161
1863
432
485
8384
8904
6464
2256
8487
7155
6179
6234
1243
2135
1116
3729
7864
6431
5765
3598
1265
3493
2448
3572
2785
4689
1145
5778
4573
8382
2980
5416
9224
2013
8936
8726
4978
6196
6199
4751
8910
6926
5097
348
15
134
7988
3725
9678
8574
7194
4795
891
1225
7423
6281
333
1017
6534
8441
5591
4450
3255
7499
4602
8782
6814
8207
9233
122
2675
1708
1565
9469
3522
4809
7741
9016
7623
6168
953
6697
8616
9363
2107
906
4142
7166
6219
6486
8800
220
3046
3052
4510
3582
266
7100
8184
1702
1409
7678
3593
889
6279
4562
4451
8371
9545
3537
184
5173
44
7955
3138
1961
6119
2026
3296
7094
9503
1164
7517
7503
9629
1678
862
7397
3309
2123
168
7485
2854
4356
4572
5117
3521
5201
8721
3679
8248
3301
5932
9544
9564
9936
7901
1810
3362
8191
6681
3813
2812
5742
2640
7813
4720
5357
3323
2309
375
4912
276
1033
7140
8592
1233
6617
814
5567
7102
9681
4380
2137
6150
469
6541
885
8046
1042
3041
1195
2990
8144
6823
4544
8316
260
6915
5341
9431
465
8235
1710
7886
5486
4335
9302
8683
5107
7283
6415
1215
7325
6491
7903
6874
2049
4210
5382
5703
7325
2934
8420
4626
5882
2019
4984
5351
8414
5866
1026
4712
9342
8670
8650
3563
1888
924
2922
6590
734
4244
8518
7528
6022
1800
2796
2653
2143
2800
6230
4205
9879
3191
509
3721
7111
117
1383
8739
5688
3498
7617
4258
8574
7844
8295
8015
4546
5693
8256
6127
1694
3109
7864
301
3394
8087
7605
3234
1459
186
2874
5428
7875
9574
1417
3640
8524
65
9843
7638
4085
9254
4316
1672
535
8224
3370
7934
5353
1144
9756
6961
2936
3929
920
3969
1187
3100
2812
8398
9314
1413
4133
7760
598
2329
5102
3331
443
186
6528
8514
4507
6481
152
7198
4844
1223
2327
7836
2281
7216
4147
5305
607
7477
5306
7994
2718
8028
7430
5716
6815
6325
172
6388
8916
8275
6463
5405
9434
6534
7938
2492
1372
6497
330
8617
9330
6157
1153
7020
2246
5257
2775
8362
5703
1740
8515
6811
5542
8361
4552
6456
238
8894
9730
5030
2161
4873
7040
7882
3981
3862
5547
600
7853
9193
1028
2268
1275
1685
3501
6996
7332
9592
8125
9832
5220
7363
7703
1991
9297
2601
8276
8063
4659
9939
3884
9161
96
1981
1316
1550
7510
5521
3250
9434
8130
3214
268
5084
7005
7220
7870
9558
4310
9327
1594
872
8987
206
4697
1523
8769
3759
2896
1133
2243
4376
6830
6096
4630
1124
5201
4638
8955
3257
7401
134
4030
5378
3572
6620
4460
3166
9464
9800
9537
5188
4480
2109
4815
5552
7485
6708
4843
3167
5214
6612
7137
5507
3195
8336
4983
4211
5802
1214
9839
1347
1428
2496
326
5083
1106
4928
1274
1126
4641
716
1609
105
7540
3004
3924
5918
1641
7932
8914
7213
4532
2090
6097
4646
8855
238
4359
5293
6211
1489
7959
6994
4120
4971
6303
9836
5144
8781
9629
3889
842
8279
210
3892
107
4024
4687
7676
3502
2656
588
7197
2244
8179
9112
3334
6263
6060
890
6246
768
6795
5829
7883
4104
8989
8811
3880
9836
8198
5656
9843
1961
7038
2847
5448
4119
5221
5699
3037
1539
1332
7899
6708
6276
3170
4120
8182
5294
4991
211
9138
5205
3633
8303
5874
5305
4568
4174
3494
4128
5104
2784
3647
2706
6307
3190
5274
3134
456
820
166
7705
4716
4
7524
6070
5083
3495
9115
1185
251
6775
6165
6326
7926
2377
6090
6015
2018
3470
7127
3210
4862
4360
8506
2985
5947
8233
1052
962
2484
5430
283
4151
6284
1451
4931
656
99
3673
1193
7172
6116
8682
868
343
2942
8869
392
7869
6941
9357
5872
541
7124
84
9287
9536
9082
7884
8948
9625
3694
8174
1951
8159
9687
9732
6964
8085
9325
8432
771
570
6318
3008
8674
7100
9054
761
2464
3032
2014
4528
7830
2860
8503
9016
8188
286
7107
4325
9860
8821
2297
8511
4375
7029
3203
8194
3067
5240
9245
6146
8894
8024
4829
4652
2370
8233
6473
8936
6469
9523
6665
9819
5627
4845
3482
3688
1114
9461
828
7558
5858
2140
521
5293
1399
8366
7331
8586
3980
7263
4968
7154
9838
7969
2612
6628
6906
2290
9700
9046
9212
9218
1890
3937
8661
3219
1874
793
4984
5561
104
2372
1569
7233
3667
1021
8978
9485
3978
7888
9148
2749
2690
8629
2422
8490
1353
2922
9117
7435
4946
9560
7497
8587
6365
2040
1191
386
9922
2974
1960
3743
9754
1491
9525
4743
5754
2657
7133
343
1501
5848
5485
3974
8605
8750
123
7926
8558
4690
1376
7337
4807
3505
2767
2095
6878
9442
1637
9406
2414
5308
8255
9163
9384
9447
7507
1204
8739
9888
4428
5584
6737
9510
4485
3022
7856
1073
7473
8170
457
2546
4629
5710
9432
3285
947
2005
8297
8772
5844
9434
7627
6661
9056
144
1220
2388
5501
5147
6561
5467
5042
3883
6664
1149
7031
3752
8156
9026
3627
4233
4636
5004
2657
271
7769
137
377
7998
5969
6849
3302
6028
5981
6559
7889
2434
4707
1437
73
9888
7225
4776
7556
8044
3287
4962
1143
1434
4407
726
3854
5688
1292
1142
7609
880
7068
6528
6836
625
8604
5823
177
4743
3286
5038
8579
3286
9929
3879
9977
3302
8766
2874
4438
9688
1794
2697
3785
9287
8805
7568
8318
6266
2333
7650
4864
3446
3415
1566
313
6336
8988
5920
7991
9599
540
2724
9773
4608
618
7766
387
7795
2564
4533
7835
5763
4765
8981
2898
7155
4760
1124
3246
6020
6515
6452
5530
4371
3214
8279
7915
1743
726
3401
9934
8360
6419
8375
2049
8899
2218
9885
939
3610
6640
2589
8776
9520
7772
5468
8900
4258
790
3126
4931
7305
8658
7538
155
7116
4756
9440
4879
6771
6335
9054
3898
6454
5374
1098
9476
1428
6013
8914
4147
9759
2773
1031
5376
5076
9138
5616
2773
6088
6451
9163
4225
7790
430
9774
8184
6598
9933
1612
9961
8911
1481
2963
8413
9469
4913
1921
7289
5190
71
4759
3184
8982
1847
9238
6345
210
4869
8422
8200
8905
2
1686
219
9991
1563
7757
2275
6643
7790
3151
7037
7192
8697
6171
9100
6993
5649
5585
9541
8462
4491
257
8263
451
7483
4606
1605
4511
9495
5362
7585
3785
1767
7803
4550
6071
4396
9347
3906
7865
6330
557
2030
7250
8995
3083
3420
2326
1473
8845
3820
6079
7935
9060
5899
2042
4245
7140
9160
1166
7502
8168
3892
8397
5703
8143
5574
930
8983
9364
3704
602
885
4059
6993
6240
1323
7111
6751
833
3445
1705
6753
4254
9398
7763
3135
5631
6023
6075
9079
5988
5260
2523
6357
6439
998
2261
7070
5149
6798
5603
2249
6396
6964
732
329
4134
613
7187
1499
9572
8274
3402
3881
5342
8563
3284
3017
198
8055
8599
2774
84
2598
8944
5673
4812
2950
5249
1155
8924
6086
4789
8313
8049
9659
8740
3356
4986
3796
8338
7395
164
8748
5906
8552
4516
5051
9065
2061
9843
4521
5885
3993
4227
7713
2411
8578
7504
6589
8055
9368
9506
276
4494
2972
1999
7661
1688
5707
6333
5358
2186
3068
8341
9701
6647
3297
1667
8002
2759
1805
7722
6256
399
8755
8756
1583
816
7206
2743
383
9004
6338
1396
3434
4866
3990
5625
9118
2331
8845
8581
2485
1629
568
379
6755
7805
8473
5344
908
6513
1550
3135
1216
5123
4169
7884
3029
5938
8904
3222
5518
915
9605
7461
9869
9157
9596
5922
1282
2881
7588
6166
3663
4384
2108
8107
6122
5894
2436
7327
3261
4141
453
8054
7758
269
9966
7775
5158
6886
9868
399
7985
8480
2965
794
5105
410
769
4880
3886
6303
565
6931
3902
4486
5293
4311
1645
9560
8037
995
4617
4541
6341
4228
5389
5679
9735
3488
568
3232
2774
7415
5273
3944
9749
7622
5722
6006
6569
5398
2534
7031
579
9521
8951
1701
5838
8612
5744
487
7137
1408
2772
2006
8482
3243
2674
7903
2168
2403
2526
7908
9291
9731
2236
3037
1258
4606
1387
2013
7032
7559
7708
9983
2947
9107
8974
9711
8915
1031
5704
7109
7660
6219
7058
4540
592
1760
5440
4832
2948
2989
4907
3574
7405
9781
3454
1110
3367
1653
9402
2691
50
6265
6503
8859
7401
3838
9191
2345
1632
482
2920
6728
553
7608
4935
946
5219
7943
5787
5015
7472
1810
8933
4025
7282
9363
4754
6676
2065
2768
6026
8859
5819
3807
8200
3805
5257
7734
118
3991
1305
5563
3973
4195
7533
4922
870
2286
1888
5637
7752
6294
4336
8581
8782
3666
9229
6975
3820
1645
7852
7954
4782
9658
9736
1101
1637
2843
1910
8893
8415
9804
403
5796
8178
9946
8604
5637
6757
8450
2969
3516
9178
3716
6824
5819
3068
261
9250
2894
8321
6132
139
1264
732
340
8395
3863
7234
1704
9188
5098
9094
2942
3632
6803
2499
7186
9545
1615
3670
5459
9796
3745
246
2162
9755
8423
2353
8454
7653
965
5828
4541
1332
6254
6182
6285
8634
1905
9169
2969
4793
4719
1039
5103
8054
2410
1053
4893
4585
7193
8814
1524
7316
9257
2927
7445
1629
6910
898
8328
5242
6359
2889
6236
8200
6767
609
6697
6840
6207
2105
4432
9015
1248
7661
4228
1688
9871
3859
6338
9984
7306
2049
7483
8989
7830
4953
6594
2948
6931
7027
6625
7030
7351
2501
182
9422
4055
3777
6155
4009
8165
3451
2307
6531
1506
2502
6320
2442
6356
5594
5170
9153
4595
1123
5994
7523
8318
9561
6588
2658
1499
1368
5699
4603
6587
604
7006
7448
299
5898
6104
2146
9319
2205
950
1008
8281
2796
4425
9184
1391
4533
7971
7745
1019
5672
518
443
2035
3266
6888
6187
8681
6549
7843
8591
2837
3680
9368
7611
7519
7216
9476
9925
2313
4019
3643
7619
296
9876
7265
1247
8803
5960
8968
2163
3171
2628
4003
2311
9819
3881
3112
8901
7410
2877
5588
7077
4955
4567
8121
6154
54
167
9843
4168
9759
6608
9096
3648
9315
1874
1261
9257
6371
8600
5669
9805
6562
3099
9236
3677
6953
4929
3570
5602
521
7238
5484
6945
5376
181
3124
778
1620
9203
5592
7182
9613
7752
3584
6186
2816
2571
577
9812
9461
1864
7615
6368
5370
2545
5135
2080
6592
8287
8826
1942
8739
4451
2445
1047
8520
9341
6077
2943
9582
8471
1208
3306
6695
3504
4215
6982
5552
8769
416
4179
3420
9645
4280
4899
7631
8649
2934
4372
934
9701
466
9991
4
9959
6636
4780
8870
5219
841
924
5560
4585
3703
4163
3553
7355
5954
7208
7641
4760
6464
8138
780
2346
5031
2840
9430
2617
1150
3805
7357
3482
3728
9351
3391
4983
9165
3762
9232
4236
4010
4502
4197
9947
8857
4042
5455
6781
1652
8307
5183
3558
6883
445
2632
9924
237
6228
4643
1811
5723
191
4075
9935
2151
9738
9320
7592
2067
239
2441
8635
5559
1345
9210
1171
1666
9412
9446
4395
4081
1948
9157
9678
3038
6896
2230
2221
5264
2842
3561
9341
8112
5903
7107
3866
5147
7222
8820
700
755
4102
5013
4693
5265
7856
3818
7923
245
7622
5640
1880
4494
9702
7808
2340
8181
6664
745
6796
7379
7904
1660
9577
8578
6575
5001
6767
7601
5693
1911
6120
8050
747
6952
4605
4749
1592
3178
1584
1239
1602
7994
8665
7774
3591
4596
1163
2283
4359
7269
4850
1066
9671
9137
9804
3765
3189
2992
9121
3324
3635
452
8112
673
7330
5382
9287
3280
9085
9310
9742
7740
2830
144
7841
8709
5537
5987
6873
5653
8707
7198
7365
3561
2182
4108
1322
4061
4388
4910
1812
6768
6253
5519
4872
9095
3968
8803
5928
253
2530
2488
2257
3304
3933
2479
1285
9319
3912
7524
3424
1399
7071
5800
6761
549
7759
5760
3975
5134
8160
998
6829
610
3839
7485
8708
5367
631
707
1043
505
9180
2559
4109
6591
9555
9689
