9762
667
4637
3564
6681
7374
6545
7340
1768
1296
8654
368
9045
6876
8947
1733
5977
3810
9261
2033
6639
4984
2465
1543
6092
4014
2953
26
245
2270
4522
3689
881
3586
2350
5113
3788
5760
1730
9584
1428
7137
7246
8845
5332
1615
9740
2454
795
908
7127
5417
1912
9311
9042
8532
7060
8106
6721
6783
7708
2455
8808
471
1178
6529
9199
6550
607
9502
542
30
8255
4314
6235
8581
8153
4607
5053
4937
7665
6960
1675
2900
1595
8181
5254
8971
4278
1377
8720
4049
2291
9119
6104
3945
1553
1307
4628
9688
9159
4509
1225
5033
9853
3503
8009
7642
8327
7600
713
9571
6302
9170
2110
7031
9197
3565
6980
6051
6597
4534
3339
979
6685
5386
494
9764
1818
9189
2961
5524
1255
9391
3462
165
6753
1030
2140
8593
4162
5079
7973
472
4920
3429
2755
5412
8801
924
4030
6462
3924
8751
9268
3465
5103
205
3357
7787
8233
7666
8970
2188
3220
2394
8826
1224
6705
3841
6361
3486
8751
8310
5109
7019
8545
9198
1021
7105
9323
7412
89
4880
9993
8238
1584
7127
8748
9643
6682
1363
9762
7960
5523
790
6145
6594
9241
9523
9679
677
546
9494
7505
3251
7148
673
6846
4961
6610
4992
1696
8715
4280
3902
1222
4520
6804
8081
5272
504
8249
5504
2169
8601
7969
4228
8098
1801
3526
172
7745
9366
3773
8379
5613
7778
2719
5501
3540
9042
7414
4871
1491
4053
9024
6795
2433
7617
3683
8586
2584
5688
7422
6037
5297
6922
6951
5660
7276
5557
4662
6391
1193
2888
8029
1075
9382
4533
4306
8707
5301
1812
3819
8616
4472
3332
8581
2748
8524
3388
769
4120
6639
2688
5388
8726
3728
8511
4313
2768
8866
1769
7836
3159
5884
2510
7702
5408
208
4866
5752
9209
4022
5021
5254
9609
6644
3550
9291
3173
6780
7919
5106
8974
8178
4899
1671
8296
616
3628
4731
9798
9337
5866
4750
8801
366
4286
5724
6920
672
8508
4119
7152
5051
879
6076
4941
9930
7206
5221
633
4197
5228
4042
5984
612
7701
4965
255
6671
5237
6785
8097
788
8283
4110
3064
5283
8026
7379
3773
2313
5159
1360
7967
3239
6254
3568
8935
3423
7264
9847
6812
3547
8376
8190
2082
8874
3835
7528
5326
9607
4941
7055
8068
5303
2704
144
2321
9727
9639
6992
6645
3648
1816
9546
4520
4032
1216
6358
8989
6
3313
5975
6883
9058
9430
192
7976
6454
5304
4852
2089
9685
5945
5418
9765
6791
6413
9193
6672
8118
3240
8758
9058
936
6594
6839
4751
5193
2807
3874
3538
564
6844
3575
1970
8126
8236
182
6359
4479
7408
655
6821
8429
6621
5253
6519
9175
1622
7965
7815
4843
2978
457
810
5413
57
6075
7417
1685
3049
9048
3289
2620
3269
3851
8012
8994
7340
7859
5185
3430
9175
9019
8838
6131
3932
3907
6398
6540
7968
5280
5181
2260
986
5773
80
572
8578
8571
6009
250
4872
3005
5528
7378
4944
6889
4486
6228
1131
9499
1243
5153
5922
3628
4799
7131
8284
7130
349
8809
4350
9125
3764
3748
9634
4086
1335
7792
6960
7947
1732
8202
5112
8275
3442
4971
802
1747
5059
7686
8429
5235
681
9268
2932
7800
4869
8345
4575
5646
9930
3842
869
1793
5632
1758
734
2520
9221
6486
5799
2703
7358
8970
7199
2368
6763
4330
1582
4733
1752
1998
1174
2077
8879
4450
8305
8897
4315
9345
7514
8401
3608
6012
103
3847
438
1991
1876
5464
8237
9889
6347
6106
138
3871
8191
1623
2839
451
1673
4717
7256
9294
6441
9102
6338
4127
4350
7195
9542
1910
3008
4312
7115
5786
4970
9948
9594
3508
6054
9048
2866
7254
113
4017
3836
4139
1869
3532
2666
2635
8437
3781
2776
1627
5499
6619
7684
4208
4493
7243
2393
8430
2999
6088
1559
6609
6738
1620
9455
3895
8313
6750
922
8856
428
1656
3337
147
1581
1235
4647
1878
8968
7753
251
8409
3616
4663
3738
3592
2260
8261
1593
3547
17
9028
1936
1028
561
8227
1818
501
9457
9949
7208
8347
7936
9378
261
9115
1027
7424
2372
8423
7029
3839
3750
1532
4892
2774
5065
6587
1431
1629
7866
5347
7763
1776
2330
1416
3885
8540
2478
2130
9474
5961
1344
1572
4402
7396
5747
2582
8450
3944
4708
6578
3905
7177
9837
5512
1490
7340
8579
1758
8952
4582
4431
1800
3425
8528
4473
4400
8713
1460
4399
2209
3439
4678
9558
3670
8548
5730
1416
4394
5936
6334
4379
2395
4846
8283
3459
8257
9912
7390
4573
2677
8221
3829
236
2975
6831
4952
6513
5424
9577
30
3539
7144
8077
7273
5230
5349
1164
2287
3975
3722
4943
1365
8046
1447
7538
8346
3756
506
6000
1726
2460
6050
1594
9838
454
396
3104
28
550
2429
1602
6367
5499
3178
9856
676
572
8262
7774
7120
4229
5081
6947
7635
3919
7578
1697
4586
7965
5769
8879
4386
9506
5403
305
4692
5936
9459
4985
6321
1452
6954
5207
9067
2270
8570
4684
2365
1652
3325
4092
6568
2565
5149
7490
2796
3587
807
6093
6175
906
3649
8216
3325
1941
244
4696
3452
9119
6168
4062
3338
5127
4363
92
4229
2493
2526
84
5511
6442
6252
9996
7228
6140
2920
862
9378
8670
8098
4956
6572
5142
4485
8529
7426
9175
5376
898
8009
4423
7055
6259
2027
6443
5957
326
4370
5343
4712
6142
6198
6082
9689
3569
3456
9709
4911
8204
8074
3444
5983
7201
1014
8613
9146
7756
7560
9326
9347
1475
3632
6731
4235
6107
4248
1069
8571
1415
8246
758
5310
9868
9118
2000
6200
6368
3752
9101
54
9888
2313
3369
8755
3153
2177
2940
4853
2878
7968
4332
4802
5232
5301
3552
946
4460
2437
3311
402
9429
3156
9638
8354
4819
995
2600
2316
4300
5271
7520
7745
9422
418
3922
6754
9758
1936
2719
8728
2507
6047
4487
800
9084
1196
7145
4103
4168
3302
9766
8093
6692
2625
7700
9257
358
6826
6622
1817
1353
7218
4360
7476
7177
7177
2753
1039
334
9416
5745
7384
8406
698
6210
9618
3819
5160
7499
9917
7188
896
6134
9105
1286
1153
99
1847
3467
9382
1606
4404
3659
7772
4156
1619
3751
2050
7563
7342
2933
2556
327
713
4805
5540
3824
6587
8145
781
5273
3961
8835
4533
9028
7105
9489
8935
7016
1600
1140
2474
7269
2784
5463
4490
1806
7906
4090
3137
8116
5460
6885
3137
6356
6175
2986
1521
7287
1583
7571
4449
2072
6047
2651
683
7298
1825
249
7176
3783
152
8982
9244
9261
690
4479
6352
8626
1541
4903
7914
5985
6980
1492
3435
4413
9997
8393
8853
2970
7203
5220
6502
6907
4964
4046
3349
9173
6406
4352
8904
4547
8578
3093
5152
2563
7293
8218
9409
2110
527
6481
4194
1012
5746
3957
3757
8629
3465
8296
8468
4045
9530
6536
3937
935
858
8337
6535
9042
8387
2940
7674
6833
4916
4500
1400
2427
8213
4281
3955
2851
2518
2270
7724
6451
8547
8396
3373
2049
7062
4666
3746
2164
8297
5108
4037
1215
54
6616
4389
1803
1709
8000
6243
6116
3969
537
5897
2250
2799
8114
3527
599
7580
2032
6619
7168
5706
4222
7724
3989
6871
9634
9748
6850
6931
5899
1319
6264
9531
5062
8836
2278
1543
8560
4071
6704
3116
7814
3576
882
1646
4472
9092
7470
1542
1820
9605
7473
5548
8302
2689
835
7074
7797
7436
9837
6460
1489
2699
629
2767
6689
3942
7717
1893
6977
5737
746
6890
8624
2616
5800
8631
7407
6812
3931
5384
2949
958
5656
1596
6368
4302
8722
6585
2039
2704
5352
6729
4778
6916
6795
6181
2875
3313
782
7916
4693
4542
6374
8368
8810
2605
4081
1293
2220
6531
7491
4135
4257
7624
8971
9871
2921
9992
8004
8017
9979
1075
9815
4045
8347
2055
1518
8832
6393
2328
211
1823
7971
1482
8439
1216
2714
3195
6399
7620
4849
1967
3081
7349
3234
4808
5452
1752
5788
7042
2189
2670
7335
169
8430
5325
8519
2984
2193
7190
1518
4351
74
1747
4028
3184
2978
2207
6066
6582
1544
2945
6069
6194
6274
6390
8685
1843
3345
8699
6349
9985
5970
9732
1213
5959
5777
6780
3250
4875
2248
6793
3872
8138
3062
1483
5398
7797
1562
609
9479
4002
430
535
9465
4257
7249
7760
3206
3004
1965
9837
4544
5097
6887
4087
1138
7599
7764
4638
6609
5827
1976
8174
865
2862
6138
1307
6452
3612
6548
9114
2589
8884
503
2299
579
5663
299
2406
5297
2135
3811
5041
1306
9357
3263
4811
9065
9831
8523
3112
6135
9220
9333
3194
7414
7037
108
4264
8138
7402
9044
7053
2567
4830
5173
3184
5238
353
2323
6492
8593
4104
7177
2651
2126
8274
9423
8628
2664
8417
2314
5213
7736
6932
9826
5631
9555
5069
8831
3525
4893
3603
6829
6912
7755
2150
5406
5691
1878
3611
7678
853
6267
1011
4594
1872
2640
5468
10
9461
2049
6803
4021
946
3464
6868
5428
2322
9547
2289
2359
5223
5295
9691
1347
7718
7419
2863
1877
1726
3879
6336
3904
6503
1475
5101
2594
5204
756
8414
1460
2948
6265
8513
65
6458
1292
1371
2574
8423
7252
317
7015
4113
3831
6869
2891
5378
8524
7773
7389
9984
4126
5077
7452
5172
5805
9256
3788
25
9039
7709
6227
5283
5796
9949
8848
1514
4247
6283
2837
513
160
2677
3045
247
3814
8838
7432
5306
6866
5797
2572
1602
4990
5661
9350
1313
8365
4202
9318
341
804
1677
7928
3384
358
6108
1623
629
605
6297
6332
5718
5108
2621
8260
4830
6834
1281
15
1168
7792
761
4661
6891
4188
8478
3571
1026
7334
9638
8083
1324
2007
4369
8186
2901
7314
3987
4650
7935
4259
6505
1448
9481
6067
8506
5608
2489
9710
1195
4260
2153
4123
4927
4028
1964
7946
5338
3575
8796
4861
9248
6471
9297
5085
9038
1675
9567
6189
788
9198
2189
3563
6574
2716
8541
6195
4894
4037
2733
7022
712
186
5545
8247
106
7444
2923
6270
5
6965
1969
2662
8012
4742
5592
4809
9464
2991
7322
5691
3349
821
7266
3883
9245
5005
9736
4198
4047
1519
3357
8454
8876
4630
6052
3048
4558
2739
1835
2940
8420
2913
4117
8261
5966
4036
8550
4335
3106
5259
5306
8592
8841
9316
914
8615
5098
7742
5884
6849
9488
7594
3854
891
5082
7147
5726
1730
4655
188
5537
1126
7051
5809
5070
7341
6155
853
7502
563
9537
3250
4339
6415
1156
3488
882
1329
5416
3572
2094
8392
5365
8202
1715
2496
9783
6749
7115
5528
5153
1651
6368
8338
4718
854
2655
3091
9030
2157
9493
3338
4089
1081
7673
3870
6811
923
3893
4383
6604
1635
1730
9871
8834
5443
8736
6954
5782
7778
1599
9376
2472
4684
2077
8867
656
358
7468
1659
2802
7136
1630
5719
7853
8884
4064
9311
992
4602
1056
1477
937
4334
6573
761
4588
3273
7514
7115
3148
2011
4478
1803
4569
3323
9419
7197
6054
9269
3816
137
6725
5810
9821
6334
194
4998
6875
1431
2313
8034
2342
9381
6165
7785
4753
4987
5109
9888
7940
9625
1197
9919
3483
3744
5831
6804
7870
7285
7236
8694
1112
1473
2899
8071
311
7268
4779
787
8208
1033
409
5461
6812
3621
5089
9529
1122
6665
4963
636
8354
8007
4908
3679
4044
4274
8438
7531
3387
1854
8797
4078
3073
5558
3838
7683
5023
3212
14
3680
9057
795
3060
3305
5429
8856
9412
9794
3510
1047
3513
6801
4937
6858
3950
6514
675
3492
3338
6036
517
140
5558
1489
4789
9133
5867
2123
3226
9802
7453
1889
36
7535
9934
6673
9621
7554
9904
2727
6000
5192
5195
2900
348
725
6007
7434
4309
6811
9575
8963
6320
4963
9058
5601
6665
6330
1791
209
8891
9442
8396
1945
1643
4106
3963
3456
9729
6328
3674
4957
7155
3842
9293
3623
6960
2332
5546
8779
3734
27
2161
2156
8049
8120
7462
7813
7041
5329
1277
42
9782
9145
1984
9805
1579
2976
9344
7148
5548
7725
7637
1287
2565
5959
9028
1999
2856
6435
6892
2698
2283
4984
4781
8531
1820
1454
8934
2399
1809
2949
5113
9322
2240
6802
8765
3696
2424
1316
9871
6423
4059
501
8263
1369
9624
9180
5554
9904
7961
8431
849
410
8502
5893
8333
2941
7747
4489
6789
5379
8125
9003
7991
2326
3229
7585
6711
9719
3654
363
8494
6839
1009
5604
8337
3513
9346
5876
9517
3439
4822
5891
8460
5952
2075
839
8775
3708
9725
3150
2585
6150
4169
343
3403
7376
5247
1483
1761
133
4969
1817
848
2255
2514
9439
138
1352
9461
1589
216
7950
7635
7555
4546
3520
9264
3122
4446
5493
2475
6928
35
8988
6648
5613
7065
5693
9452
7443
8112
9807
309
6754
1769
8371
3091
1209
6436
4829
1846
3313
5975
6034
7685
2547
7559
8477
760
4010
4582
7196
5139
1603
6058
4616
5296
9697
4214
2370
5288
8525
2087
4408
8589
5098
2141
6678
1127
6598
9668
7674
9481
7453
1182
720
5263
2456
7454
9132
8247
6275
5428
9302
1321
7708
9808
9886
6051
8870
4613
609
5622
957
7643
4997
3367
4900
8848
9838
8899
6347
4605
3923
2194
5741
5473
682
3542
2821
2460
8656
8784
4672
7530
7205
4591
1837
730
1044
2871
6593
5897
2688
154
1624
9920
4361
9221
8662
4935
8286
6378
3179
3524
6093
3829
4
3236
9702
5149
5598
8453
5885
4249
8022
9822
5742
4108
1004
4603
7931
8478
3526
1928
8641
2569
6497
425
1513
4237
5682
6517
1914
9584
7018
4061
8987
8070
2072
4316
7334
5288
7384
4652
729
2244
121
3810
4294
401
4301
360
6249
9021
8313
7718
858
7718
4924
4044
9816
3921
2397
8141
278
26
3276
5915
7874
7704
3467
2332
992
3100
3206
8966
7765
6662
6717
1980
2143
7508
4898
437
3586
1320
8941
6533
3565
3493
270
2954
3275
7446
6986
7605
3286
3275
2134
6595
6630
7825
8482
5960
7478
2140
1484
727
3383
4179
9557
1711
1711
6089
5841
6357
7961
1443
1096
2762
3760
3675
7353
6970
3622
3568
3726
8273
5006
8504
8059
601
5098
4355
3392
4308
8638
2877
6446
8482
6515
4991
1094
7872
280
3139
4157
2445
5555
1970
9100
1418
6085
7227
8947
6318
4748
1571
2558
9091
6066
3636
4095
8464
754
2052
8923
9716
4699
2418
6177
3292
333
4078
8836
2001
2176
678
9834
2065
5667
8137
7374
8936
1858
1274
2592
8954
8881
5539
3804
1168
5654
6867
855
5709
9587
1222
3573
3708
2544
6255
2712
9096
2951
2932
1427
9095
3209
4678
4877
7396
2846
5244
7185
3320
4874
6059
1314
6676
7275
1892
2700
8397
6574
154
6630
2484
6001
2414
7363
3201
2627
8185
4119
7388
2616
9237
2487
9223
985
6744
9929
8091
2728
3999
9451
3694
288
2643
8879
350
4523
9178
1780
8285
8958
12
4096
9464
863
7808
6441
7973
9047
7651
5923
5561
6610
5125
1587
2276
178
4960
8274
8058
7748
7253
8238
4734
6762
2581
3658
6653
6455
5848
4006
7780
6218
2990
9897
8206
4930
2336
4586
1102
3679
7154
6271
4982
1817
2439
8524
8370
7322
6673
1053
1124
3862
5492
7615
3213
8971
3045
5272
2980
2595
8404
8231
5654
6006
4803
7174
7642
4189
5410
6268
3487
5233
6953
2335
5301
5362
5761
134
437
5156
5855
9853
238
5251
4654
5554
3069
3255
3928
4188
3048
4898
3872
939
7047
3286
5087
2858
4079
1397
2122
3201
1212
5184
4556
9511
4155
5136
6901
1349
5298
8243
639
8630
140
7326
9064
2938
1652
114
8625
6106
5133
7417
6306
7605
9291
9487
2167
9673
8418
4941
6940
1390
2538
4048
7728
7260
2043
6760
8105
7853
5979
5453
836
3132
5329
6908
3046
6108
8133
8896
5861
3766
4646
9531
316
2923
3415
5523
2495
200
9447
4026
1467
6263
5019
7237
520
577
9067
3134
3071
2033
5222
3701
4690
468
690
577
2236
9917
6740
7444
7895
7189
3000
1053
6867
1711
9630
9959
4697
8345
2593
5647
1997
2879
8485
2195
9177
3514
8604
421
7628
3366
6581
6671
8446
8881
5523
4784
8990
1486
9461
5012
2475
4042
8103
8066
5163
9510
9572
8336
8299
178
2997
7889
4644
7755
9211
2414
3766
6444
7317
3922
2692
4800
1310
6814
6908
7799
9287
6030
6544
6502
2620
6355
4950
2089
6550
8879
9496
5748
4157
1280
5161
5815
6615
1363
8517
5887
5361
9898
2516
4553
1400
9432
9707
9794
1892
312
8574
667
8179
5374
1046
5128
8334
8149
9403
6358
5690
6248
3134
8348
2781
6492
1126
6075
2122
1562
2949
7503
8091
3691
7158
2792
794
9084
6485
6434
5004
1664
7306
9935
4106
437
2212
1399
7262
4958
2782
150
5494
5936
817
9971
3672
4105
6742
2081
9091
6650
8854
4607
9453
4149
4752
4746
9646
1729
1878
4898
8424
554
5860
377
6514
9846
9149
4136
1519
1042
7108
4412
4896
9787
9109
9470
4643
8617
7246
6800
8597
3334
5357
1714
5963
7740
9575
5269
1209
1451
2737
6471
9134
9034
9471
9837
2012
7878
1159
5791
8071
8886
4673
956
7930
9726
6429
8494
400
5026
7969
2345
6581
6418
9470
973
4378
4884
542
3387
7103
6976
5116
9557
9952
5572
7791
1133
5791
3432
6532
8351
3226
9228
9560
2283
7048
733
3519
6026
2965
8950
7252
8290
5175
7379
3741
9716
1373
8321
9641
5315
1011
3794
4105
1007
3716
3196
1337
5999
4733
3665
3498
702
3834
1337
2029
5116
3535
2987
1821
4532
8773
11
7482
2094
1119
2029
3438
6859
9896
3703
9549
7742
9450
5301
5214
3386
3293
5190
880
3686
7595
4788
7275
2222
4316
4785
9349
675
5091
2988
9597
2162
6996
19
9991
3233
5920
851
3460
8086
4959
2346
365
418
5208
3006
8029
1195
7248
5958
8649
3495
6892
102
5884
4196
7557
2408
1251
5012
8632
1958
5009
5622
6310
9012
4432
400
6751
8425
3845
2712
6102
3631
1070
4290
1504
9520
3179
3155
3231
9440
9639
9269
8790
6266
6401
6515
680
6530
5483
8660
4033
8746
4238
8276
3824
5280
8360
4286
8143
9173
4995
3798
9169
2264
2803
2706
8695
7792
764
633
671
7977
1214
2276
234
1269
7262
7729
7529
6500
7042
8358
259
2734
5624
3394
7988
2173
4131
5071
3477
1240
7988
1700
3125
602
9569
7239
2769
7586
196
2112
8357
1683
931
648
7615
9691
9255
6608
8732
7472
5739
2558
4193
7590
723
2610
1784
9966
6822
9271
1861
1305
1770
1942
3348
9482
7115
1972
6257
9273
4215
4747
7796
1795
4537
1798
1719
7903
6208
2597
9285
5227
155
4417
1168
1365
1267
6025
8943
727
7573
4939
7507
217
4490
991
1732
1402
7477
4301
124
9337
3497
5631
5936
9933
2068
8560
6231
2917
7068
2372
2904
3994
2629
449
2532
8400
460
6443
8685
139
2675
1630
5442
9567
7256
6228
7976
8575
4404
6902
7126
487
7198
5535
2845
6869
601
7501
514
5762
8497
4336
3898
9359
5229
5733
2209
2970
1937
4428
8902
3264
8900
7780
1479
5436
2024
425
6612
3326
6203
1620
4258
8887
441
6017
5919
3568
2396
9998
7821
4730
9921
3695
7566
6080
8520
1118
426
2984
1176
1151
687
8073
9980
7442
3109
375
8270
9346
9820
3353
5007
1818
4101
4236
1392
3591
6347
1728
8624
4553
8732
6928
7218
8291
5415
1791
2249
1586
3604
5422
6451
6522
7530
7514
8512
5371
9249
2562
4606
3858
1509
2998
2515
9485
1475
6026
8917
6327
8579
7418
3209
1057
1778
7817
3318
4081
3499
210
8837
260
8706
4399
3192
5231
4109
7591
7124
2291
2543
2241
9308
1647
705
8423
9451
8783
3583
2647
3486
6562
6397
5283
6716
6154
1188
6344
7570
4077
974
5771
3375
6136
2809
1231
5993
7010
7979
2084
6955
1342
6178
3593
2140
2363
9862
6098
9612
2726
3710
4900
5005
3343
348
9357
3052
3401
2630
9009
138
8810
3538
1280
6300
9490
5373
1459
3083
5881
1672
7748
9865
8225
1375
8333
2257
2507
9895
6137
5865
2517
5572
8600
2951
3809
9892
5406
8109
4512
7964
6698
6098
7437
1820
6995
8111
2759
321
9406
9522
4422
8648
5469
2546
9007
4794
290
6593
2802
7176
9762
1687
9201
6756
7236
736
3227
2329
6216
6628
8934
7993
3268
6334
2250
3569
5562
8652
8970
6106
646
1779
2446
3295
818
4363
3388
7558
1708
4318
8006
8333
5392
1817
7980
9171
4415
6956
4930
2912
8417
996
4620
9633
5974
6370
7477
4436
5544
8312
6720
3004
5516
1983
5413
3026
568
3448
7389
3256
7694
3549
6505
7947
7782
7635
7420
9396
138
8991
5370
7963
6843
9218
3496
2026
5746
8354
6898
9049
1744
4726
8107
3802
4326
1805
1583
9699
7793
7468
2565
1332
5229
4130
8704
1092
2282
1658
2517
7117
508
8077
6246
8368
4892
6577
7997
710
4028
7330
3044
7844
8728
3290
5921
9018
4424
2352
6336
7864
2802
7115
3576
141
5724
6434
7903
5390
8479
3921
505
4272
7495
5785
8108
6066
1606
4709
7007
8857
8409
661
5217
5129
2883
1289
9189
3613
3541
5452
1579
6788
6431
9802
522
9176
3088
6927
8202
6956
9784
317
9854
401
6847
5625
9262
9973
5567
7075
50
9401
1148
801
1787
2909
1332
8535
812
138
6770
8260
1253
3899
7276
1484
6928
5545
5340
4477
8548
7490
3483
1873
4695
2485
2297
640
9809
4909
6458
894
3579
5976
1226
4040
6854
4994
2097
1750
2616
4307
1698
190
1234
7425
6701
9637
6141
5843
8900
5186
6386
932
5643
3281
7720
32
3433
4241
8152
2654
5323
8315
5645
3818
1863
3423
8360
6062
6637
1693
4256
2284
2586
5868
9797
9499
3318
714
7845
4171
1150
3361
5816
9366
2028
7778
8774
8182
2578
4337
9113
2493
8725
6621
5245
7716
8854
1290
547
1812
1756
7661
7765
2427
941
4067
6004
8587
4300
4158
1229
5541
4587
3854
3466
6605
1170
4920
836
7130
5336
4341
7222
3756
9022
505
5581
6266
1675
6925
8012
3128
6594
2172
8668
6833
2304
8071
3361
9559
3457
6438
9207
6372
2098
412
3339
7499
7905
2949
5350
6736
144
3823
8788
5153
5705
4322
9299
6832
5403
9244
4919
3358
9107
1005
3690
8181
8614
6605
5873
370
4266
6101
122
2141
7461
8225
3152
342
957
2175
2241
7454
6894
644
7511
1631
9210
8988
3043
4921
6346
9179
3912
3930
2915
9893
7715
8377
6788
3495
3016
32
8844
8032
6023
5763
2248
2479
1406
3105
986
6586
216
6566
7397
840
499
1546
3221
2636
6687
2506
5659
3454
7618
1329
6470
2935
2761
482
6397
9657
8857
5909
7273
9546
1140
9484
8224
4635
406
1952
4444
6473
4463
5085
3034
6334
667
6902
3773
8613
9197
5351
9507
7113
1610
7942
7184
3064
7154
4340
4630
169
9289
6885
4646
2983
3283
9386
5056
7545
7455
6295
4247
4832
2746
7382
4240
6892
3188
3896
6984
1707
1984
99
6261
9327
4420
7788
4101
6123
8593
4658
2115
9194
9756
4917
9528
4732
4491
2465
829
5581
5499
2475
4623
1940
1726
8774
6236
9765
5490
4642
9929
7251
524
7667
2006
5126
1844
5305
4713
1460
5530
2673
3191
9056
5558
7863
9057
3452
3789
3494
4219
4427
9248
3982
8872
7352
7086
7473
6721
5468
6025
1098
148
2096
3606
986
505
3232
3710
768
1264
1672
4210
1205
3526
8926
1835
833
2775
8379
959
9165
1357
6823
2639
3014
6022
7376
7534
3802
3332
7607
4573
3811
7357
5639
9889
4461
9459
8883
3173
2422
1070
3322
4139
9649
2181
9546
6942
5974
3212
350
4180
2842
9768
5269
5295
6806
3101
8209
4370
951
9416
8824
4145
6385
1080
2843
7505
1424
8647
865
8350
6189
9159
2351
3692
2490
72
6614
4693
4426
5078
7625
6096
2000
6047
681
3155
4354
3473
5359
463
4745
2402
3509
5370
8552
3193
1777
8394
599
3418
7311
9309
8443
1280
2218
4134
3027
9234
7511
9986
370
7560
7134
3640
2756
8854
3414
9854
7918
2807
8732
1144
8743
4949
6624
588
6717
7333
3148
17
5973
1824
2881
8342
7171
1931
7680
5679
4273
8488
7633
3177
1824
1701
5812
9919
5193
8354
9426
9589
7615
5441
494
3570
8211
9638
1182
4074
9458
510
8944
5577
3919
1691
7403
1820
9977
2765
355
6426
7080
4493
6280
1616
5306
5363
5708
1753
2132
8263
8671
6124
5383
8516
2105
703
1313
8201
2659
218
3213
8761
3074
678
5480
8642
8737
4517
5889
5066
9930
9675
5180
4614
2288
8025
6290
2309
3660
8330
5993
8808
6882
6119
5692
5557
7776
5653
2839
7121
291
7694
8449
1482
9221
5789
501
6743
8855
99
5759
6375
6326
4262
2176
5174
6509
7001
958
9006
9336
919
2747
6074
8768
5769
81
7814
759
631
9591
2242
1666
9019
8722
1557
1646
6897
9626
5518
4144
314
7415
2822
93
9488
7209
7058
3907
8356
5377
9076
3234
4643
3968
4832
4459
1767
2089
5068
8883
9786
1157
8801
6899
4213
100
527
8736
9270
3547
1484
5282
3184
7646
1149
243
4956
7978
6573
8038
3038
2447
5450
2129
9554
7721
6943
1032
2053
7099
540
5495
4080
455
4242
6108
1599
9131
490
3023
4945
4843
5093
4031
4471
7990
5614
5707
7711
2568
4604
8793
2378
2637
9364
8230
1881
9453
539
8219
5351
536
2552
9656
4512
2350
4568
9296
2847
3755
107
7600
2244
3166
9500
9741
6149
3589
3519
4249
7931
7559
1154
2530
8029
1533
5173
2023
923
5358
4646
1080
7665
4645
3014
3753
7371
8545
6999
7522
8663
1001
9223
8182
6453
5978
3798
6286
7452
2446
8450
8642
9222
8715
9812
2627
9820
8485
5651
3416
716
2913
5671
386
518
8343
9944
110
1494
7698
3589
3911
620
6680
2048
9686
4280
3441
5366
1415
9152
1270
253
297
980
8775
4086
2561
9704
1112
5809
203
2752
6729
5536
9967
7787
3617
468
6092
1206
8166
1139
3236
2689
6460
8971
7507
8527
6984
3041
4780
8663
6191
1906
7458
4663
6063
3659
9409
2696
2794
5443
4855
2652
6971
7221
946
6164
8791
2316
7254
4894
5169
9256
3915
9852
5289
6109
2497
4800
4034
346
2961
4707
2894
2183
4370
2837
6553
6039
7029
4014
4143
3853
9549
5059
395
5611
8350
7861
2797
1334
8049
4691
2326
229
1425
8175
9955
648
6053
3822
9812
4950
7642
5529
8920
8734
7020
1297
2151
9199
4274
1327
2987
8563
9411
8841
300
198
968
8705
2663
1141
5168
1784
3978
6113
7770
207
1886
5826
7954
382
2722
4536
7131
5853
2544
8973
8789
4911
7038
4071
7468
1327
915
9177
6829
5235
1811
4041
3573
1309
8489
556
3847
1073
9169
4925
5066
8192
6735
7101
5261
1538
8687
4437
7512
5363
5722
1255
3616
4660
3873
738
614
578
6697
6051
5854
628
3364
121
6039
2557
7864
9537
2347
5106
62
9456
7892
8006
8665
8911
2201
4976
2480
9792
6068
5246
6314
6559
7314
9331
7109
8132
8934
7051
9795
5861
5674
6880
818
1113
1187
885
598
8407
5615
3583
7430
7084
2462
2804
6015
5323
986
5803
9
414
821
723
8964
603
8158
2064
9822
5667
7423
8640
740
3876
5238
3707
5890
9261
7757
8697
3721
4657
7256
2269
8812
1253
1035
9151
2615
1268
9157
1736
7597
4643
5981
2454
3373
3614
6568
7903
7647
3776
5444
5059
4432
4882
2357
3882
40
8043
5625
4572
8676
213
7033
8415
101
9376
6670
1099
8581
2272
1502
2954
4801
9682
690
4059
1223
7836
9477
1605
8941
1809
1883
8617
5595
3652
9371
2384
7143
8260
5339
7907
8779
8278
3846
1818
6965
1569
4173
7564
7707
5570
7559
9525
8936
5391
9206
6629
3336
2697
9320
2933
3932
4954
4438
7429
1866
2174
8829
1073
7028
527
3542
2402
7939
7816
4372
624
1712
7579
5962
485
5294
6205
7350
9853
3960
6319
4382
3946
2643
1352
7590
1140
5503
1086
1242
9261
2559
7236
3838
8258
2515
8653
9888
1165
5982
8431
1639
4663
2569
4546
7658
5340
4323
4391
6335
5751
3763
8262
7998
4684
7388
4895
4082
708
8027
434
7692
3347
3312
3147
9379
4725
9895
245
2668
4183
7138
3007
6561
1635
4757
2955
6017
1491
5709
4323
6709
9478
1709
4695
2618
5200
4743
1585
6928
2635
1476
8682
8174
2844
2752
6565
1935
6305
2917
4552
8637
1062
3234
5340
3064
7174
4103
4362
4691
4894
4208
9669
4412
3758
4588
4214
8422
1321
5592
1858
6565
4140
61
1129
4901
3371
451
1751
5495
3143
6688
1181
616
9900
3698
810
2512
5078
6916
9074
3156
8883
4752
8625
7881
6468
6321
5145
2502
4237
3252
7542
5076
2156
8731
1235
8933
4070
9741
1830
461
8093
8606
6998
9282
4013
5814
4877
1724
9638
1456
1144
888
6356
785
3067
3327
2890
3523
4673
7726
1742
6190
3201
5698
7133
2434
4685
5473
6511
8978
6692
7992
869
7440
3895
8269
4799
7058
9209
3952
5306
6606
7775
115
6407
7624
4439
2834
6294
6212
692
9473
9121
2793
7911
5122
5093
6885
5130
8783
4363
1319
2327
889
8742
3101
2869
6990
5268
9706
1858
6145
2119
7683
6988
1929
9646
2279
6441
2503
2300
1193
8166
7349
5258
5675
2124
7720
6344
7513
3695
7586
6318
2127
9617
5463
9217
1719
4484
1353
6082
7395
8844
1874
5872
9315
9698
3805
669
196
9989
7058
3582
3430
7258
6652
396
2487
3893
1625
7032
3681
9216
8333
716
5709
9976
4275
1148
6131
1063
7730
8475
4896
5195
679
8393
6402
54
4005
6522
1154
3087
6389
1890
3726
581
2124
7117
9922
2884
1320
1019
8130
352
854
6136
6039
7742
9171
9594
5204
2562
1052
9811
4436
1859
9301
5399
6739
3835
3859
1351
4789
8507
3031
6747
8870
3963
2263
3903
8814
4830
2090
2692
7360
7620
7135
2743
577
3881
6954
1935
6672
6874
8045
6976
7814
8552
9328
8092
8074
7814
9644
8953
4465
4493
2505
654
5377
926
7810
6647
1489
9991
5442
8344
8047
943
861
3373
6061
9275
7917
8560
8120
1107
6472
8612
4359
5183
6858
8703
5885
7178
2212
5972
2394
9625
8257
846
6644
693
9857
3432
4798
2051
7460
5785
7106
1589
900
3358
7536
4730
6335
8448
9475
3648
4800
9796
8220
26
2105
9761
1934
1212
928
3932
2421
5299
2163
7679
51
4354
6712
5496
2569
7511
7061
9693
3326
6923
952
7518
9343
569
981
6627
1875
9910
5307
9332
8666
3902
1009
5431
9089
9744
9826
1924
277
9663
6913
6741
7474
8345
4859
8889
2934
1733
5416
1672
4406
485
6925
352
3805
235
6658
173
9933
744
3947
7464
4419
3679
4213
9414
5036
7849
782
2721
7853
4577
337
6773
1156
6911
4206
304
8713
1026
7170
6860
9216
1238
343
1641
2013
7958
3994
5139
9316
9003
4485
5395
3725
4610
7801
3954
2241
6859
9850
6711
1427
2142
7943
9425
8525
8216
1076
4545
9846
8675
6342
4447
861
8147
7722
1597
4885
6893
5666
9320
9725
658
7629
8874
5611
8345
706
829
7764
8907
1545
1146
1066
5320
102
1184
3187
1335
1715
3584
8066
522
2264
6484
5108
9328
5034
8592
9145
5795
3709
2304
4012
5826
1719
8993
5121
602
1987
5341
2027
5197
767
4510
8583
8948
290
9011
1336
5008
4605
9840
4559
5580
3853
8719
3127
9359
26
2101
6283
4414
8544
5008
9861
7054
7479
6236
691
7335
2897
1333
2008
516
7263
4310
5724
4838
5136
4512
1521
8217
7768
4694
5155
8766
265
8101
6891
103
1392
8913
9153
9169
158
6491
3275
8587
673
4319
902
4214
8943
1913
575
5941
5023
4583
1855
2675
9171
3578
3473
3459
8518
5814
513
3250
6238
4873
9843
4394
7550
8328
2477
3904
9115
5669
850
8173
4361
3757
7020
1769
3905
5806
5781
7907
7729
3173
5523
5133
5984
8197
3117
5380
1852
660
7358
7774
7474
7695
8324
8652
7001
6974
3701
4703
8780
3138
7504
6199
2578
8875
1275
5734
1148
2103
3582
1698
2106
6020
3627
6906
426
5638
9225
9520
350
3267
5660
2501
9753
4428
1106
946
4518
9783
1404
1410
2900
7767
3927
9389
7266
8061
9158
9407
7827
648
8638
6840
3422
6631
3662
2412
2630
7903
9080
7226
944
2617
4160
9018
3622
275
8737
7280
7959
8006
6758
5101
2520
9879
9500
9812
1339
3943
1921
4858
9099
9877
9480
5142
9953
2564
8013
8489
1318
9511
1199
3399
8614
7240
5359
6179
7293
9016
7220
9561
9297
560
2552
5092
139
2726
3986
336
5699
3164
7696
6153
2519
6771
4465
2291
2311
8973
5933
1987
4337
943
1650
9578
7892
8453
8156
3602
2403
655
4463
33
4248
6057
788
4475
6722
7977
5630
6340
4268
5953
9160
5890
555
7781
6685
7745
7140
4582
1219
1536
3064
9613
2836
4328
3054
3475
651
1149
2571
269
3640
93
1648
6405
5024
6134
9727
8419
8036
1988
5803
7306
6171
8472
1532
1871
2367
756
3916
3781
2017
2322
4049
3668
9530
7205
4359
9192
3424
1463
9289
2453
9313
8273
3324
9207
1278
3769
8457
6568
7911
997
6308
4187
3199
8319
3277
2774
940
6593
4227
8428
9181
9631
4400
600
72
5427
9333
6486
2975
7540
8850
6027
3310
848
3586
2677
164
1384
7713
9676
6316
1019
7403
696
9831
8602
1427
7004
4935
7115
9692
4977
2154
5402
6408
4237
6705
7785
6442
2642
4700
4311
2954
3395
5941
7023
149
9345
8405
8855
541
5924
6055
3465
708
3028
6071
4783
1505
2856
7093
8599
1421
1173
6108
2598
4045
1944
138
4889
172
544
4268
5254
4003
5698
1672
1329
7512
8639
630
9611
9409
9843
7163
8708
6419
4980
6259
7857
8235
6091
10
6057
3512
783
7560
3545
8564
3724
8647
6663
2141
3363
6642
6660
5844
9787
1787
5067
4352
5557
6089
1430
6336
8925
4077
5903
9660
6076
7647
7940
8758
5675
9210
5492
2691
3554
3936
534
7040
7198
9643
3480
8210
4160
802
5989
7422
2882
2580
4144
6194
9957
2004
7853
9710
5815
9008
5359
3730
1056
1376
3660
7542
7147
7128
1708
9280
241
8922
2416
1781
704
1195
2640
6095
1787
5760
4237
9191
2700
2277
7717
1152
4789
1833
692
7344
3443
2410
9175
8555
227
2568
4845
5197
9679
9577
4310
7012
4769
9049
7805
2680
4984
7899
9442
9912
7368
3216
4272
547
3372
3378
9581
15
5751
4638
448
7033
5880
2477
1852
361
5771
1885
75
4529
3483
9344
5350
6883
8870
2289
1552
6780
1354
5758
1843
8881
1419
3270
5890
6356
3318
1281
5901
4931
8943
1254
6067
781
1991
4445
3506
6690
3370
6322
9290
4950
3604
3346
4351
5249
9955
9910
8909
790
1848
9529
518
2958
6263
3127
7655
4656
7838
756
7448
544
4675
7093
1666
1809
5766
6095
6828
9928
2501
6747
7614
479
1357
8675
3222
7986
3486
4796
5544
1753
2344
8255
752
6275
722
3445
9235
9659
137
3439
3587
1034
1829
9744
5298
5353
8631
471
7470
9696
7583
348
8827
1648
4043
1254
302
9578
8569
2903
5237
9722
477
6918
6084
8323
4814
8630
2282
520
4362
7639
2658
9604
8394
5209
2917
1303
1009
1977
7357
2942
8734
506
1941
46
7584
1633
4300
156
9689
5084
3560
2236
8171
3439
6486
6724
2143
4637
3568
3659
4245
2800
4104
4820
1734
7878
753
3345
1397
632
4125
2886
8660
6295
5408
8524
2162
7845
7363
302
8274
4494
5461
3507
3559
3697
5596
9496
8523
7198
5849
4361
1999
1822
3353
2908
9485
9258
2744
7227
9289
3353
3361
7436
1174
3881
1856
3230
6180
5545
2632
5426
5671
2736
9776
948
7636
6478
3416
3380
7588
1214
9097
2054
3755
3316
1146
7986
1138
2201
9344
8232
80
2447
9933
1044
1127
6595
7753
5769
4043
2367
1742
6286
1502
4297
6829
8978
2886
9963
5246
5437
2528
9487
1348
2036
3373
87
8319
5416
1194
9303
6667
6028
3806
5728
102
5089
7037
7977
7119
1777
8746
5915
5994
8004
6121
9578
1888
1249
1233
7339
5267
5157
1152
999
4383
5481
6441
2011
5163
3091
6521
4216
7951
3180
6824
5597
8256
9945
8650
3247
8407
6920
981
8819
3823
5353
7517
7304
77
5558
5850
2996
3642
6209
8027
3929
7260
6825
8180
3251
5171
6792
1763
8768
2655
1035
5553
8941
4430
3679
8147
6698
6371
7428
1168
4569
3698
8305
5149
6344
9720
4341
2164
551
8152
6933
884
9032
1040
3894
1409
7652
8890
7113
6252
2180
7870
3998
3037
2210
1861
3382
876
5628
1576
2633
6240
5969
3319
6544
799
1484
4437
7041
9204
4299
8529
3173
9502
6955
415
2727
4900
225
6757
3179
599
7031
1026
920
2160
3793
1800
4083
3241
7371
7722
2042
3000
1537
3425
2490
3781
3098
2857
2654
8252
7762
6264
1620
7934
2243
9358
7949
6258
7631
9207
6033
9513
9085
5710
1357
7215
1581
4588
7451
6605
2985
7422
9835
2588
4635
9668
8691
340
885
8838
4960
2786
9441
641
3736
8376
357
5311
6782
6126
8530
6709
9889
7942
4810
8917
9074
5645
2283
8932
8208
7406
3100
2150
6721
3280
8675
4501
4671
2000
5025
4721
5228
8425
8379
6721
2068
143
5030
2119
7790
7868
5629
6258
9278
9666
866
7773
154
974
6879
2981
1159
574
3128
1720
1791
7225
463
1720
7201
4444
2354
9678
8550
7814
5973
4012
6075
3001
504
555
9600
8448
8422
371
8651
1104
9529
3897
9434
5783
8764
8066
7812
5393
1567
8614
2810
6330
2433
9264
8271
8062
9133
4738
8465
2811
7603
741
5891
7480
353
4749
5320
6799
4910
4427
1534
9461
8916
1021
6133
8699
1688
5184
778
3037
5798
5622
6373
3031
8445
4546
6347
8200
469
2911
3585
6078
5096
1648
4766
2257
6708
6355
4091
5964
8748
2991
8473
9605
5237
9309
383
2382
2948
499
7903
8292
3794
8330
7444
7509
7529
865
59
2367
7405
5994
6842
3747
7130
6659
1089
2984
5253
6367
1164
1787
1458
7875
7250
820
6466
2925
3549
8100
9351
2637
1334
4731
7782
4440
7948
6135
4822
2705
2337
5510
5131
7288
3217
3708
5050
9551
9216
8304
1321
4679
7823
1041
4789
6250
3771
4998
8846
9713
9570
7778
4643
901
5506
1366
7478
9010
2720
8129
9659
1992
9682
355
7090
4763
6442
5935
4879
6571
6223
9086
3762
9998
7001
7728
7208
4152
3337
9166
7517
8717
9027
1691
1468
8909
1833
7337
9862
3694
181
2631
3418
8888
3778
6632
8326
5561
6888
7599
7307
5976
2882
2950
8038
3031
8046
5182
9584
5442
5296
5121
8228
757
2467
4579
5880
1737
6765
7143
282
4606
