8875
1019
7509
3816
2692
6864
3793
3321
2954
8146
9155
5047
2050
1705
5699
2478
5670
3151
8864
1069
4553
7811
833
2522
8916
7671
2008
2937
4977
6515
7141
8616
1187
7468
3701
833
3840
9343
6292
6547
8525
5015
4166
8874
5700
4191
1806
2618
5652
4322
7033
571
3397
6093
3658
9150
6759
2885
1875
1678
8646
9061
9292
5218
2364
880
9411
4191
7363
1973
5137
522
3029
3121
613
6938
2786
606
7695
700
6301
5352
6971
7600
9956
3760
5767
4817
6810
7114
8995
7058
9122
4897
8469
868
5834
9163
2437
2596
3858
7655
7228
8193
1415
7730
6724
9083
7137
5080
939
2375
8773
88
4874
1103
4295
497
6492
8646
6064
9432
1390
8585
1560
4508
5506
5121
6785
9584
9727
934
1488
3895
7288
397
2264
1791
5111
4609
1300
9764
2262
608
4752
5620
4058
5964
2213
2067
9181
5138
4463
1109
3734
119
445
1720
6471
2862
5525
6885
6835
7239
4865
635
554
1745
4730
3403
7890
7472
4639
7331
6995
4154
9282
2450
7328
9851
7871
9146
1181
6024
7930
9331
5857
2608
1028
4011
4457
63
9769
1884
6838
2044
6842
9062
8021
9314
3202
3836
297
5532
1623
5483
1655
1594
3182
7124
8766
9568
3787
1706
8929
5709
2052
5095
8754
4489
6209
9353
236
2359
5411
9146
3101
842
7614
2557
6078
4884
5268
2628
3681
3097
5647
7007
8790
3427
3354
7422
298
7791
9980
4552
8460
9412
675
6388
1837
756
2697
5076
6564
4362
3509
2306
6091
7843
4849
1331
6937
794
3876
8776
1581
5500
4683
195
3300
1482
3480
4486
9559
6604
471
7591
3988
2194
6073
127
1478
6870
8959
1522
4868
9085
7653
8458
8644
8397
3832
7436
746
7593
6325
1708
5185
2503
8000
3883
7844
978
6398
9246
8073
603
4479
9019
8938
7978
1467
8445
9714
8755
3400
9462
5585
2692
1061
1268
7852
9994
7815
8876
9316
8948
2989
2803
3633
1039
9297
3660
8906
8016
382
4987
8724
8560
8489
8776
7893
7569
9453
4671
4372
8447
7031
8661
1950
7474
9594
6549
7415
3696
6496
1384
7068
3759
2863
9538
1937
1240
9027
1881
5596
7959
749
6913
8252
9119
8552
4787
2871
2203
195
6380
7471
1246
8128
9393
8129
3804
857
3985
138
1442
7418
6595
885
6479
9662
5581
2805
7334
4073
6966
3564
3836
5503
6900
9046
5180
9808
8655
9445
4202
6353
6359
8697
3237
4216
5920
5516
8549
8260
5899
5351
1075
8310
7761
7060
8280
2176
2568
3378
9950
5672
2040
2606
8211
632
3495
1236
5963
8006
6848
34
1413
2363
7811
1733
998
499
6566
6899
6930
8480
1112
5796
3609
9530
1174
2685
893
7735
7959
5866
2466
9283
1906
3976
2495
524
1567
1516
6689
4717
4987
7027
1438
1397
2085
2840
3702
7507
3989
683
5430
2113
8669
2004
3607
5689
407
3316
1427
1832
2557
5811
8647
2702
7480
8540
7844
4383
9088
3201
6064
4426
3971
5788
4121
195
8865
9716
3626
3310
3827
2968
5446
298
3947
5195
9105
9128
6263
6716
669
9095
1536
1536
9858
7886
4095
8430
6199
341
7214
6535
5037
6256
4620
1137
2204
1704
7002
5182
932
2232
819
4157
6101
1969
6409
509
7482
4474
6970
2058
8720
280
8770
3925
5445
5606
1849
356
2092
1233
8317
3891
8764
403
3338
2773
9144
7354
7814
3035
3226
2724
2361
6256
3336
2473
6074
8750
6152
8692
2069
7089
6000
3455
4551
1047
4342
2875
1468
7808
5414
8889
6496
9799
2546
2728
5346
1469
6067
6187
903
6014
4782
2566
5082
98
1682
4581
6225
9283
8382
2089
1259
3334
4287
2960
2149
1336
3607
8736
1516
8710
2250
3599
8748
6825
5569
6754
7047
8796
6817
9168
3266
5947
4326
6051
601
9626
6088
58
8499
6031
8528
2237
7760
3037
5844
3503
5038
5150
5486
937
3691
2780
6667
5065
3077
8027
4975
7606
5149
3031
9429
8462
5515
6822
3172
6606
7018
9738
5486
4429
5956
9222
5922
2373
8392
4953
9857
5679
2039
2171
333
27
431
7971
8813
153
8335
4323
7726
9575
7625
4002
3828
5527
8677
5572
6638
1403
6882
2135
6279
7840
6775
4700
7352
9189
184
5535
6026
3798
3124
4613
6426
3513
9771
6642
2086
4020
877
324
99
4809
478
6000
4993
6080
7173
3079
5814
5999
6420
4612
1351
1832
3106
869
7254
8623
8035
851
9124
2550
8537
1551
2807
9208
6852
4443
247
8990
6596
5075
2147
7393
3648
6934
721
8333
6015
8309
5186
6365
1124
358
5347
313
1607
8613
9200
1993
5389
9304
2579
6805
8713
6350
9018
2283
9292
8931
6327
1259
8009
6674
848
5842
9075
8
135
4449
9591
5360
5333
5546
9894
577
7231
215
6315
6144
3338
6599
7723
6851
1146
245
4682
5348
6102
5158
5433
7262
1592
9007
1181
5447
8112
8289
9788
8937
440
4466
1153
4590
5938
3113
1071
3464
3710
2582
3201
6827
4184
3707
4576
5848
1662
9019
5614
7622
6254
7454
2799
895
1582
4814
4199
5588
8406
4193
7374
3934
9959
4243
8352
1250
1999
5599
2434
1104
1700
4282
4351
4633
718
332
8864
1802
4770
1403
2393
4377
8344
7830
368
4795
7758
9356
2633
9823
3125
7926
605
283
5769
471
3945
8065
1407
8911
9443
13
9895
6630
5591
6222
480
5547
1087
5518
5674
713
7393
3872
183
8723
9314
5525
8091
2108
2904
8075
7171
6997
4206
8499
9378
660
912
9101
2901
6189
6502
1362
3016
9920
8462
8894
9618
3310
3650
3272
2092
6121
5672
7743
3151
2840
5656
8306
2202
4404
2776
5500
9683
8498
2420
8155
6997
7340
7209
2988
1751
3054
5648
7556
9645
7690
9976
2333
584
9001
4540
5899
4057
9295
9683
2986
9796
1737
3143
4854
2863
3014
557
1703
5096
3023
19
5047
9750
5492
2104
4592
6744
3013
6372
9559
5562
554
5896
815
7543
4223
7473
4156
8232
1775
1878
5205
9321
1563
5473
2885
2861
1495
5899
6734
2008
1282
6223
9194
7530
9729
2272
4415
8556
1895
3814
4910
1474
4226
9108
3801
4017
740
5989
2991
4874
4524
5157
7653
1588
881
5916
1810
120
4892
2261
9095
5062
2639
653
9961
2789
4565
3126
5372
5783
5270
7147
5678
3562
8055
9614
7806
5547
8205
365
1143
7558
6332
8644
2349
9688
1200
7211
5634
9941
8551
4368
6869
8294
4713
6784
7415
9738
7157
7070
6476
4109
3961
9974
8987
3942
9645
8811
6786
9049
8317
1180
3305
9198
9105
3062
6048
5753
1211
7923
4744
5496
2061
1104
4635
9739
2084
5548
7162
6317
2437
8876
257
5970
2530
9163
7352
3817
8088
9855
25
6368
8056
6647
8552
9878
1761
6032
8420
4395
3047
6375
5721
980
7298
3400
560
8315
5109
3733
3172
3332
4104
1635
6145
2410
453
5566
3482
5735
2348
3245
6775
6290
2307
9296
7690
51
6670
9670
476
9378
2119
2923
7465
5598
7130
2030
7621
201
7023
5232
1513
2704
7204
4296
4878
3545
7094
596
8533
7589
3789
1211
9344
3461
5426
6429
8625
9304
6461
8923
9677
4274
1679
8739
3451
2217
6344
4980
7727
3849
5622
736
1950
7495
4796
6255
5230
2163
8538
1856
236
2070
9263
9195
2937
2235
3015
2625
2545
6730
1490
3285
3529
8111
3796
356
1125
5786
3234
2031
7139
8143
1471
6762
1383
9149
3379
4348
9060
8764
9989
4631
9076
2463
2933
9665
8404
10
201
2497
831
4157
6849
54
1750
7837
3161
8833
2136
3716
5291
8915
7604
3647
3390
6512
8808
5685
4303
4195
7732
2312
970
5259
2448
9300
3125
8563
9047
1972
8905
3488
9119
5572
9102
1923
6790
8481
962
5630
6891
2508
8134
9491
7861
781
8581
5736
7524
5236
6626
5831
5106
7019
1501
6594
6998
6056
6145
2308
6805
9791
5405
3634
3045
9411
5261
576
8463
8237
4292
1215
2640
5269
6920
7637
4508
5549
8411
9477
5344
3230
5969
6269
3
4025
9315
4527
1512
8544
5134
2727
6018
7261
1480
1131
9252
9743
2433
1088
9636
9494
6562
9561
6011
5604
9094
5259
4989
4899
449
2748
8271
4101
9408
6473
9833
8983
4399
9302
7178
5103
5889
1729
5634
8004
4767
624
9969
2076
6064
456
6025
2080
8049
4431
722
7804
3138
7321
9130
7875
7117
3295
1366
2064
6227
6207
1818
5479
6341
604
8401
1305
6764
4021
6410
118
133
4132
2847
8189
7901
6925
4355
3263
7316
2374
9847
6114
9745
8405
1865
1809
7074
740
2137
5457
4846
4930
2793
5310
7242
8372
5441
5588
6500
265
2780
9369
2959
3163
2483
6407
1739
4384
2724
5512
4656
5872
1519
298
4391
7218
1660
1602
9429
1583
172
1100
5605
1640
2826
9184
1073
1042
5038
9393
5181
159
7966
960
7904
6409
5441
4541
8767
2984
5826
1005
8296
9427
9869
9463
4088
4531
2153
7688
2585
578
1186
5878
3244
755
3777
6850
3071
331
4491
2710
1355
7036
1043
2670
4172
4979
605
1924
814
7639
5888
2963
6144
5794
2358
5709
1080
8941
5715
7096
5907
7043
960
3731
1719
9527
1795
9542
2055
2626
4797
5063
4993
8484
5359
8473
8152
4156
1146
8703
4010
8035
9410
3727
8541
4338
5869
2385
4234
6996
222
7654
5078
7525
857
1766
6825
6218
5570
1986
3597
7867
4407
5544
4725
6843
3510
6084
1479
9864
1004
2339
360
9358
1516
9651
8306
6710
8248
535
2100
331
3294
9063
4870
7053
1474
3539
9400
1550
5828
1992
8822
1258
2990
8299
90
5732
7309
4179
1198
2732
1097
6771
8908
6412
4210
997
9220
6530
1433
4290
6233
695
7848
1581
4664
1342
2463
8752
5382
5400
3276
6909
8773
4356
9462
3415
7123
5381
7958
6250
7104
379
35
804
9273
8339
4952
5799
726
3690
5444
9047
3484
6573
2414
3341
4079
3804
5891
2814
5512
6892
8734
502
8751
4524
6370
9598
9910
6000
4743
4125
4705
9
5519
3498
2085
4005
7379
1567
4716
6178
319
1417
5042
5934
2774
5404
7840
939
8483
7427
131
4190
7134
4790
7399
934
9496
500
5333
4425
4995
5423
2790
5706
3888
4312
4483
9895
8694
2719
2315
2063
1596
6428
9712
6817
2003
4492
6030
5231
1043
2787
7257
7698
2880
1376
354
1639
969
7310
2165
9622
3390
3382
2962
4147
3051
2146
9814
7725
8261
8557
2614
6292
1055
1910
7720
505
7241
6995
3709
3597
8646
2689
239
3899
3545
5978
8515
7313
6796
2272
6874
2521
5228
3317
4602
6775
8036
8061
9700
6315
8404
2507
8706
4006
189
2952
9583
2537
4060
8067
6866
5224
9777
9378
6921
6254
332
9734
1950
6890
8835
365
9176
136
1873
5104
2737
4170
8286
7965
9343
2372
7223
3663
9314
9480
4202
9913
4681
7142
4721
7410
2065
3205
7992
4937
6618
5791
1596
4538
1944
6214
8354
25
9971
3876
3698
1483
6875
7697
2862
9797
1565
3646
9970
5948
5018
8062
7930
9067
9354
8676
2266
4610
5388
22
5358
5259
4840
7809
4767
9737
7732
4119
7695
2025
1471
9572
721
4954
9917
2399
9272
7977
5024
5579
2570
7813
9135
5500
7824
2466
8358
2838
7565
4937
2249
5889
4776
2188
406
3818
6856
4742
2454
5059
3628
7393
1728
5339
6164
3330
8027
6360
2095
9647
4813
336
4514
7680
6836
1206
193
4915
4080
2066
4077
5513
2844
7418
4890
2015
439
9580
4316
9239
19
2926
4110
4436
7705
9132
8638
9285
7063
368
520
9928
1704
144
6605
4496
9870
1617
4816
3665
878
5418
7326
1000
9416
5491
5767
8504
6689
1916
541
3071
2127
8586
3208
8455
2624
7116
2659
8568
7143
396
6743
7226
2949
6784
3617
1337
3984
2896
7395
7249
9874
9811
1156
2489
5521
5106
5412
6732
662
798
4481
4546
7148
1325
5775
2317
8327
8879
6039
447
3759
383
5039
3897
7143
6213
2610
1294
6542
216
9259
4199
5362
2912
1523
8607
748
4666
6917
638
9275
5733
8778
4772
3632
7770
1111
9723
4628
2520
4655
2222
1618
4189
757
2360
4292
7569
8050
3829
5085
3547
9567
9958
5184
4935
4240
7952
9196
6176
4685
451
2837
8135
910
6888
8495
5541
3795
1220
7321
2125
9501
7738
5044
1498
1869
5772
7231
1784
3542
2337
5952
3679
1921
1922
17
9130
3085
8319
5301
9478
9537
6527
9078
6342
1840
4852
5244
2499
7032
1021
6699
9568
5847
2789
3802
8427
8554
4008
9067
112
2931
2310
4924
3928
4550
6320
8521
5774
8096
7264
3420
4690
6405
9413
1283
2039
8741
5355
2299
1783
4105
4809
5806
7894
8064
7236
7239
7363
7233
4337
2110
8603
5436
3416
9556
9240
8433
5924
4908
5799
4348
3111
7460
439
92
5514
9759
4733
6991
4705
529
5973
2348
109
5542
2547
332
5772
1279
1639
741
5515
3626
3326
1925
6635
13
4645
1687
2305
8862
1561
3621
9991
6034
2186
6331
3441
2000
2222
9891
9786
4401
3393
5219
4941
1143
7946
1263
3631
4551
4025
252
2921
4036
5309
1570
7203
9834
2978
9324
2572
9635
3607
4672
3334
489
7166
7253
2319
7001
5468
4950
1274
8832
16
6898
3627
229
1792
6973
18
4530
4399
8871
5359
177
7980
583
3556
6831
3715
900
7944
1551
2694
1919
6679
222
3191
4864
5367
7454
5820
9643
6341
2353
7029
8639
1710
3172
2953
907
3770
5781
6892
9565
8306
9923
9742
9448
194
4993
1085
7314
4106
5574
7930
856
5294
868
297
7166
5437
3266
6642
3750
7263
9496
2244
4923
3544
3015
729
4812
9433
7139
5269
3936
8822
9311
6344
2362
9249
4627
6931
7258
7861
5931
7335
2813
175
719
7193
1347
2183
3083
2817
3995
6813
6922
6226
1261
8061
2436
3108
5523
3829
7345
7661
2629
558
7368
6622
1392
5157
809
6505
5522
2862
6324
881
1044
3438
9076
7034
8676
2935
7947
2655
2430
1313
522
498
2855
6275
5661
2877
7494
7488
690
2360
8352
5022
6964
7092
7438
7091
9128
2660
6476
7176
4019
7019
7920
5039
2822
5984
2933
5345
6615
6974
7124
9664
5325
1288
6670
9771
6488
3418
4776
224
4506
3914
1460
6459
7142
8029
5096
845
1620
2022
6589
5336
7181
6026
1557
4406
1289
2175
6778
6314
7603
7763
8479
4494
966
888
8838
5419
4903
1661
9566
8055
9630
1096
3573
409
6881
8527
3250
2952
815
2278
4008
9393
3607
9666
1928
8936
4882
6508
3542
101
7347
6721
3269
2927
9018
8199
2882
119
751
2490
6682
2251
5281
2469
4697
8459
7515
204
3344
2616
5871
613
4466
4584
115
5911
6267
7399
2805
74
6958
9895
7931
7966
1593
5016
1419
7704
7751
1890
8708
6535
2722
799
2456
9365
6610
9510
1286
7193
7847
4802
6808
4089
5071
4945
6870
1612
9380
216
1844
3677
6309
4916
9039
620
9663
8011
6992
2223
3832
6289
298
8710
1144
8342
7142
5388
9637
9933
5736
3961
41
3032
8941
5764
9954
6111
9652
5894
3366
47
8854
1962
5872
7455
5827
976
1995
8429
8234
2337
4442
1175
3573
5436
274
1126
8399
4399
8517
2005
7875
8338
5900
639
7314
2749
2864
902
6240
5961
1301
192
8748
5988
9779
8972
1962
9134
3890
771
4447
7697
2465
9385
7129
5437
8051
2418
2744
1377
711
4065
7836
8854
803
5244
4972
2709
4317
4795
6032
793
1157
6960
796
2431
1169
7072
5882
9802
3318
5919
3123
5011
6929
3402
841
7325
5232
110
7732
7046
5567
710
5015
6346
7522
9105
2990
9602
5820
6882
1191
4681
3802
6193
5962
1919
6767
8831
3974
6503
4045
2550
617
6155
5805
2655
1883
8063
1691
6558
4808
6451
6049
6471
9224
3522
8110
820
9757
4215
9346
6254
7384
5007
9353
3768
4168
473
3985
5004
6977
7370
1802
6333
7317
126
5914
1611
9345
6457
6585
1669
2983
2235
5792
8713
563
6081
2457
8295
1324
3928
8594
100
5929
6077
3012
5658
2749
3728
2379
2348
6144
3399
2513
7670
1148
8895
6347
2515
7537
7389
5263
9049
965
7154
7776
7664
1724
5324
8185
8608
4399
938
1858
4647
6588
4632
9393
1145
5754
4136
3296
2354
5191
994
54
3591
289
7922
8053
7163
5437
5807
5568
9853
3767
1420
6567
2830
2534
6088
6128
4545
5003
8752
1140
4988
1654
9524
8083
3722
7973
2966
7396
6210
1195
3326
2413
6291
5864
5979
3420
4006
8346
5797
3472
7125
5872
6574
6759
1146
7879
2518
804
1680
835
1742
172
7750
8923
4004
8510
9730
1698
7853
4829
4418
7630
577
3611
8653
9382
7999
947
1720
1100
465
2819
9605
3477
4059
1221
3382
2449
9053
6600
9423
8236
5672
3279
1834
4192
301
6182
2787
4548
6097
9885
5331
2708
8045
5091
1835
8382
7921
47
1750
5367
568
621
7777
585
9511
4724
407
634
2064
6112
3428
3801
4931
9489
107
5223
5043
928
563
6399
7158
5352
2828
7155
3142
8280
7935
3061
4694
6340
4484
3919
2878
1059
8573
9584
1751
8313
416
532
7650
5153
3042
6942
9794
6550
5518
9012
1562
8270
1924
4663
8193
9588
7615
8094
1202
8384
3919
1230
1920
6133
8181
4520
3767
9624
6781
8383
1134
7176
5189
3108
7272
8957
6332
6288
1337
6545
1814
5933
9270
102
7244
9618
4197
9763
1184
4393
5572
7582
622
6014
4181
4231
4110
7958
3479
431
645
1209
6128
5604
7195
1822
7766
2362
7464
4194
29
3303
3272
5285
3690
3083
3678
7009
2134
6761
9764
1511
175
9463
9360
7288
1720
3502
7266
6637
81
1918
8633
4083
321
3698
2198
4694
9199
5771
9881
2393
81
4107
7143
5151
8027
9041
7245
2730
9673
5436
4558
5230
3656
9213
792
9632
734
1550
6005
8256
7754
4760
8638
4896
2118
1158
8121
5904
3465
5908
899
344
7609
7667
3352
3537
9037
3916
6239
2880
9665
3806
227
2176
3282
7750
7868
3899
7562
7258
3613
3701
6646
6418
1046
8981
9330
3635
3065
8064
4358
1545
8457
2835
3481
9217
5967
3805
2676
9776
4135
7656
8418
3843
6007
50
3955
5252
9263
6236
7536
4438
5131
7182
6936
6014
3302
6708
2121
9950
8633
4842
7451
5774
5633
2175
2806
1881
1919
1529
2163
6194
4776
8869
4176
6865
2237
8296
7101
5933
2181
8024
5972
2647
9782
3424
8246
9489
2114
8340
2479
2682
6062
3441
6987
5016
9198
1392
7347
5040
2444
8215
8528
100
3416
347
4928
2138
9657
3063
3733
8564
242
8674
2875
7809
4175
3455
7714
9680
1487
7126
2985
2333
2251
3787
2444
2937
7700
6616
8916
2730
3531
1980
6397
5132
2730
1151
3589
5634
9520
9905
9151
5534
5450
8526
7895
8248
6397
5551
721
2078
8527
9921
4938
4985
1301
4730
4944
3687
6295
3181
7709
1754
4624
1452
4975
6621
9282
7893
4403
6590
8230
7002
991
8477
5937
8129
6431
399
66
324
2982
111
8727
7670
2007
2466
1360
4388
4284
37
6635
9955
7971
6998
7150
2971
6841
7019
372
5407
1310
434
2926
1784
9736
8918
3323
5854
8548
7355
2098
6370
5287
567
5372
3419
1474
5197
622
8315
7444
2727
4324
9277
7529
3871
8602
4669
305
618
8628
7475
7403
594
5117
9694
816
3598
3148
2842
4588
5200
3026
61
8790
4075
6528
323
9249
5774
8774
8164
9724
6482
6966
4191
8436
1484
2919
2902
9577
7759
629
9413
4589
2897
9846
1903
2809
8456
1272
3448
890
3937
69
6841
2824
5725
7112
7043
4231
1465
5562
67
9127
5464
8837
4926
2422
7535
1706
4745
6486
2924
3277
6248
3529
5332
5614
8817
8999
2840
643
3148
3954
6339
5728
9369
561
1571
425
5982
8201
8385
7646
6204
3242
814
8853
5373
3685
3933
7286
6364
4731
1383
5007
7360
7297
1214
8072
630
5984
354
4849
59
3785
1258
6167
9875
21
5392
9221
9721
1546
8363
7175
563
5033
4921
6106
5168
4724
7785
8480
5681
9326
659
2175
6578
731
2309
9881
4756
214
9242
7574
6616
2145
7689
653
297
2807
7560
4498
295
6270
9114
8505
5308
1944
476
1401
3660
5048
2168
7147
926
4801
5012
5698
5217
1866
2650
9748
7341
1470
2933
6134
9464
5409
8709
9031
9345
2780
5247
7331
3148
7545
2644
3127
3914
8378
2619
8244
293
6452
2270
7580
773
8729
7582
6378
2338
2579
436
1406
9078
748
9173
2678
8558
6778
8865
120
9229
696
953
2203
2045
8080
5194
5446
451
4325
1402
6064
9709
6700
5902
6662
2123
3066
8245
6972
6056
5784
5205
4347
8755
8724
6752
8520
6366
5938
1442
1924
5538
3247
3322
7040
5821
8198
1651
3929
2921
6411
5454
5713
1386
1540
5741
7694
5828
2568
9950
236
5031
1151
3090
29
1912
8506
6089
6273
3453
7132
8364
7233
6916
8069
8167
9060
4464
6975
5265
533
7218
6049
2313
844
3040
5121
7695
520
180
6566
3596
9118
7108
4412
3710
3499
9129
8145
244
8629
9694
1020
3491
80
3287
5037
8947
3949
6907
2735
6297
9965
3376
1770
7265
9683
450
7926
9239
1671
2223
6874
450
3750
1906
8961
2431
8583
9418
2030
2501
9529
8230
1318
442
1384
6591
8940
6642
8014
9090
8251
5982
7222
9736
8652
3433
923
2004
279
234
3519
7769
1750
406
8008
4214
1060
6022
389
2302
5557
721
1983
5864
7103
9222
8010
8304
8438
4488
8123
9272
2470
1301
2259
2926
1113
8485
5417
5883
664
60
3445
9238
4238
9532
8281
8499
8136
1930
6794
411
569
9210
3692
8216
4362
4666
5613
285
3695
4809
2999
1601
9780
5890
5641
2230
9974
8953
2927
5738
558
4528
2013
5849
8328
7110
4507
7997
3522
8237
8170
5475
432
8182
6741
9307
5916
1931
4083
9836
8410
8009
4872
5297
3098
9992
9563
4372
6535
3993
8339
774
3132
4523
9402
5288
422
4809
9779
5737
7813
7108
2456
124
5868
4504
8476
6836
5303
29
9344
7008
3356
5549
4369
1149
715
205
9726
2428
9151
3929
7383
6082
9414
2657
8017
4069
1341
4266
8566
138
1381
6354
1177
6728
3138
852
1191
2968
3377
9828
601
7068
6073
8599
3878
4441
4395
6370
5
3650
9540
9182
1009
1154
1025
4357
8885
8438
929
6924
3622
9845
5142
5292
8096
3116
7573
2510
1224
8794
4398
3619
6625
6293
9365
5277
6987
7080
5694
1102
2437
6698
1576
1275
9267
1227
2128
2380
1531
7613
9542
403
4105
4077
4364
9670
6114
620
9451
810
7557
2543
7664
7390
205
9951
6772
850
4500
750
2585
9027
6354
6839
1584
9636
1011
4224
9031
7641
6566
3103
4847
771
6017
326
9916
7235
7618
2636
2390
6925
6305
7002
9341
5611
8929
9151
4265
9226
6533
3728
9023
3381
4719
1631
3951
1421
3235
6758
634
3474
7419
7536
4690
528
6692
8517
8777
6024
6853
2944
4219
2298
7535
1503
9128
2236
6832
7303
9737
2010
2130
8721
4564
3146
3136
3492
5403
778
697
320
9358
9720
5597
4148
545
6830
7012
7101
2936
3289
2910
3468
6718
4836
7861
6771
9701
3414
622
6139
2360
2356
3071
8965
1645
2932
9834
1947
134
6543
4232
2066
3862
5922
6849
9439
2704
7442
2135
1843
5787
8905
8386
6388
1347
4577
758
8921
9241
3708
7584
6881
3386
5582
2624
5345
205
9895
9137
2761
3605
3969
1363
5665
4822
8674
9098
949
1333
9630
2783
1258
6920
2253
9604
1228
7629
8628
6437
5381
1319
2131
3594
2844
2226
5515
2825
4472
2552
569
3208
7552
4364
2995
5360
2272
9923
909
6813
9274
4786
9368
1394
9206
1571
2633
2505
2519
8337
8418
7560
3612
7747
3455
8223
720
7750
8414
478
3199
2994
7548
932
6789
1006
680
3058
628
3664
8999
6077
7777
8397
8195
6002
8604
350
320
6453
2571
4627
685
1794
5394
6210
8643
900
6128
2840
878
8979
4217
7584
9620
6824
8668
8929
6406
6669
5520
6385
6243
1631
3840
6744
7555
3701
2415
1887
8583
875
9274
7159
1723
1975
8377
726
8548
508
546
653
716
5084
7962
5109
2695
9913
424
455
3121
6932
3480
1754
7958
2855
3337
6519
6333
7118
5764
3849
802
3727
2665
1505
5358
7706
9688
2437
9430
4156
6024
2376
2765
8926
1143
9957
6999
8058
3775
1925
8651
9437
8609
5232
8227
7944
4769
4640
6675
593
8846
2289
5844
5238
1116
5204
6892
4561
432
5923
4700
9511
8711
2911
4966
9787
3331
7988
2248
6704
5492
3343
7529
8635
8591
182
8383
4454
269
4245
3963
4785
6498
8553
1250
6308
5335
9925
9960
5663
6599
4898
1883
770
9220
8996
1129
1480
7475
8999
7199
6846
8458
4040
9360
434
7876
4016
2558
8855
6255
2299
6952
8148
5859
871
8319
1372
8350
4328
4631
1688
7472
2632
4983
1840
7201
8092
2220
9962
6714
2881
5536
4601
4215
8197
2979
4374
9302
1043
2259
8796
5564
1430
6526
733
5157
1614
2305
7554
6949
8513
3147
4192
8544
7960
9363
3158
9123
6874
6082
6771
2285
7095
6959
7284
6925
8138
6470
9787
2057
2642
4372
2635
2744
9722
977
960
8829
4771
7210
9356
6400
2691
425
7483
5466
8855
8388
2072
5790
6836
5679
3896
9615
5947
15
276
3425
2075
5549
7893
1600
497
6290
5320
8247
3930
4485
257
3758
4505
5694
7739
2035
1091
4086
3565
6275
2535
8926
5097
2117
9628
8616
6222
7268
243
8373
2029
9975
3276
508
9768
4175
6340
4612
8694
252
7819
3070
6196
5500
3924
9938
1109
2353
5621
5589
4938
62
9358
7668
9149
1118
2087
9631
9991
4209
7922
7893
4578
3459
32
8951
4712
6923
32
6364
7354
6205
273
7265
7965
92
8584
2202
5278
7104
7469
9018
3174
6623
8784
8203
2761
3916
5593
1546
1561
8841
5885
5378
9367
1049
6108
6963
9081
1639
632
1903
6215
4941
8656
9681
3984
5026
1146
4458
3433
2418
2927
6505
629
7147
7359
662
3697
8434
646
8492
4870
5552
1047
8129
465
8781
9284
2419
1871
9543
3104
8592
3506
3807
1819
4578
1857
272
1581
6901
6987
9037
5390
4950
9948
3989
8657
362
8312
3174
6593
4761
4740
9387
8932
7749
4852
2371
4972
6859
3471
8064
3420
9796
9246
9080
2952
3400
8708
8604
4069
2704
2776
1235
5231
198
8461
3378
4409
4427
834
6138
3871
5813
6053
926
6904
3123
4691
9519
7800
6671
6699
2966
113
1951
912
4205
5721
3127
3725
5834
6742
3534
6546
7081
5846
747
4845
7205
7596
109
9108
8723
1396
8804
3359
7532
4120
6703
8435
2820
283
2835
888
731
9890
468
9052
4976
3907
6947
1216
349
7989
372
96
3859
7575
811
7152
4915
1196
6627
8370
6645
1060
5963
4596
1977
4231
9837
2151
8504
4746
8219
1082
9125
5923
200
1156
9718
2441
577
2225
2697
5733
3334
2932
6709
2261
1833
7562
8254
8079
466
2303
6772
1843
5724
2410
7561
7513
6128
3331
5901
5977
1548
6630
584
8313
7439
7247
3699
177
4419
9236
691
8682
4904
2050
3251
9461
6185
3104
1533
1961
4189
6848
1812
5620
8605
6884
481
4930
61
8445
7337
4555
4456
9358
263
7479
8236
9935
4075
8653
5967
8749
7390
9609
8525
8943
5201
6811
271
5796
5553
9500
6010
2104
1849
2588
5297
5990
5173
3383
5543
1334
382
7142
3333
3975
2326
2177
148
4568
4482
8818
1688
3169
8127
9781
730
2143
434
6635
4272
8764
4480
3470
5578
8748
8327
5679
444
9091
1367
5595
3363
9701
8897
7436
1542
3462
9946
6924
6651
6559
5563
3876
5506
562
3241
5298
258
3221
9212
7657
1294
1770
3550
8002
8772
8079
1234
6353
1346
49
1422
4834
325
7148
902
5986
79
2093
5430
6874
3092
5016
7036
5494
9474
5621
800
4708
1786
8325
161
1064
9647
19
3358
3965
2218
7526
5901
5733
9639
8915
299
9809
1888
8719
7937
7020
1316
2641
9471
2801
4500
6390
4744
8846
2922
255
5721
9344
8406
9653
295
9917
3446
2380
532
2769
3297
597
430
896
8848
4045
292
1563
3785
2819
4086
5885
3066
263
1464
8245
7631
5374
8306
5598
976
2674
6423
2233
9529
2326
3840
3724
1879
7335
1205
1252
5292
9582
7191
9078
9376
6451
8525
1492
7012
2155
9064
1755
5603
1377
709
9464
9336
1219
7535
2091
8022
9763
9519
5267
5912
3102
4289
137
5046
4842
996
1337
4368
3656
7661
7979
3018
5513
4472
8656
6517
2012
157
7288
7253
3957
9627
1088
5652
6714
1076
7224
4066
4295
276
3875
9031
4481
9726
9928
5623
7671
3205
3477
5345
6069
517
1283
7748
8690
4988
916
431
2954
5512
6265
3059
2678
7037
1984
6262
9878
9347
8363
5223
3536
2058
3724
3113
6050
3259
8140
751
8660
1629
3115
2946
3097
6577
1217
1890
4484
7450
8067
2998
9912
8044
1825
2705
9127
496
1293
7796
8444
8897
4118
3450
7428
8710
6690
1523
9478
3084
5818
5281
148
2656
1743
4553
1145
2550
4442
6806
5746
7592
7041
9936
298
4350
6326
8947
1470
1655
1033
736
8687
9986
9742
7581
9781
3339
9801
1209
6144
8469
5206
7952
8506
912
165
5719
2073
1624
4978
5333
8001
1114
5459
63
7557
1523
9098
7054
8221
5142
7114
702
5284
4762
4935
4678
4585
6270
2502
5151
2069
5498
9171
9746
732
6083
9058
851
6556
4618
6941
3316
9059
8899
6300
5031
221
5325
9346
8404
6074
1282
1380
7683
4702
1372
9540
6199
866
3986
5948
7464
3721
7790
2215
3402
5309
573
2553
3807
6615
9874
9598
4054
4589
6967
9984
6142
8037
5329
8018
6043
6296
702
8537
4355
9490
3262
7195
1782
3350
2780
7103
2856
8286
7799
4884
653
1488
3745
1134
4735
8061
1811
8715
8687
6739
8267
403
5478
2786
6947
2926
8854
7067
767
4943
9650
5283
2515
9694
2438
4632
9614
4740
6852
9419
3207
6943
7789
955
7955
949
8601
2931
9168
7510
5843
9657
962
1066
9795
2647
4887
7305
521
3446
8616
4969
5747
7766
1086
2834
5819
1259
6879
9422
2256
5682
9316
3132
1648
737
2920
8099
3455
5484
6511
2835
742
4419
8560
9656
7787
3705
7153
1752
6984
575
5901
2060
2331
4111
7157
8379
90
3909
4352
4449
6384
5287
4640
382
1352
262
1059
2859
4181
4668
9874
6632
7340
853
186
3649
9023
6203
6004
7711
6103
4505
4723
9130
4269
4497
4650
7628
677
777
5879
3489
3591
9071
6272
9387
3051
2366
6585
6177
5041
25
6623
6119
8986
9716
4579
2585
4646
6866
3926
7986
8395
8024
3502
9
5486
5280
5170
9226
4818
9531
7032
2819
1274
7870
4680
3157
7708
8445
3677
7050
4037
5813
2152
5622
7523
9874
6816
453
7842
8673
5610
9748
3750
6944
2976
9276
6386
5890
6881
9513
739
590
4646
8490
7645
8135
6508
4401
1072
1335
8531
7577
6085
8836
9986
8071
9147
3140
1588
3784
5128
5069
7779
5386
2750
8549
5103
568
1117
2904
4731
8877
2750
856
1941
9866
147
1135
9648
9074
8457
3968
4960
2546
711
1531
5889
8142
9526
8703
1092
807
5660
1369
7734
2328
2198
8747
6415
8560
2850
1384
5860
1594
278
1468
1866
9847
2001
4857
9704
7806
6172
348
3863
3994
6781
9693
1721
6017
4856
8853
163
2660
6753
8970
1496
8818
2546
8678
9811
1304
4437
5270
4592
2611
9856
3310
5080
2534
1275
3146
1688
663
5182
4191
8141
291
9883
4655
9789
9938
421
6891
1685
2965
5676
5812
7019
8668
358
8138
9055
4484
604
8677
9779
9581
238
7490
1700
7450
7140
1189
6627
4514
2226
2589
4997
1971
2278
8213
467
8582
5778
1046
1007
2157
9408
5050
9844
9257
2791
5755
8872
9545
6585
1674
6321
2780
2358
3436
2144
1208
8657
7294
7055
899
6828
42
7459
3966
9954
6594
2190
2225
2161
5976
5092
6529
3379
7280
2871
2158
631
3277
3281
1978
5473
7896
4573
9332
7690
6560
9987
3970
8037
9259
6590
6493
6704
6570
5868
7286
9555
7994
8369
887
168
7463
6216
2980
4647
27
2088
6063
5244
7556
6702
5371
3767
5700
157
3561
9824
4610
2959
654
5493
7022
6390
2326
9874
4433
1411
7121
4300
8338
210
2347
474
6693
4048
1178
4880
7263
202
5040
3129
3812
1668
6432
1296
2097
9891
3406
1611
5222
8664
6799
8565
8027
4057
7344
2599
8931
6925
2130
6946
6958
2915
7010
5771
5720
8624
7783
7779
9711
5283
9221
5330
1186
4583
3886
5440
3876
9076
3912
1872
7568
4930
5658
329
3463
4828
7088
3889
516
6909
1230
9976
3201
7801
9936
9391
1699
5226
9024
884
1535
3654
6097
7163
7808
4441
7656
2682
2321
3957
5835
513
9108
146
2657
3028
853
6979
8601
3142
4633
5751
5911
9188
2016
5912
1609
1499
9593
1236
8984
9943
7941
9558
729
9145
7219
5265
8147
7987
8891
2824
6859
6723
8886
5660
3787
1403
234
6802
4097
8937
1924
4352
2883
1800
2350
2133
9393
6561
9072
1234
3411
4143
2674
5561
6561
1886
6063
8528
3921
5967
5318
7714
1451
2875
6058
2626
8649
6033
3034
9693
3434
958
762
4827
5077
3368
7232
3505
555
9207
3515
2999
2069
3776
92
529
2317
5840
7721
9436
3256
7425
8311
8391
1568
9740
6853
1867
2848
971
2776
5272
2777
4841
3792
4557
2722
5577
3017
5347
5980
8656
9565
9191
4851
4304
1719
2003
3280
7714
867
9544
2203
5550
5969
2458
1534
3770
3801
7224
9637
9501
248
2262
7474
6495
7608
3849
3037
6607
9374
1566
5320
8960
684
7223
9824
1905
3719
6275
3119
3624
4915
6745
4767
2202
6922
1281
8105
3801
3659
9231
8187
1482
6847
4701
8408
2178
9287
1059
9866
4013
1266
1830
5667
8507
3819
90
5296
8136
5214
6245
6446
2438
7547
3618
6759
2088
4947
3919
7669
4413
5711
516
9239
2472
1569
7903
689
7112
6050
9440
7341
5721
2490
6590
3552
870
8446
3765
8280
2552
7523
5357
3809
448
80
3960
3655
5021
786
6871
5797
9659
4042
4089
4668
8072
9697
2114
3103
7012
1643
8868
7259
820
3913
844
2100
1395
2248
11
491
662
584
9311
1884
1770
8695
1198
9427
7133
6603
9951
4750
1557
5854
805
2670
5473
7027
8616
39
7338
5992
7409
7655
2133
7044
2914
1635
3128
9167
1168
9117
8086
6657
7375
7042
3593
3234
6056
7487
5579
9649
8089
8052
3553
113
1449
4033
3861
9437
6
8509
6414
619
9533
3333
3038
1230
6566
2737
8600
8678
5897
9586
2747
403
4304
2360
9040
1191
2459
1792
4908
2105
5498
7483
6034
7509
9771
3209
264
2448
7264
468
4372
986
6988
9354
3364
3612
5434
6274
8247
145
6889
3919
5162
9745
7272
1522
3939
3721
3498
6281
7860
3766
1302
2550
3980
5471
271
6827
3328
8035
8410
8481
2321
2711
7137
7416
6026
7986
2547
4121
4569
8404
7653
8503
2167
1360
7050
1700
8502
8603
234
8255
534
4557
7522
1562
3155
6260
5031
4170
6975
9655
2200
1145
1928
3896
9504
5205
4357
3843
7701
2395
3042
1715
2208
5566
4149
3300
4201
625
2909
6307
558
9141
1991
6241
8527
9643
188
6454
2490
5227
2138
6163
5038
9149
8876
6736
7886
8629
313
676
1684
7948
9591
2
2095
425
313
5888
8586
2510
6860
35
1834
15
5514
8551
7316
237
2137
3179
905
8001
1076
5017
5760
9220
4851
1586
2558
666
665
2328
7412
3856
5754
4517
9812
7019
8391
2457
5761
9231
7624
897
8067
7345
9716
2626
2436
8964
4416
7126
7290
7727
6930
7069
4577
6112
2576
8564
2516
8522
6650
6739
7096
7226
3249
5216
1462
3688
1442
2002
2098
232
1107
6112
3676
783
9545
2519
9027
19
7380
5146
3745
1020
5992
5124
8007
4247
200
5113
8757
1977
1728
8442
9030
7759
6911
7544
4054
2772
8159
1679
7745
6877
2371
9508
6266
7406
9837
3194
388
5055
7625
1405
6545
8265
6025
6897
5252
6331
3325
2181
3125
6393
2798
1857
7569
8755
808
7999
8250
6804
7554
2166
5474
3633
4571
4240
1408
8129
7827
3758
2845
8124
3363
9858
9934
9884
9194
8921
4222
5520
4629
2587
774
576
3993
987
156
8746
4624
9930
4950
4875
5390
968
8441
57
8287
4154
5731
2333
96
9895
5728
3102
8150
7180
