8183
4224
9752
2679
2778
7472
3313
3371
2852
4037
9909
2694
1647
914
5784
6939
1235
3968
6760
4871
3093
7859
6595
1446
7242
6535
102
4021
150
873
8708
5346
7109
4386
3151
3551
3924
8046
6022
614
3053
9083
8410
1862
7886
4109
8302
8972
7077
1646
4843
1661
1130
9635
2366
1695
2185
4937
9055
7704
9562
5998
3791
7438
3567
9101
5404
9197
1193
913
819
4855
9223
778
68
357
5789
9182
9211
3452
3325
5686
7296
6923
1220
5897
1372
5840
7203
3815
7190
971
6024
3355
553
3867
5641
660
3844
612
573
4461
1199
1761
951
7191
5460
662
2639
5032
929
7871
8447
4509
4361
9060
3575
1115
5025
1902
2317
6547
4286
2819
4581
7972
5449
1517
88
7995
7387
8536
5396
9301
3947
5786
9120
6517
4049
8494
7322
9040
550
4233
9407
8406
9034
6029
5911
2587
9554
283
5818
3843
2700
8499
355
1757
7888
8472
8735
8182
7925
111
9234
1198
8748
9781
2951
2200
5853
6480
8833
6266
973
2670
4802
2613
4329
2922
9191
5470
6609
2237
6127
5323
7139
9904
1511
9689
1091
6848
7651
8170
3445
6490
1898
1884
39
5878
3694
84
7549
8721
7191
922
7930
962
44
2334
3047
8718
4941
3080
7988
2262
831
4045
8009
5166
7157
397
5143
809
903
1386
5391
5952
1570
5123
7151
9457
1964
2126
213
6164
5746
8676
817
7193
9808
8837
139
4717
283
8637
9678
1932
4991
1215
4480
1744
4033
9165
5710
2967
6272
7962
1529
8643
1916
1606
1303
7338
6051
4841
5128
4750
1284
411
8470
1015
9698
5871
3223
4844
2663
2416
9763
3185
8642
7476
3020
3194
9214
2493
6862
2318
3793
782
9397
8711
3454
3563
7365
8933
3063
1609
5835
5314
8370
5748
9822
8992
6118
5263
6384
2223
9587
9270
3207
219
6140
8032
2946
4017
5122
625
4010
5154
6126
9867
680
913
1786
4548
9629
7974
1996
6066
6353
8021
4192
2739
4779
7609
7249
3658
4970
3977
9940
4387
1310
972
7410
6120
4598
6425
7840
7036
9191
3864
6348
2324
8053
1636
3605
5430
8705
977
2327
8409
1999
5850
9394
844
7283
8596
1287
8563
1896
5007
7487
3067
1564
1674
4807
5839
1019
2357
7739
5891
9175
8706
2158
3597
7409
3717
643
3668
9735
1563
2652
1969
9209
5318
364
3730
8713
9094
6603
4589
239
7284
6886
4962
550
40
6352
1449
7671
2010
8009
7402
2271
4645
7512
3211
1744
3783
1256
548
8193
7046
381
9870
2419
845
5746
7242
641
3315
5649
8063
2050
4477
3790
699
4399
8009
3632
6970
8347
4907
892
7509
6196
9525
7839
7345
3941
8799
3608
4536
4053
2775
2433
2901
2656
8114
7928
7065
639
2688
3486
874
5222
9389
970
7435
1355
307
4315
5895
78
189
7241
871
4505
5415
8215
8611
405
2433
5671
1653
1910
1314
5897
3001
8724
5673
6994
6272
9320
4671
6405
3780
4687
8489
4064
4902
4734
9833
2038
6611
578
5795
7556
1013
8818
1165
3362
1718
884
5216
345
7375
2168
4908
7131
6894
1861
2823
8835
5158
6782
2885
4234
6928
4497
1140
6995
5920
684
7119
1844
2530
92
514
6209
3651
5827
5565
487
3756
2661
2641
2929
137
1711
1031
827
6408
2981
5616
3713
8237
9351
4023
7330
9955
9647
2275
535
8348
2569
1080
1114
3337
5919
8573
8100
9061
1040
5353
8519
3771
9181
1639
2773
2729
2112
1096
4667
3404
4345
215
2750
954
310
4311
9952
2015
5134
585
7967
8671
8522
9370
3339
6475
3904
7097
2145
8574
2846
55
5736
4375
7631
8646
3623
5281
4621
6020
4914
445
164
5185
5823
6961
2687
1819
1977
5850
2049
8523
5648
6205
4673
840
219
572
1795
5162
8140
7284
3183
8153
14
882
17
516
2749
7094
5276
3869
5809
1615
7979
3841
2665
6166
9686
7365
4288
5559
2669
4860
4191
6106
7780
5846
1887
3696
2267
3011
1272
1001
9481
9141
283
8722
2245
3490
4169
4523
3264
1800
862
5431
8034
5660
7374
7005
9055
7755
3322
9227
5414
3777
3854
3130
4598
9608
8282
9900
525
3816
2843
2946
9679
6909
6982
250
1295
8550
7952
2294
7645
9130
8637
2360
5308
325
6019
297
511
6544
3066
1609
559
3806
6786
2304
8763
3282
2305
1539
3453
62
391
9282
4741
8071
1808
9839
9460
4948
9974
9113
8023
917
672
7270
3198
9073
1292
8271
6152
8199
9732
6261
5821
342
2527
6705
9832
104
8583
1641
3214
8953
2146
6271
8847
8101
2015
131
3960
6336
7743
233
3827
5647
3790
4597
9724
6915
2140
9763
1232
614
8477
8675
804
4622
3193
8497
6303
878
4144
2051
773
8668
3838
2491
9778
1341
5767
348
8223
6972
4927
8906
115
8698
7224
8442
9161
9328
2217
5048
2506
2768
6440
7784
5095
5321
7332
2612
8918
5480
929
4452
8198
6475
2288
4571
8864
5298
7562
4686
2060
6063
8170
3968
4701
5452
5220
4568
1610
9003
4246
2388
1402
2760
3241
1431
4283
9195
9812
6397
640
1130
4797
3392
4660
3100
5132
7171
3839
1511
959
1947
5396
1099
2740
2542
2868
8296
7846
3555
6099
6121
4966
6905
308
5332
9685
9140
9492
7177
4028
834
6912
7368
8265
5019
2164
9888
8262
1751
4770
2482
5127
7977
8187
1220
7760
3465
1388
1505
1041
5040
1751
445
591
1996
5437
6231
2032
1555
8614
4103
7442
5269
9085
5223
8792
8634
5658
4941
7522
5130
4909
7990
4120
9323
6596
1471
5556
421
265
4621
425
3106
4251
7068
131
1441
103
8773
9068
1897
3764
2008
7544
1706
4328
3081
4318
6784
425
7447
1764
6017
7204
999
8086
646
1716
7887
1650
4854
7423
6271
9619
877
4835
202
999
2027
8232
6305
1103
5721
2194
7057
3044
6263
8726
2979
9072
6289
6438
1105
6512
9312
3019
6729
3668
4172
9950
1722
8879
7647
3699
6618
5154
4501
7410
6154
2480
9712
3683
8753
8109
5527
1669
3685
72
3006
7932
1961
8386
4162
8101
8336
8169
9451
5703
6592
7174
2083
2423
6257
1088
2469
9143
260
2250
3631
9149
8001
656
1826
8044
3176
6137
7320
8353
3321
7945
5781
6268
6431
950
9989
265
2760
1413
4229
7178
5424
2465
7294
5107
6410
9303
4237
4097
4912
8944
5758
1784
2146
8380
7158
6007
3002
3831
1887
9162
4784
9259
6062
4348
3466
1154
3088
327
2459
6310
1187
5738
876
2424
8930
4197
7401
9257
2760
9684
3378
2967
9878
5558
1985
3992
2207
1097
331
4508
9104
2163
2095
5890
7037
4319
3356
8730
3543
9427
3280
9570
8250
5098
5034
3391
8082
7875
5137
2202
3533
500
6718
628
6587
8476
8051
9671
3555
1684
6911
9147
480
3073
2074
6370
6424
1738
8043
1313
5180
672
5737
9979
5979
4654
9261
4123
2722
3182
6615
7198
2622
246
7992
202
2226
6317
2556
303
2628
8174
7370
9545
257
9112
2052
6719
5377
3183
905
1483
9733
931
7242
8918
5853
7354
7626
1231
4790
2941
4862
2104
4241
5900
9907
6382
6622
7007
3119
6563
2119
4250
3696
4265
7465
5179
3857
9820
9101
627
6091
2253
9286
9647
6312
471
4738
6883
2483
9280
4675
6018
8363
8750
1480
8620
2101
3011
1236
7635
6305
1222
5744
1052
7509
1919
2748
1039
486
1775
8832
1547
7318
9738
4497
3114
2903
3090
8096
2587
7949
1825
5852
8450
433
451
9719
2104
8801
4045
86
4080
9525
2382
9522
824
5469
4544
7340
6360
4583
2459
7406
5658
5260
2391
172
5765
3434
1675
3976
7240
8108
4407
4341
4400
3205
7354
2388
9574
587
5505
8250
2200
7216
1805
6531
9026
4109
6543
2927
9337
4199
2931
1610
5636
5491
4838
5658
455
4773
1206
5745
7133
404
9429
8323
7841
1434
7784
81
105
4647
1186
1379
9872
5381
4648
8581
4031
8871
9137
6472
8839
8474
2460
6361
6349
7581
8158
9071
2226
1837
8086
8174
4190
249
7455
7976
553
101
2818
2291
2501
9258
9365
2790
731
4185
6179
429
4465
6224
4025
4172
5413
6006
3467
4719
777
2048
4753
2576
7419
6166
3041
8866
1103
1503
8634
6426
5307
7241
7802
1422
5007
7702
3133
6982
1327
8656
5298
2798
4014
7964
5259
253
9464
6908
5954
9728
5261
3999
6147
7024
8037
3395
9018
1042
4148
187
7833
1725
3612
6923
5349
4006
4441
7104
6446
2615
4573
7693
1401
9694
2105
5199
6684
433
2068
4738
7158
3040
8731
8141
1608
4003
8741
3593
2404
8130
7138
6767
5312
3715
6752
5695
551
2446
8217
4124
973
8269
268
7412
3580
5471
1238
7102
416
220
2829
8460
4331
2530
5993
4272
8869
9949
991
5083
3844
5126
7516
1552
3812
50
6922
4584
6036
9243
1442
8398
8653
1180
3662
2794
3983
7958
9129
6635
9001
4224
374
749
6389
1419
5674
3051
8382
8611
9687
9246
5070
6225
3717
4195
361
2493
7071
922
3712
1057
8664
7178
9650
3481
4872
9203
4454
7815
6679
5644
5789
323
9076
8922
8695
5311
4114
2386
5077
5576
2496
3397
8983
5832
83
4538
5313
1561
6243
3018
1758
1476
9759
2309
7777
4936
3517
3026
4628
4758
754
5971
3696
232
5578
8678
5767
9922
8517
456
9201
1968
8975
5461
9393
991
9385
2043
9763
6857
4697
5596
5732
920
1403
5825
6846
1419
9602
427
6015
8134
2800
3589
3941
3171
7085
3174
1704
2135
2391
2867
2755
7632
4135
4145
369
9210
8316
200
304
8449
8870
6195
2901
3488
4449
6819
8956
8952
1515
5219
7529
7324
7668
4167
1296
537
1217
9374
6653
9043
253
214
6913
7947
1805
1726
7002
4061
8830
5878
158
4885
8942
579
8116
7169
7011
7872
8303
2530
8507
7550
7015
7180
2866
7179
8486
3533
8570
8913
188
314
842
2485
2207
8245
677
7744
2258
8747
4341
9194
9537
8602
5428
7218
4678
3007
3335
986
3275
3341
4760
7119
6925
7882
7086
6871
2506
7347
6843
2595
3415
8544
9857
7396
2512
226
1906
9082
652
9465
4340
6423
8843
8914
2717
9953
3088
3854
5664
2151
4069
8894
6035
3691
1520
7257
6444
5405
6448
3696
4024
2105
2467
2937
3784
9335
3576
311
9401
832
2475
4843
5758
8848
8291
516
5404
7863
9380
2081
6482
7161
4001
2471
6291
3893
9986
4559
5537
9219
7837
2742
2199
758
5316
2728
7699
4002
9931
7415
846
8135
7685
5045
6409
1131
9402
3201
6167
4245
9463
5117
3761
2549
114
9022
394
8018
2840
3182
3247
2972
4228
4204
8650
1600
9150
6770
6180
9
8110
774
3988
9747
5740
2618
9753
6426
3878
7231
8063
5506
2221
6294
1986
5888
2764
5095
4908
3109
3429
7674
3628
475
3562
9587
4886
8056
7301
5563
1728
7120
8245
841
3792
695
2405
5583
7968
2915
6235
609
3099
1871
9434
7168
9831
253
36
9669
3359
6051
9071
4025
5051
6742
8130
8337
6478
1940
8621
6615
2636
9563
1155
8467
2966
4903
8853
504
6484
6137
2859
3067
621
7187
9057
3263
7270
3599
6669
7148
9429
5775
3641
717
5248
6064
4113
7688
3655
488
9114
2377
5659
2462
988
6088
7001
5960
430
1449
9511
4495
8365
9266
6442
2304
2616
5878
3922
4060
3099
5968
994
1694
5206
1308
8527
2284
3098
1967
4469
615
3311
2326
9089
509
7941
9212
7182
1502
5029
7046
7855
7051
5778
6680
5574
9306
4066
4618
3999
5686
5491
7349
1276
2196
8764
3048
7677
1328
3505
7351
603
1398
5202
6803
3330
700
2881
8020
9865
3036
1118
3554
1503
5296
9440
5667
1908
1222
4658
2335
4385
2691
2232
2496
7989
308
493
8101
8172
2271
1419
4326
7518
7288
9717
6753
930
959
5700
9139
1021
2087
2668
5906
8955
2754
7147
7735
697
9864
1982
3497
2956
6966
5071
4532
8801
9426
6990
6217
9906
797
379
5599
6290
9682
2014
3351
5061
6475
5571
6845
9759
834
1861
5706
4984
9381
7830
4103
1624
7267
408
8620
9093
5987
1179
2406
9253
2563
2372
8102
962
5662
2342
5222
8970
1927
9199
4583
7456
6386
337
663
5347
3666
572
8142
536
8381
1061
8135
4550
795
4901
1179
4430
9277
2689
1416
2517
715
9537
3089
5520
2006
3134
7904
1051
9852
3373
6183
1142
8313
6995
4147
1324
522
9636
5857
4849
2413
8573
9691
3271
5365
3401
9771
3101
5386
1619
3008
9733
2045
5658
5614
8272
6985
3546
9392
153
2212
764
3992
6283
7701
3068
3031
5007
6559
7715
793
2277
3035
305
9703
7359
8517
8104
864
2213
2829
520
2001
2184
8430
2642
9633
6487
5643
6796
5290
55
5716
5008
7153
819
4056
4481
1591
9488
3605
7115
6632
9578
4122
8821
2336
2833
9902
2614
9501
6282
7898
7553
2272
531
929
3711
93
6951
2880
7992
7298
5418
5375
3693
1781
4210
2135
3509
2965
2786
7934
3809
9218
2500
3118
5550
5353
1985
3493
6919
6136
3920
1973
949
8928
3866
5322
3188
2216
5030
6604
5378
7885
4678
4970
6343
5463
7740
2599
8636
5127
4218
8081
6042
3933
9989
7083
2559
775
4613
7981
9311
5875
1868
2866
7893
4341
4192
5759
4981
1604
7655
2259
7215
5086
798
4601
6610
9548
7110
442
843
5137
491
9776
5496
9275
4194
7510
877
6700
7583
4363
6130
8451
5056
2965
5495
4451
1546
6577
757
277
8430
553
3283
2089
8439
8351
8609
4824
1586
9254
6389
117
5370
2815
4224
9170
8896
9121
7867
6462
8516
5362
1971
6956
2258
9650
5374
7855
7243
5895
9513
9889
2207
6434
945
7075
6276
9984
3818
8895
8022
5005
4142
41
2843
5059
8725
1476
8321
6369
1150
3536
503
279
2312
945
4805
7917
9247
6108
9657
1010
486
5450
4478
3154
1373
6767
202
5105
5759
4932
741
3909
4939
6416
4674
2816
7085
8869
5339
9450
2521
7559
5533
5197
5779
8311
5741
5274
1917
3294
7173
5577
9214
1653
1056
5693
1276
1185
7213
7702
8902
5772
8867
2512
3600
8190
514
8489
3131
9579
9905
9904
8416
5030
7066
4153
6009
9635
2734
6141
4317
3977
1926
2238
7894
6998
8103
7511
9249
2237
8289
2210
1697
8571
5876
1860
6623
8968
640
1779
4722
7784
664
9255
4024
8417
497
3902
8558
7782
8716
282
5714
418
5982
2437
6178
4161
2457
7605
9520
5144
7497
5498
2885
2917
365
7539
4431
1569
3951
5441
6232
4689
2210
7236
8404
6428
9943
5873
3063
1751
3708
7221
5152
4524
6674
8995
8966
8169
5945
9817
3966
6533
8202
6129
7478
445
7968
5555
97
3773
4132
5544
3391
5738
7268
473
6088
2556
2096
2662
7494
4809
6001
4562
6524
9195
4389
443
5590
5284
8107
4472
7742
7256
2791
8140
1416
9673
1923
1511
7227
6944
3651
6283
7741
2967
3715
2395
5097
6675
8159
9136
7792
7823
1006
533
7465
628
4780
3538
6806
9812
211
3079
613
2566
9510
7502
1311
4219
1001
898
7024
3951
1456
3759
740
795
8274
6431
491
3976
3801
6067
5944
5134
4873
5027
5532
10
859
3884
8713
686
6854
8056
5542
2674
6456
4860
9343
2600
678
7290
6389
5501
6750
7143
4777
4251
8709
7719
7168
3292
6242
5668
5204
2778
2118
4734
6312
5361
4918
1084
4485
9493
6022
2832
5557
7024
5396
9321
2171
467
8158
4466
8733
1182
9985
4216
8304
3339
9040
7048
1727
5605
9357
5319
6583
3846
7207
555
7057
9117
7632
4839
9373
9343
3097
612
7063
6932
6380
1098
9721
4418
5910
9022
2301
1623
2767
6997
3405
8895
1495
2615
857
870
1455
2943
8708
6199
2737
7215
2252
3027
9693
9088
5284
3294
2498
1750
9663
1251
9477
1554
2443
5543
3648
690
8376
2651
4842
6339
4788
7419
2303
4822
7988
8787
8236
2464
2737
4610
5337
556
8348
678
3331
1691
7823
4439
1381
8732
9602
1216
2722
5878
2919
5495
5314
306
8883
8814
1079
5669
4729
4562
2458
8779
6340
8721
5719
1040
4144
1608
5330
4471
7606
1930
948
2158
8306
1213
5574
3528
1603
1967
8120
5738
7007
4054
719
5490
1168
660
2697
7344
4975
1241
9630
2792
3051
8147
2949
6240
2406
9936
6016
4437
2173
388
2709
3962
7298
6934
9321
2560
8791
2308
6571
2801
6504
4616
9483
6805
9350
5842
8485
5448
5548
3940
446
9843
4192
253
1017
8663
2023
6653
359
8920
4437
1831
3129
6806
2305
3620
4563
7558
6545
2084
9086
6831
2294
2256
6122
3393
5670
5051
7567
256
370
2103
3918
6943
2724
6419
9977
4486
8727
3186
4459
9286
7619
9335
2837
2515
1459
172
8614
512
5381
9682
455
2761
765
5939
2704
9897
6534
7187
2154
5500
6279
7013
7954
7471
2765
5146
1255
6292
4330
692
1264
7441
9930
8536
6765
3592
5006
6594
3144
4513
344
2435
2023
9635
2609
3301
2786
289
3146
9231
9147
2833
8861
5059
783
4105
9503
325
4311
3699
9460
9719
6475
4815
2623
9455
1972
8102
69
5274
5196
2204
2253
7273
6933
9472
5830
3354
8322
7454
9525
2770
774
5315
6137
4245
7095
8368
940
5144
2318
4967
8585
8574
9278
834
5253
1295
4607
996
6876
2903
9510
5671
2760
7930
8931
6116
4656
2453
4214
9666
8779
7936
4078
9173
15
623
5584
3479
1659
8984
9504
6789
8333
4367
7039
4624
9296
8268
2978
3396
4614
3918
8426
9461
6670
1449
1877
2245
6307
7499
7713
7426
9456
2109
4856
5404
2883
3381
3901
6660
8269
760
6577
320
931
4508
7521
6076
5461
2043
2336
2090
9561
1059
8365
3034
771
9355
5537
4
1090
5920
2631
5298
7450
3326
8808
1403
9273
1610
3122
2714
4312
8908
1332
9997
9057
1706
5192
265
2872
7103
4958
5115
4855
1914
4017
1065
873
963
7593
6983
2931
8296
9356
2342
1626
342
4177
7159
9829
7155
9763
2733
5904
648
8414
9536
3913
492
1289
301
8427
8140
9232
7531
1477
2583
60
1288
9959
1349
4529
2290
7816
1543
1557
3906
6774
1865
1736
3107
6827
1716
1764
1249
1288
3297
1426
2476
5793
7112
3494
1627
1556
6710
8505
8829
871
9213
4097
186
1694
8629
7919
1608
5382
1904
4100
1067
8513
2444
9905
5380
3758
9217
9322
9322
3972
2026
7845
5445
7739
128
5733
3942
8327
5330
2590
3109
9841
7473
9012
6227
9652
5080
7813
1294
3009
6744
9423
2371
9168
3057
735
7309
9172
7837
7799
9979
8825
2503
5467
3136
2636
8857
2041
7284
6359
963
4562
5608
7783
7191
8313
7
140
272
4119
9816
6701
3315
3353
6879
7366
6478
8455
9955
6463
7310
1969
2986
9866
925
584
8833
4344
9815
5270
4776
2744
4061
8331
1866
9965
1411
4661
9354
8843
8052
7915
9049
1646
7397
326
8564
8599
7335
3340
7257
629
470
4091
9258
3851
6094
7823
8411
7667
5582
5152
2246
63
3348
5147
9598
4087
5896
6666
5680
4724
9173
5331
9269
6040
5138
2522
2004
5048
6942
852
5620
9080
9130
3321
2031
8257
3488
3476
9891
3313
3441
3083
994
8927
5213
7238
1577
8169
1291
766
5421
6796
2249
6659
9537
2703
6653
7577
4036
4477
4729
688
2584
4957
557
5311
4845
9519
5015
8733
108
2502
1029
7211
8240
1580
7083
1329
8254
6438
2208
3252
5429
8278
483
5456
2592
5847
2827
7384
4809
1096
8892
8407
9112
856
8277
9490
8041
8506
5349
8156
9643
8581
4462
6005
7076
5419
947
1984
578
1956
7899
1840
9804
3494
8471
2862
8791
2803
9280
6409
9381
4688
937
4123
6376
4109
5364
9364
9493
4357
9248
8070
3107
9924
2528
5772
9634
400
8839
1191
8088
4405
800
3750
4326
9457
3850
1793
3738
2793
4479
2994
9678
9798
3110
257
4397
720
9231
3083
1030
3797
1100
3838
3097
7125
7951
1252
574
5549
1309
2361
9781
2047
3138
4266
8679
8426
6303
3772
5772
5243
2318
9222
5094
3200
2406
5421
5051
1669
3497
6202
4496
3277
9915
5289
3152
1614
2014
4625
8380
57
3384
5979
7676
6948
2230
9105
9924
9622
8714
2804
7154
4079
6943
4585
2515
8721
5709
8162
4357
7055
5944
4709
8215
2129
83
1851
4381
7489
5314
9479
624
5477
6093
9664
5730
729
8304
3613
6463
7448
271
9180
4287
871
3943
1056
2407
3982
3280
5221
9952
8020
8958
5664
2975
1254
6871
6775
6499
8547
7279
4138
7038
1575
3727
4477
7930
7234
5732
1188
7853
4277
3347
1274
7863
8296
6490
5597
1496
6266
8770
4921
1487
6502
7824
9039
173
1871
7563
2018
9015
9352
6408
1583
2906
6802
5842
7398
1737
5715
1253
4873
514
5151
697
912
7584
9878
3243
7606
9625
9482
1367
9667
8102
75
7986
7175
547
7104
9108
1264
3997
548
7523
4392
2024
7947
3930
3695
4227
8240
7368
5600
2931
4477
6437
4850
2331
4501
4048
8509
1565
1073
6227
3703
7755
3669
5560
4491
9542
3630
7877
3604
8984
3883
7842
1691
5517
9957
8363
1003
6411
3021
8257
1597
402
7200
9916
8885
206
7209
3611
632
6538
4611
1499
7016
9279
8265
8581
9406
5019
749
8642
5363
4316
7569
2778
987
7515
8453
5546
6815
6613
3853
4516
8213
9284
1982
6192
77
9549
7606
401
2938
4435
8693
8226
2876
2537
7291
687
6518
4420
3984
1071
9873
7774
8778
7855
5788
7511
7822
4267
8622
5670
6294
8533
3370
782
9931
3063
541
4412
6175
7045
5096
9884
8810
2380
564
8587
3631
936
5446
9702
9755
2737
8097
9986
121
8580
4467
3221
6724
1440
6653
8354
8186
5975
4386
3282
7898
3749
8411
6429
6570
6893
8292
2073
1879
1534
9863
5241
7177
8772
2771
4422
6466
5995
856
9979
436
9151
8418
5658
9996
703
4544
9452
1519
4271
1360
2486
3695
6125
4136
3847
2041
9371
2739
525
5503
1771
8967
2648
7453
9721
9695
3174
4778
6913
7306
9614
3325
2626
5247
3768
6073
9451
2730
7017
1207
2737
9096
5484
8703
4914
5723
5180
674
5156
5450
4878
2726
1127
6857
9659
5839
6217
8208
8604
2535
7000
5146
8158
9882
1010
6652
9396
3648
2376
720
140
3575
1457
2078
9930
1453
9483
3766
5440
167
956
8348
7903
9633
1510
3696
2119
3811
3641
4856
4410
9691
755
9661
5743
109
2211
5807
3699
3844
9803
1958
2138
1635
6275
678
802
1309
1881
8254
3352
3181
3286
1245
1588
8435
4317
3793
4640
6316
7965
2077
7814
8029
9670
5431
4263
4059
424
3211
4823
5145
758
4863
9206
7359
2666
7589
4026
8532
498
6118
3960
2361
1864
561
8225
705
879
3888
3353
8336
4009
2546
2483
8030
4629
651
3495
5192
8118
2853
4214
4916
7071
240
837
5343
5723
8317
3221
3621
7609
9475
1155
3085
100
2908
4682
3390
1328
8592
3094
9281
3424
7564
3620
548
4885
2110
1030
5336
5905
3199
2418
7193
3274
7437
1114
5223
1594
1908
8710
9397
7938
3801
9373
9549
751
6307
2499
6734
8037
2918
972
4356
7064
2925
1759
2115
1785
1955
8358
9167
8477
4030
4465
9770
2938
3225
6362
75
2458
2077
8723
471
9362
8683
3323
7759
6781
7080
5760
2278
6785
9254
3551
3629
9651
7883
599
8558
9077
2415
5227
161
6798
7159
9206
2285
4339
1449
6376
6271
257
6684
4735
992
7324
9326
529
9014
7377
8033
6549
2762
9672
4131
2178
5361
1669
776
6127
5913
1486
5014
3946
9841
2583
157
116
7926
7273
5137
1065
5670
8289
2213
2653
595
6804
630
1906
6662
5664
8785
2774
5756
1166
7682
42
2578
7204
3162
733
7880
8231
444
8166
4853
5389
5988
2769
2616
5424
4100
8096
6566
879
9421
8019
4164
3535
6614
8803
9826
7790
6316
4520
3794
7912
5591
4794
1076
8866
4260
1428
9632
5636
2932
2564
848
1172
1872
111
4183
6365
407
3938
9665
2671
1974
4468
9800
4527
531
5367
1216
7359
5910
3581
8096
473
4549
3719
5261
2452
2010
4824
7221
2793
7155
2536
9733
5216
4054
4420
1704
7923
1102
1443
4716
9508
7334
1620
2354
6090
449
1843
8258
7719
6084
9770
4329
2741
4929
8932
5408
4094
1873
3389
2522
6443
4108
2901
9273
1124
984
4355
4830
5831
8924
6358
2987
6372
1440
9751
6119
9268
2691
1434
1149
4057
3656
7699
2913
9505
2238
1734
6417
6196
1163
3174
4595
7021
9524
5679
7681
4998
2284
7744
7885
5979
2854
2959
9442
5953
5640
2257
9434
2767
6158
5393
4102
5114
3880
4797
5821
735
5922
384
4339
3162
6670
3641
3877
4867
431
2411
4335
1208
2596
4062
8410
3365
5840
5092
6437
5104
1202
3013
5743
2497
8278
3435
9039
1182
8951
5338
3456
8757
2351
6215
9804
3203
9692
8009
4675
6658
5073
8253
8200
3358
278
1699
8712
2936
9645
5382
8744
4756
6755
8697
6571
5757
7246
621
5197
4425
5913
8415
6142
3767
4217
1406
2046
8996
8699
2186
7665
4701
973
8728
7776
8606
37
4914
6460
6185
1346
8923
6447
6771
8029
6128
9057
280
6715
7674
7523
1710
4962
977
5692
7767
2357
4970
654
9009
8718
448
7988
4696
1896
1089
6043
5403
4054
9231
3561
6939
4242
663
5646
607
8646
8222
8246
1573
9601
6007
8279
2723
7959
5746
4414
507
5735
6879
7920
8493
2810
6175
9823
951
1061
7387
4236
8248
7051
9230
9748
194
5011
4429
8792
6925
2257
1192
2045
5928
691
9832
1084
9514
3690
567
3126
183
339
3104
5384
1278
4737
8395
9143
8991
9609
267
1561
2090
5386
7603
1616
5554
7975
258
6483
1953
8562
6832
4586
8213
9190
2848
2630
7688
2529
9925
6746
1549
4220
5969
9914
5686
3849
1497
3887
5747
6856
9652
6308
9396
6309
4594
1777
1008
8322
6185
1585
7838
8797
7003
3202
7088
8429
4979
6024
9152
7710
9646
6174
4339
3463
135
6810
3018
5620
6283
7852
9847
261
8507
3043
6748
434
9775
6300
4959
8793
5383
4824
122
4150
2125
8264
5006
2558
727
8152
7320
1543
9320
4789
7196
1463
118
9740
4878
9000
7846
9169
9487
837
307
2136
9508
724
6910
4020
8595
3552
719
9994
9431
8242
2938
6769
2930
8763
4045
6776
6578
5536
6006
7043
156
9138
4385
276
6581
2120
2894
5330
9456
7452
8417
5241
8033
6448
2915
8733
8272
5531
1830
7932
1114
771
742
2304
2545
936
2139
7197
9747
5323
9307
5053
8056
3033
9228
8981
1172
4808
2135
6324
333
8205
3528
1352
8999
6488
7202
3132
123
4477
1376
1874
2870
2399
7254
6057
5886
7930
9301
4059
5215
589
9629
1878
8835
6131
6381
7861
6000
8525
3878
3498
2250
2717
2061
698
4746
5729
9711
341
1975
9547
6640
5216
9249
4441
5772
8801
701
677
7086
6
5705
1547
7662
8339
8305
3026
1477
2470
7194
4985
925
9240
5420
8656
5332
2739
2333
9856
7439
8011
3720
3416
314
1610
9677
2629
893
267
3234
5533
763
7602
2135
6632
9892
4631
4278
5787
3306
7277
4697
9506
1393
499
1574
2825
624
6583
5078
2408
596
9074
2419
9993
3795
7460
6191
5559
6957
1260
2145
8373
4927
1875
1931
3367
2626
6422
8103
8913
2272
1631
8143
1963
2823
4191
284
6493
3973
3754
6503
2013
4563
590
1259
3778
2495
1217
8091
5444
2209
8695
2559
6802
7151
6941
9610
6671
4620
2917
4615
7673
5995
6142
6818
9896
209
8079
7267
7984
6616
3247
9604
8227
5936
1012
5012
9046
9073
5207
4660
4494
6283
8784
431
4871
4446
8660
6407
2081
2005
7767
5034
1767
7645
4271
2228
9229
3684
5431
2845
3285
1389
12
2995
5790
8144
8376
1234
6218
5037
8712
8464
8075
4353
2204
6102
377
1409
555
2168
3858
8163
9121
5445
8031
5197
6214
6761
4302
1061
683
6992
7313
6311
1940
3302
2899
3733
7596
4314
8050
4856
5354
2929
9022
9061
2943
5334
6684
3883
2120
8991
1527
3065
630
3755
1044
2333
5159
5655
8352
1782
6992
3712
2504
5547
7578
3506
1540
820
4359
671
2066
198
3743
9692
9547
61
9131
7909
8755
2545
2141
6321
9522
1339
8074
4944
2778
8641
437
4224
4117
3981
2906
6463
5229
2012
8835
2123
7255
5394
810
8693
9165
2218
3116
7525
790
8635
7430
7222
5604
6471
9007
9426
5289
4269
9650
3848
279
1342
3990
7593
6787
5644
7403
9283
8597
2767
3332
4677
3791
2241
1371
1585
4007
3849
8725
9135
8067
9925
3172
6494
4240
3920
3331
4037
4943
3219
929
4472
2253
9943
4541
966
1661
2537
6762
6239
7796
9831
4575
1427
2592
9847
2238
5894
2390
4854
9502
7791
8231
1997
3112
8816
2750
1344
1067
2496
3864
2529
7132
1299
4640
5265
9677
1579
9431
9287
7896
232
5213
6361
8137
5627
8942
4982
8294
5656
8636
4870
9003
7226
5684
4409
2054
5568
4864
8668
2732
9701
3913
5595
6422
7261
9686
3024
2123
3083
3605
7225
9067
7424
2821
8376
3766
735
3886
4788
3719
9515
9037
2988
6048
1361
7552
6316
2211
5026
6362
4552
2170
569
7332
6773
8755
9931
8449
9207
4604
9596
4604
933
6119
9133
3391
5369
6330
4515
7394
8547
8118
2516
8959
8973
2161
9211
5742
3129
5362
7579
1218
3463
3176
9055
4575
4707
216
3552
8710
11
2674
4192
9646
3294
2431
2995
737
8351
8104
5741
7312
3433
934
1814
580
8188
1409
1354
9234
22
2471
5598
4970
1790
2972
1517
3404
7833
8440
2000
2664
4383
3442
8828
3777
3719
1703
772
668
5023
1654
2367
9419
5224
2331
4357
1472
2750
9062
4292
5712
5862
2327
4511
5143
3056
9881
7045
5569
2123
7992
9343
5420
5719
9424
9523
3160
9606
7155
2614
3687
364
5943
5839
695
9478
6826
5654
6649
6391
3330
4619
29
221
5878
9474
7004
3937
7986
4844
8273
8429
7771
1458
1525
6169
1120
9450
327
3534
7208
1596
4740
11
3038
6990
9112
8614
2566
636
6849
1082
3227
131
5531
7294
534
5004
3790
1271
1277
8582
6049
5588
2966
1468
7705
1030
4598
2694
9938
5587
5818
251
1064
816
5345
5251
1090
5675
7828
3723
3004
3595
8819
8050
7632
1951
990
3856
8497
5267
5708
6023
131
3122
795
9073
1866
7525
8869
3209
2845
8713
5516
1845
1686
7710
3298
4977
202
9547
4103
9095
8832
5711
47
2874
1311
8099
6479
1571
7432
4668
6292
98
8237
2540
801
1814
76
7303
9091
6215
6077
3667
5234
3648
420
8825
3718
4139
5170
8729
7347
9477
4062
4362
4419
416
8028
2014
4431
9447
3576
3507
1162
7148
4545
6342
6217
4813
2517
1571
7667
5734
6660
8887
6241
9536
4163
1382
4033
9206
8304
9145
285
5816
4045
2719
5155
2536
4683
6916
6097
7650
8053
4415
3360
5657
3733
1029
2602
8812
230
3467
8600
5496
8536
5352
5564
8231
1994
8537
8103
7910
3223
6991
1113
68
9039
2979
9027
1446
1169
8169
3162
391
9522
3522
9611
8509
9804
9707
9429
1143
6262
6835
1511
6002
4380
1914
6711
5355
9563
8885
3324
6319
9371
8318
3257
1709
4473
1033
8295
9437
9152
5953
2557
3947
8980
2720
6815
1275
9786
8701
3408
7008
5703
6720
3365
8472
8500
9137
455
2047
9691
2335
5684
1092
3120
1772
4243
1816
6303
2837
5987
882
142
3024
5087
2288
6254
8254
6463
9305
7764
5520
3822
8989
2014
5301
6340
5069
180
4545
2096
2935
1917
8634
1635
9690
3771
892
9259
3576
36
9021
6218
1417
4910
3850
8611
4604
8950
5583
6785
153
2828
6358
4308
3202
9551
8743
5177
5079
5521
158
676
7848
7430
9563
5085
8469
4382
1330
7476
7666
1341
2130
5970
342
9492
6819
445
7603
4157
2472
7272
3744
7368
6725
1941
1105
477
4890
3368
56
5821
8477
3609
165
9178
2837
4037
8729
7503
3986
2130
9592
9245
7531
141
205
7956
9583
6210
7127
5322
1053
119
5169
6571
1599
3702
544
1533
1873
4357
9525
4590
880
6083
9858
1948
4269
9521
2537
2081
1296
7946
5424
5642
3289
8065
6897
1746
5842
9654
3614
9983
1
3108
1698
25
5066
9434
5266
722
272
3347
6466
279
12
9525
8580
465
4342
3347
27
2568
256
4079
3133
6309
9251
5056
8695
8498
673
5275
4971
8209
153
9393
1349
3718
5016
9349
6379
4673
781
472
770
7516
6213
5667
1325
29
8453
3568
1057
7320
4134
9942
7860
3781
9563
6367
3107
6617
6222
3815
595
7316
2936
8739
2159
8598
6383
6268
6752
3214
825
7271
475
7713
767
9794
8259
3411
8045
1468
3888
2838
4566
3714
2792
9964
8981
4418
905
2842
5262
9598
1048
923
3314
5662
1124
9533
2962
5106
6532
5565
8586
9251
2031
8170
495
5813
5818
8536
2579
8140
1739
8372
453
9271
9245
479
1686
5597
2428
4761
4981
9794
1584
1595
2589
8070
8423
3664
5188
6155
7019
5505
4084
1506
5651
7036
1863
7937
5396
528
1451
706
4600
712
3589
6746
8023
3345
1169
4932
2018
5370
8632
7434
3087
3223
426
5647
7677
1730
2859
2092
1193
6399
4010
5126
6730
2985
3612
6760
6599
3598
8760
2723
5273
6629
283
4078
8091
4919
3579
4923
1069
4337
9305
7143
1447
3348
400
8605
1483
1623
3674
5001
2467
1546
3761
9380
8954
4407
914
1137
6310
6487
6014
6930
7027
223
9707
5032
1931
7349
2952
357
6513
4146
6029
7471
5310
8998
9088
8068
5682
4915
9556
6309
1036
6151
1196
5504
1589
2489
7918
1742
1510
8687
4978
8533
2778
3210
7161
6443
5518
6927
1787
936
5220
4706
2121
4054
6711
449
2593
5064
2569
6426
3391
8500
5880
6506
2320
2734
224
5571
7234
3955
490
4553
2232
9071
2225
8346
5146
1803
9557
4088
6217
7174
6392
2836
3839
9359
4678
4984
1893
5484
115
3248
3406
1626
7756
4438
9505
7714
8991
106
8884
5268
3350
6570
9155
5283
7822
5795
2992
5021
758
7700
4757
7765
6499
7516
1429
5166
9968
5872
2912
262
6483
4922
6213
9708
7963
2496
8929
7088
7173
6528
8758
2006
8190
3798
7400
3159
451
5338
9584
9700
4372
3961
1523
2919
3831
1774
5997
2440
5336
4860
5559
5976
574
6715
1144
9230
7289
876
5159
7932
8247
6331
2078
1389
1991
7456
602
8861
4885
706
6655
5765
403
4985
457
8225
2888
6814
6765
4880
3426
17
1805
4200
3256
4054
6891
4819
6010
2382
1157
6905
2234
6749
5422
8444
9891
1005
8878
5530
2247
5983
9631
1603
1096
7289
6584
3671
1228
9008
631
810
8435
4259
2871
1400
164
3713
5794
2431
5955
8057
3807
6301
5199
5708
7404
5559
4697
3585
4151
866
4959
6965
9878
1794
5733
6572
2070
7645
8709
8313
2113
7803
6078
8405
41
3933
3304
736
4897
1607
3623
1921
4746
3402
1133
1675
8858
6754
7482
5247
2730
457
5039
9992
6502
7655
3073
4967
7415
2455
6632
8603
8301
2935
2999
332
8102
7243
9750
1045
2076
3342
3610
8140
6698
4854
839
1071
2494
2018
5596
6492
1546
5411
5836
9388
8485
3237
3789
8238
2847
7657
9145
6732
5137
1184
9890
6764
7010
22
6323
4517
6103
1624
1201
9996
8898
5283
7920
5994
3947
7179
2834
539
8812
6932
1578
8726
4613
4273
4207
8276
8640
9367
3724
7151
3168
6764
1220
8584
3474
9058
9602
3733
5430
5050
4319
4949
8711
4582
9901
4098
3236
4784
528
7074
5635
1296
6828
7993
92
1630
9226
4478
7265
6436
9332
7832
2861
831
8799
3253
9818
930
2857
3880
5501
5879
7480
9741
7052
7555
7250
5129
9391
9573
1755
8723
4884
4603
9176
1880
5549
2176
1810
3248
6468
9094
6
6603
350
6588
4666
8855
1005
8732
9130
5890
5600
7284
9568
2390
5413
5998
8610
5029
7231
2254
3749
3730
6290
1576
9936
1146
8123
1580
859
973
6765
1615
8006
7581
4486
4423
8614
1730
6112
3059
426
4247
8003
8852
1852
1540
2104
6667
8403
4937
4744
6113
5204
2996
2578
493
3625
4272
364
4389
4826
1354
817
7461
5912
7200
681
2677
4233
2089
3494
8970
8461
1547
186
7707
5231
6477
9270
1678
9687
7753
6142
6383
4604
1549
4536
4860
9095
9503
387
6992
8994
8091
6388
5866
4767
6826
7947
201
9590
6736
7700
9798
7862
7042
9337
9646
4077
579
1717
3035
3987
1370
6452
4222
9664
4385
7927
8523
1197
699
3491
6096
4040
7459
3769
5235
9281
7534
4480
4552
881
7197
4541
8812
8235
8161
2757
7649
4843
4762
2169
5941
3674
4990
5440
9105
644
8627
5827
4812
4112
41
8562
906
5550
5175
3268
4468
3664
8768
91
3861
3567
3057
5206
3262
2318
5067
1376
3238
2075
6119
6310
5298
3074
2939
2117
1101
172
9927
913
7236
3444
6316
4163
6353
7530
6922
8922
3793
9937
4708
4482
7860
1875
8835
418
7105
8420
5619
6463
9683
3795
1950
7102
4628
5773
6147
471
7925
5180
9779
1413
8807
1741
56
7658
7193
511
7634
3215
8126
519
3567
472
6362
1201
7125
4454
9753
4481
3247
8503
5340
7927
883
8888
9137
2544
6668
9306
9293
8873
7193
5122
2905
1023
5201
5787
4231
1762
8081
1670
4399
4232
9059
6849
3114
6173
1500
6502
3498
3576
6163
5738
6132
4441
3849
2518
3899
2639
5145
3426
2282
7638
1982
7085
78
9549
2075
4617
1278
3878
6699
1972
1416
1990
7638
2401
6297
8092
9340
1061
7912
9295
433
4765
3583
3967
6741
8508
