1182
3038
1000
725
4581
5498
5676
2692
8431
7393
6706
2941
5149
9436
2488
4504
5168
3759
3249
5212
1844
6787
2213
7661
3750
5519
6233
6863
9524
262
1046
7016
687
6217
1129
6292
4815
6493
838
4018
3796
4647
1786
5388
2580
340
5708
84
8693
2437
1710
537
9145
2104
8518
89
1713
802
3827
9408
6592
5896
1343
6783
5053
6412
5680
9320
2292
2260
3002
2613
2522
487
661
713
3610
7985
9814
5678
113
3190
3932
1085
8130
5347
3130
2125
6439
5168
8748
3906
9654
225
7351
4967
8363
7548
674
5446
9175
8645
6235
1043
5525
7300
7575
3321
1413
7848
8458
5868
1703
5734
2079
4366
7621
2089
3797
6349
9261
9565
8390
5897
9354
3383
7332
131
3550
4812
6162
3777
7182
786
8061
4447
6874
3891
4982
1279
7559
5341
1548
1889
4411
3287
4602
4477
4421
8367
5179
4733
70
8206
9429
8152
5200
2572
4201
7465
1625
4640
4262
1118
6076
5408
3060
6588
6748
2727
3620
2032
1670
2484
5793
49
2194
6703
4482
3617
9253
7766
5216
6369
8487
2278
3295
4980
5884
7621
4842
6412
5696
5740
543
7969
9988
4515
2932
9184
6080
852
7013
6288
8868
6033
6412
1455
2863
7969
8475
2619
3451
2853
5480
1965
7619
2825
6966
4672
7505
5382
2444
6192
5800
7701
868
7309
5147
5406
5234
8910
9673
8430
4910
8130
3222
6311
2785
8529
6199
5601
3272
7906
537
9918
8152
582
4510
5692
7278
4753
7749
4803
7329
6057
6757
6990
3463
2326
22
4806
6817
9322
1947
1082
1139
730
8176
3035
8100
1066
4925
4004
2542
983
2084
1719
3331
1374
7773
9409
7724
5242
8778
9904
7167
7083
5897
4059
9021
9633
3223
3775
9588
1399
6571
9595
4056
7341
8246
5489
1993
846
5781
9309
7489
3537
3184
833
8508
9338
4483
3263
8884
8368
7030
6128
7561
1530
2874
4321
2521
6146
6531
4029
6385
3723
605
2741
3168
7759
5132
7805
9892
7681
7924
6352
5332
6018
9361
4531
1897
9711
8036
8295
1354
5479
6315
2840
2835
7257
2172
3874
4016
9436
2974
3284
3627
5609
6051
8285
2944
8435
502
7650
3594
9415
4125
4017
6844
1694
1339
4976
4398
4607
9733
8495
2177
9329
6878
7308
9089
1599
2978
3573
7366
6340
2731
5655
3399
4469
8756
6149
6444
2526
4951
8389
3005
8772
5781
4421
989
682
8418
1755
7181
79
5913
4921
2958
8293
468
7663
1095
8397
1072
1483
7119
2461
9632
7307
1239
8963
3761
9907
5191
5347
9173
3578
7363
6988
6943
7759
4842
2137
1593
1513
4267
5412
1525
3660
5125
3109
1359
7223
5929
4632
3355
1930
638
6972
5344
932
8769
9895
8016
9355
7110
1655
4003
8581
7615
6051
4991
4643
6152
896
1766
30
4365
128
8300
361
6873
8261
5284
6022
2332
6436
2630
1988
5543
5732
2398
4534
6743
5141
9540
1535
572
8333
6324
2762
3685
7725
9386
7622
234
7811
4732
2222
7702
5945
9491
7670
1727
9674
1478
5601
9507
9285
5973
1856
2528
4298
6800
2693
6463
5025
6642
965
286
5258
3725
1500
8442
7535
8819
8555
3158
5477
1390
9180
4010
1025
1789
8294
7018
3256
9115
876
8945
5823
4173
783
651
2641
5688
5652
1612
5375
8189
5600
2000
625
5267
5136
3712
2827
6575
5046
2910
2123
5681
8541
8077
7294
4750
8381
2223
9762
1318
794
1100
5974
4882
5127
6253
7310
5660
8312
6690
4675
2986
6597
6214
2695
4392
8682
2189
5798
4161
1787
3206
7240
3146
3781
2931
5587
3883
6416
3442
637
8970
8784
8728
8334
4006
9259
697
2468
5070
4341
9398
4305
204
3687
835
8703
7137
6574
3140
7892
8685
9327
8931
9968
2619
2248
4241
8323
167
530
5159
7340
477
9283
6023
1148
8112
3999
8084
1896
2531
879
1626
4765
3511
4474
956
9246
8018
79
7656
922
7560
2085
5977
7465
6793
1177
3161
964
8775
4295
8961
4356
5649
9460
8078
4562
593
7912
1794
4590
7631
6729
6036
9451
4368
8402
3924
7128
7439
3394
2304
9562
3301
273
5548
5892
4152
686
2289
5577
8814
2563
4949
5816
8380
682
594
1525
7791
3417
4646
3081
4070
4792
3127
9952
3610
3700
720
7216
7723
2268
413
6105
249
3768
7327
6936
1404
5689
6412
4005
3088
9435
4822
2029
736
695
8150
8202
2653
5766
7893
7117
8796
1504
7543
1598
1258
2642
2500
3338
3500
2382
2724
4700
1383
2589
4407
3286
2952
8319
2718
8686
2530
8162
3881
5158
4898
9073
6382
7491
8336
2244
179
1951
724
8757
7576
7706
9203
7091
5332
9019
581
4735
9322
549
6931
7572
7079
8709
4386
2099
2155
2119
6183
6828
3762
3864
7334
7978
8126
3958
2875
3413
6275
8339
2756
1067
5790
6089
5769
5992
1043
7959
6489
769
6321
8729
1442
5761
4740
5319
9357
4731
2136
3044
3971
430
1508
1686
2832
3478
4410
4565
9331
1759
250
8908
5263
8741
8126
6829
9377
4919
7077
1057
9613
7209
5743
6893
4408
6937
2194
4496
6012
9929
1207
457
5020
5083
6548
2501
6996
4891
9415
821
1595
4262
7595
1775
1928
4536
3434
9627
9742
8515
1648
7774
4342
6187
1895
9475
5575
8511
9348
7717
2229
7058
1422
8793
6051
6055
3062
7016
7654
4667
279
7675
2839
2364
3548
2287
6932
904
7720
3352
7109
2272
8710
3089
5894
7771
941
4977
8533
3319
6384
2905
2154
6858
3744
8250
8990
7798
7678
8228
3097
6315
6288
3690
6924
343
7663
3905
6504
7897
6107
1510
7257
9923
1068
1503
1954
7661
6166
3673
8982
8613
7719
8817
4384
2517
3729
6271
4048
6861
5135
6029
7219
6511
4789
2693
5277
4842
5528
4376
7222
1790
9511
7227
9134
9214
1413
4875
3182
5652
1700
289
205
2414
4160
2241
4155
8470
9301
7820
6606
3279
3869
6182
7014
7947
5546
1170
6607
1738
3900
9289
7619
7884
7280
2249
4489
7896
550
3658
1342
2789
3021
8044
9710
3765
3837
4172
5279
8194
9872
3173
2283
3904
510
7635
6984
962
883
8883
9381
4297
8511
5511
8547
8615
9003
54
8493
1730
35
3727
902
7524
4964
4013
1310
9535
2274
9622
4336
2557
5670
4494
5803
5973
3348
5145
491
4026
3445
4430
5379
5021
2597
6471
4954
3139
9578
3924
2239
1778
6463
2143
4602
2324
29
7626
7296
5934
6661
3828
4610
8923
1932
7227
8051
849
8371
8220
1540
4885
4210
4022
6014
3242
5265
8268
6427
340
1699
889
3522
3707
6527
9325
2493
3883
5276
8710
6184
3064
2888
4666
2281
8927
725
5680
4214
7064
1569
1983
6343
2328
5424
2366
537
994
712
331
4556
7085
2409
631
3146
17
9255
3934
9541
1067
7621
8676
4203
6752
5984
3355
472
9838
341
7074
6473
830
4608
9639
4360
3206
6482
5964
1609
8299
9037
2439
2704
5187
1664
7556
5868
648
5242
6742
2916
2697
2188
3018
1277
2603
5888
5020
2981
7292
4080
4371
5887
6792
564
5095
1835
68
268
9443
5585
360
8726
757
26
9146
9564
6067
1452
8389
6845
8152
2576
2377
3782
2475
2769
988
1213
9296
1138
669
6602
1224
9900
3417
6547
8132
2100
4871
4210
6887
5446
3230
1796
5641
2240
4486
49
5223
2124
8891
1716
8488
3291
2078
7638
3627
2891
3303
3883
7276
3189
6197
1560
981
7029
7813
8254
1489
8375
7073
6248
7276
4922
1391
8734
2230
8516
9450
6916
5798
7442
5615
3522
9915
4426
2782
592
2750
3871
2816
813
7427
448
4583
5852
4414
942
7889
4140
1443
7927
5926
2947
5734
676
1105
1494
1872
667
4716
4535
4947
1906
4787
4380
309
9409
9403
6120
1800
5026
8539
6344
4330
440
5432
572
1384
5369
2991
6911
9357
1306
3500
5221
1593
2965
2967
8177
2556
5625
3630
3600
4914
927
701
9749
7001
3892
6426
8850
1309
4760
4765
1024
3684
6001
1596
4107
277
3692
3782
1116
8612
1298
8245
2436
9688
8019
7398
7538
3950
1154
469
4274
1366
4957
4801
6115
5051
3607
398
242
8113
9891
4314
72
2710
4879
3143
2749
6922
2315
5047
4295
3323
7781
4838
4243
3753
3362
5825
4350
2393
9450
9348
2481
6581
9265
9441
8295
3760
8078
7853
9149
3640
490
2164
4549
4244
2726
189
6294
6684
1289
3288
691
1623
7701
5379
4438
3983
1317
7500
8121
9426
2085
3729
6561
4018
2814
3811
2248
9340
508
1849
5429
8918
7566
8209
3274
2577
2810
7361
2906
4269
5082
8059
2997
8844
7431
7807
3377
3182
9936
1067
3607
3100
3783
7518
6807
5169
3608
9930
8568
5954
8935
3815
6560
6367
6277
1204
29
9217
8303
7000
4382
3891
1667
3623
8544
5261
1071
6624
3353
603
3048
7171
2923
3772
244
2304
901
7670
8676
7978
2172
5623
9906
1563
8241
7495
1043
6561
6096
7817
6696
3990
804
9968
2439
4349
7994
9278
9361
9880
1712
1656
432
3239
5801
8085
5743
3355
6017
3925
518
8184
6456
1902
8016
5048
1644
4674
3466
621
4439
5373
3147
7566
1826
6298
1531
1251
3061
8692
6305
7532
3164
5322
4412
5531
2263
8252
2078
930
7502
6402
9952
2039
927
4316
5142
4788
4662
5988
9473
5242
167
2464
1482
3814
2875
6707
1361
7804
8629
7523
7347
4304
7120
5669
2929
7011
5319
7892
803
4826
8000
5329
24
1835
9542
3733
248
3553
7905
641
1001
7935
1684
9894
363
5136
1635
7825
6640
7836
127
798
3498
7559
1648
6477
9027
9908
7982
338
6003
1527
8571
5766
6306
2232
6288
1323
1467
2356
7539
5549
4216
1357
1778
3428
8176
1361
1214
1446
9194
6232
9879
9498
3244
4151
9504
4438
4116
8433
2879
5257
4946
2829
1188
1541
961
6627
530
8469
2401
784
4623
9789
3218
3898
340
1278
2958
9581
7233
5496
6659
883
1553
3578
5931
5106
2788
9237
9419
5375
1711
8814
2789
5184
2285
8691
5913
2719
6768
1061
3535
3387
344
9283
9322
9497
1487
9687
9289
5623
6190
810
1183
9217
6160
1250
8477
2813
497
2204
5769
3440
1906
3781
2462
7811
7692
6578
5311
6529
8878
5695
7736
5815
7893
1236
8548
5966
6902
3972
213
7093
7755
6639
8211
7862
1688
5656
8836
5227
7402
7136
1604
2234
7579
609
7793
1532
9556
9463
2502
7499
8639
5800
994
6201
5495
565
7508
669
5470
3192
1542
1561
1851
93
4467
5943
5231
7789
9269
8930
7714
4406
2015
7280
4047
214
2628
2717
6408
3046
5363
163
2391
468
8064
8053
6227
8776
80
9163
8059
8392
3072
3624
738
647
3313
5031
8615
2104
7316
8260
5487
6288
7871
6439
3122
425
4122
8906
9823
3219
4377
4188
1164
4166
2405
7439
8990
8626
8009
4971
9665
3527
7590
2645
6708
481
1076
6634
3013
4842
5493
2358
4389
7347
2231
7554
2775
4142
4743
2249
7850
739
4476
3691
9744
4562
2103
874
7066
9208
1493
434
7523
90
7742
1942
1126
7998
2493
9733
7052
6938
6124
2060
8678
6980
3308
3493
6643
9400
9390
4604
1406
2696
577
6818
9224
7709
1704
9259
6093
4236
4375
5042
6582
644
5146
2429
26
4468
5506
4091
4721
2218
4893
4569
9095
7013
7425
7348
7082
204
4869
9528
4608
9783
6875
2711
2135
8507
7470
6166
3258
8884
388
9441
3773
1594
3856
7711
5654
3846
4103
96
2312
9358
5756
4338
5357
8764
8522
7043
8063
5613
7998
1457
67
6837
6191
5086
242
2175
9355
7583
5909
3458
1311
5971
7629
2160
4178
1616
8077
3016
4143
6008
4212
5499
4701
8204
7211
4203
3068
4567
5143
9600
4446
3531
8011
1876
2128
8729
8445
8302
2756
8841
4099
2924
6044
1226
2362
3401
9893
8371
8275
7918
7374
3752
5034
9013
4867
4840
6692
2936
9754
7315
1749
2808
2425
8969
2124
1130
9522
4382
8635
9547
2525
1114
5238
3268
9840
2460
8103
8041
2317
6862
2252
6444
1000
7395
590
3119
1332
7533
2463
5174
4601
9596
1599
5082
3459
9329
3930
8905
6762
6528
3313
9275
9450
4148
932
1824
2687
6940
6425
7637
4926
227
8252
870
7330
5709
6963
2173
2786
9502
4525
4984
2604
5173
2838
3545
2736
4421
8361
4391
3691
6868
99
9249
3471
7755
5920
2675
8667
5966
4036
545
5772
9671
6200
704
1680
2011
3022
1636
5586
5246
5619
3188
9383
8338
4801
1450
9924
4650
8686
6950
1386
9756
5060
9090
2191
357
14
608
3658
3735
7979
6288
459
5374
7282
5070
9541
1600
2915
2472
4697
1746
9222
9709
2079
1431
3650
688
7939
9475
8156
2812
2922
1566
8697
9314
1536
1813
5922
973
3872
5450
9956
727
6559
7963
352
8212
7285
9312
8229
1932
9705
8382
2456
5446
5783
4408
6046
5200
289
2886
198
5787
3312
125
5462
5315
757
9662
9936
9965
6512
9211
8496
4921
3995
8851
357
9126
3205
6431
2025
5253
7735
4821
4799
5493
1796
42
6425
4269
17
405
7906
5737
2319
5374
3918
3052
6065
9525
3100
5284
5742
1871
3910
1146
6053
2202
6293
1480
3848
8658
3475
6310
7911
5997
622
2813
7897
5760
5814
5900
6281
9589
9364
1065
907
9284
5974
6607
3897
3629
779
2757
8063
5832
2024
848
7167
8340
2948
1439
4210
1548
2486
1076
4348
7624
4953
3138
5851
5583
618
1025
3467
1929
1454
3422
5976
8627
4994
8400
7522
9852
6224
630
9350
7116
2458
5964
8639
9733
3111
3885
776
9841
471
8274
3532
1515
7541
6808
9164
2345
4824
3071
8893
4599
3973
2926
9804
8079
1093
4804
6798
6868
6191
2394
1304
8959
2994
5973
9367
304
4512
1959
7213
6022
3674
7301
3866
7913
1892
2771
8899
7316
2053
7674
209
8321
3166
7340
1288
4285
8020
5471
2226
9130
1500
8357
7800
4787
8466
61
1676
8138
3589
1473
9398
9117
8306
9696
8665
3976
988
1158
1617
6452
3045
6680
8812
4012
972
9068
8258
256
5459
644
9442
2418
8827
219
3226
7678
5758
4072
1346
3399
2089
8512
5926
29
1764
9768
4975
9146
9600
5447
4444
395
2859
6874
1890
1900
8291
1522
2525
5324
3861
5016
7058
8272
5424
1680
2739
9187
619
2715
5437
8699
5088
3798
9586
9799
116
5120
4878
9508
1523
1433
5912
5711
1629
8550
2359
5893
4903
7890
6942
2598
4575
4974
9542
3591
4256
2056
8022
8311
5981
873
6081
89
4686
4840
3501
5361
3685
4445
4523
6330
8956
2832
8504
8915
9740
4080
2975
3130
4220
6575
616
5744
8036
1450
609
5469
4893
4983
4024
7932
9400
9495
4898
631
5799
2011
1883
4573
7836
9811
1050
4400
3948
3008
512
3499
7391
1979
8206
2304
5638
8911
2480
448
4554
8994
2729
2132
3757
5665
7676
7880
9295
3161
548
9047
2352
641
2753
5090
6444
8100
8175
7385
5656
1438
3365
3532
7624
8972
7575
7291
9962
8261
3961
2490
5858
4903
9712
8992
3763
3082
8406
3583
5719
4114
8794
14
4620
9760
1490
1569
8811
6823
3198
3802
5205
7116
1786
3769
5628
1318
5952
8607
3243
4917
9063
2384
8307
944
3660
8231
5331
4518
7931
1331
868
7030
2058
4127
2382
7786
3778
3200
3722
14
8331
3655
9862
1423
7667
3638
4222
3198
715
9231
5581
3331
6383
2872
4143
9711
6879
6187
194
3161
2782
4554
4121
4842
3238
3152
3820
4869
3030
9442
7904
8638
1434
1220
7662
4155
6773
5032
1011
2471
5742
8257
4692
1491
7460
9445
1707
872
734
513
5746
7080
5172
6823
9531
3410
5508
4947
2921
291
8834
7019
7967
1770
6607
260
4051
3604
9156
4913
4559
7270
4283
8087
9844
9929
1658
6428
2763
2880
542
7149
4089
3157
2944
335
4189
8193
5302
5437
5338
9354
4600
3376
7692
6998
2429
4445
8841
3454
1458
5256
6693
5247
3127
6630
8801
5578
7510
8800
9714
2794
9969
3283
5129
1461
5158
180
8229
8956
3297
5794
993
1549
5295
436
1514
4312
6282
2081
1794
6430
1174
622
2890
7428
3766
5745
4192
1608
7756
6869
2644
5227
668
1079
856
5516
7707
2332
4628
806
4809
4773
8788
2927
3416
6587
8751
17
6440
7813
9219
8406
7249
3080
1618
1084
8620
9406
7475
7656
2606
5743
8951
343
9650
5628
9897
1119
5378
8363
2673
1635
6290
9916
7925
3286
6009
8153
6860
9687
2013
3228
8369
6571
4537
1931
4464
7065
493
9743
3152
9550
9539
4947
7389
9905
9881
7191
9729
8352
9488
7395
6494
7657
2448
6729
1466
3893
8037
8147
6264
2894
7947
8076
143
9810
5537
891
8745
879
9917
1049
6106
4014
7660
132
1067
4397
6980
4140
2818
4036
1016
3034
5504
7098
967
9313
9206
9215
5969
8972
4197
7097
9639
7559
417
1373
4910
8202
8321
8115
1136
2608
9189
7469
4015
342
1204
5360
902
8302
6642
9136
6607
355
5450
4826
7978
8967
8190
9066
6784
7128
248
5901
4501
370
7099
129
6003
5150
2299
4537
2329
3127
9350
6157
4464
8317
3485
1502
9141
9251
1411
5654
2775
9507
4881
3246
319
6257
3492
2169
6247
5388
8916
3758
3129
7265
1089
2211
9205
1962
2764
3364
9070
1172
1295
3891
4737
9054
586
154
9491
8157
3435
380
2039
8556
473
7769
6520
2689
3933
960
3545
8731
1278
1519
1895
1319
9448
8661
4887
1298
7816
4265
129
6377
2406
1252
5129
5052
2831
1432
1638
3425
6189
4468
7376
244
4118
4912
9307
3148
9822
9571
5195
7881
6378
7364
4322
6026
5170
5117
7485
9131
7154
8843
4760
8555
8013
6994
7113
4411
6783
3278
64
9538
1613
1636
4840
1630
5227
8614
346
2534
5626
470
5311
8362
6187
3298
240
5884
8229
3965
8636
7672
8511
5007
9621
973
506
1602
1031
8192
1966
3789
3078
6614
9936
3134
5443
7519
2093
1072
2042
2210
213
5101
4204
8099
9478
5948
4532
4962
5108
427
4023
4877
7442
8776
1645
7189
6096
2361
983
6286
1058
2556
460
2479
5256
3224
9780
6906
2111
1666
639
3494
3779
3180
8867
8647
4671
4823
145
7823
7715
8154
2243
3166
7153
8619
1492
6645
132
7737
7260
7833
3485
1980
2630
1682
6011
4949
8287
6851
3766
8639
9069
8932
5048
9639
5322
4970
1593
407
1516
7609
3494
765
899
4848
3438
747
2942
9922
760
6936
7754
6629
867
436
6680
3379
9308
1000
6937
9246
5590
9819
2056
8049
2457
6578
8389
9921
6809
1343
5082
9186
1394
5610
4715
278
6957
8013
1119
9360
322
7000
1493
5543
3978
5286
8389
5334
6623
3127
1269
5136
7010
8796
7316
4528
7497
7457
599
655
8675
6180
4669
2159
8089
1572
8176
7316
4275
5172
1115
4739
6980
7663
3858
514
6004
7862
3939
8558
8776
149
456
44
2527
1891
9013
439
8267
2648
9364
8120
5146
5017
3034
6244
2641
3694
1941
9055
1636
8565
5445
1502
6660
5760
6629
9914
4757
5481
3013
1712
5787
7349
6996
6854
353
3430
7311
3912
8021
8987
1520
2944
4019
3010
2053
2852
9773
3614
3919
3530
2100
1348
147
6870
8997
910
7009
3491
2003
3650
8766
5200
732
9885
9968
5234
6395
7209
3829
9144
6618
3390
3425
8044
386
2021
7986
9045
7937
3287
7633
5609
8118
3139
2408
3903
7115
9823
5130
6674
8080
8966
7555
7858
3888
6624
1326
2133
5282
3423
2253
9979
9679
8837
184
4927
7594
3043
2821
4041
4929
2637
1600
7088
2063
4281
6839
8045
4251
4694
7829
7162
0
2073
3641
5914
1690
4482
6578
7058
5914
7469
3081
1221
2534
3349
8683
8477
4352
1507
1505
9989
9361
1316
6126
3428
8418
7208
8693
2435
3255
2934
7125
6064
5913
622
9874
3723
8814
6711
3920
9373
2166
6774
1646
4345
4453
384
4205
4619
4520
1462
668
2461
5094
9103
8290
7064
6884
7029
4903
5830
1061
9109
638
2950
7372
4873
9971
5018
480
5331
6109
1195
7307
6799
1216
2956
6030
6011
6387
3627
8453
5347
649
9796
578
8532
685
4528
4185
3811
9231
5515
5208
4550
5637
7474
8928
2351
8400
8507
7876
6697
7837
1487
733
6011
3012
7922
375
5610
2416
9156
1628
4524
6187
6767
9403
4262
245
2848
3269
6646
786
9299
8035
7549
558
6664
7527
8916
93
3170
4750
7439
4210
7517
3007
2735
2252
8735
1107
3698
9432
3719
7521
2565
7719
7906
6564
217
9886
1645
5803
6851
3940
1573
5645
2862
9211
5946
5334
8763
2366
1554
1587
3656
8259
2105
4166
3679
8284
4422
2390
9637
7952
842
471
2147
3090
4337
2417
3473
7515
7210
4639
7406
6888
2899
3575
7197
6114
5982
6145
6377
3830
5472
7429
3192
7777
9992
5734
2574
8042
813
2949
5657
9900
8255
3747
9145
9998
5680
1414
4962
5040
4044
3351
6122
3636
8387
1030
1566
855
4983
8859
7409
1995
5104
7402
1044
4850
4589
2354
7792
7353
6406
8594
7920
3070
5869
6648
2236
6032
3570
5688
2336
3106
7557
1141
3164
971
3943
4399
8420
7229
489
9961
9624
2319
9686
3285
2558
1882
205
8079
8058
4509
2710
6851
9903
2093
8437
8699
5104
6732
8620
3545
7072
4756
5995
3886
535
6848
2371
9317
2133
3304
3929
350
3713
9608
6070
6266
4235
7723
7354
6864
7392
2633
2368
8331
8011
2170
1245
3696
4152
5830
7922
9167
3604
9419
7169
5141
512
2137
6413
395
5205
589
2746
3888
7825
5448
3459
3566
5967
4780
1786
9355
8965
6194
3514
6430
7607
7435
4952
9083
9768
7985
5992
1677
5409
8649
8060
3279
5914
7416
9735
1127
9574
4383
3552
4880
3851
692
6018
8179
8990
8910
112
7777
8061
8077
9206
4848
4934
323
8986
7887
5798
9235
2738
7303
4187
6533
991
6704
7562
9363
5814
1453
1901
2163
6495
4453
2708
2096
711
6143
8108
1255
7520
8761
5965
3500
6745
2485
9454
3799
8568
3281
8915
751
275
7265
3974
208
6446
8027
9108
1372
302
2927
174
4092
652
577
5151
4129
3958
5972
6926
6507
7375
6965
2825
3684
7479
4273
2065
4474
4869
9348
6213
6792
6640
1455
5783
3169
8685
9029
2571
120
4803
6834
3597
6158
4154
9561
6993
2104
5282
9272
9926
9453
7488
7706
3332
7177
131
3033
101
9521
9749
8941
7280
7732
7661
7846
5280
7737
4353
802
4899
11
7784
7323
9086
3550
2766
4848
798
5084
2608
5406
6745
673
167
7563
6787
8223
7458
2800
6445
4607
796
6928
2599
5381
4653
8633
54
5854
4957
341
1713
2617
7026
4653
1989
8543
5898
3755
7385
7392
6308
859
6940
7804
3401
9390
6329
7386
5353
8586
828
4552
4719
2289
9279
6224
1222
2107
6398
803
8565
9491
4649
4006
4485
7116
2599
2149
4596
1390
7462
7064
6658
2657
7889
3249
7705
8132
8091
4622
809
8427
3368
2305
2673
6547
2027
3305
7770
9378
2842
9949
5373
8448
1422
1653
2821
4956
8518
2293
4383
749
4010
3047
5582
2150
9421
5572
1275
3764
3036
4607
9641
3879
7700
8061
3254
8346
5232
5076
1342
6001
511
3951
1674
2687
4084
1948
2454
1073
2135
3731
7248
9995
8313
2035
8155
5292
5349
1930
931
3136
8849
4512
8460
1730
9876
7393
6355
7884
289
1957
5190
9277
4818
8750
4863
1621
8928
9982
8523
1024
2878
34
8489
5916
2406
3918
1102
7065
9835
2422
5830
7181
1678
2279
7349
8753
5100
3296
9275
7611
259
1744
8005
9640
4789
4973
8736
7030
2006
6286
9193
6155
6464
8262
2832
7270
7750
1597
1051
3344
7973
5357
9671
7038
8870
4502
9513
7670
5631
8190
994
1852
8138
25
3009
6776
7518
928
3474
6869
9945
8689
6692
3336
5279
1108
7033
1595
5724
6581
726
421
7541
9026
5802
5528
8861
8594
668
3463
7475
2416
460
802
1385
2019
9404
7936
6463
3148
376
5335
2606
3692
5104
4170
4817
8079
1878
4624
1773
8936
3955
3053
8625
7225
3396
6607
1112
9840
4593
7239
2827
6457
6814
6274
9252
7796
43
7459
9470
6868
2230
6287
2920
3089
9952
1749
4072
5099
7037
4104
5836
3163
4021
4490
4411
4807
2055
7463
7786
6498
1134
5850
3883
6830
7963
8176
960
6079
5105
2967
2526
6637
7616
9411
4108
1877
3721
6765
4570
6797
705
8920
2782
8162
8257
3410
8905
2384
3849
3187
7240
2509
229
5557
6183
8530
1223
8959
4657
5079
4692
7344
402
1578
9771
4325
4893
6812
3040
9527
6185
1672
2103
2628
9126
7025
2203
7288
7710
2134
3774
4903
2902
9061
9467
1306
9667
2905
3255
2580
2890
5569
8374
5504
1280
1599
5866
953
1152
9082
5574
7557
1595
6433
9713
9583
7993
4443
6
8080
7485
7232
7640
7769
8551
8477
3075
2767
3731
3848
6526
6019
4271
7329
8124
3437
4603
2849
8145
8788
9336
3042
5762
45
2930
1323
6965
894
9418
2054
872
5422
2124
7775
1101
5259
8048
4955
9843
6231
1884
483
2368
3295
8822
5131
5626
6489
214
468
7109
650
2554
1770
246
9762
7060
3674
6230
2965
7950
7876
2563
6470
302
1289
689
6849
8756
6802
6125
1125
400
9804
7857
5821
1392
7155
6483
8042
5191
8698
6809
8047
3018
5029
8631
8056
1315
4339
393
5047
2889
43
7308
9740
8935
4321
7750
5633
3880
1061
9670
7120
8340
8649
7398
785
7011
1181
7869
9443
8433
4777
3825
9142
2683
3238
7465
2035
3253
5993
2737
7497
6765
29
2999
181
2474
364
5346
269
4031
9514
9346
6777
9804
6558
7314
1966
8771
8621
3194
2904
4712
8293
2945
3860
6481
7379
2240
2807
6269
2433
6162
799
2817
4640
3143
1764
813
2525
6280
3225
3246
707
6628
437
6604
7838
8793
8841
1283
5383
1983
8366
944
4321
8414
4300
5633
9486
48
4281
6671
686
720
1772
8807
4102
7522
9549
1267
761
316
7947
1272
2549
4882
3257
4121
4653
9120
8934
3976
6110
4880
7095
284
9329
2699
4995
9087
8268
3772
3835
9182
4117
4128
5013
1732
3252
3482
212
6464
6435
8067
9477
5026
1749
6622
9751
3925
7424
3273
7512
2662
664
3040
3721
4674
3561
1772
5773
3022
9649
9641
1667
1200
4697
2485
2461
9819
8830
2404
6509
3480
9807
2304
5899
5375
2053
5053
5093
8645
6250
1931
8772
5535
1271
6308
9462
1557
8079
614
5406
3202
4449
1851
7668
8312
3566
4787
1850
8928
936
8691
1148
5359
5666
9463
531
4036
4746
5347
3910
3597
3295
2535
8829
1914
4625
5648
2164
8233
4500
5355
8681
4448
9104
5957
7666
2090
761
2239
5038
1784
5877
3933
3782
1993
943
4108
3039
9316
8888
8435
3135
6194
4436
3123
1273
937
1000
1784
2807
2146
9534
6338
6147
124
8930
3933
7330
90
3229
6763
7117
2551
6011
8052
5389
6090
2363
2644
9555
4804
7458
1715
5058
7526
6333
3809
8858
2064
9265
6208
1649
3396
7616
1580
3631
3465
2667
3397
838
6364
6478
8909
4460
4112
7325
4813
6855
2278
8777
6338
7124
552
1358
5093
8084
9839
5468
5624
5188
2836
6208
155
7207
355
1039
351
7138
7852
2271
274
868
7700
7345
9545
9887
4472
4830
9724
2231
5633
9885
4538
1734
3427
4847
301
394
1711
5447
8633
7948
1945
8921
6078
9326
6692
7374
6894
3056
8104
5873
6696
3342
6854
393
3521
7722
9378
3124
9588
6881
767
5996
4497
9741
1977
6952
6369
2247
6428
5314
3082
1174
5234
4336
5197
4264
5145
4258
1677
9964
3426
3975
5850
3498
9622
7195
4555
5024
9603
9217
6219
6922
7636
2409
2202
7468
3039
3503
7540
3903
5224
1536
638
4614
2291
4521
2956
3883
8119
8765
2928
4939
7725
9059
5726
7659
9848
5594
3834
2710
4446
7706
4627
708
3189
249
761
5016
1097
5942
7353
4886
9257
3717
7705
6591
4209
888
3391
4954
7730
7926
8140
8753
2526
4666
9798
9845
7328
91
8899
8383
1656
8467
6193
8917
8100
4623
2626
7429
8442
8066
9637
8048
1041
1398
9792
1254
2880
3344
5865
6218
4558
9103
6932
977
1721
2352
6614
1517
946
8561
841
8928
7221
7376
3608
4783
3814
6527
9242
2774
919
487
4843
8498
2598
3510
3478
7566
2275
5527
4367
4749
1264
3404
9420
2096
9041
1066
5508
613
2002
6448
9072
3053
8872
6853
8094
7528
79
1262
8180
6640
7043
4777
5057
1918
6027
3514
5663
3500
8687
5103
3765
3592
4906
4497
9337
6594
890
2394
131
2787
4532
3645
5228
8186
1349
4150
1093
6067
5620
2223
2292
4486
1891
8172
7993
8698
659
21
1359
9268
4583
29
4031
592
8721
4787
5614
1162
137
9172
7302
2058
4060
4251
178
9082
657
151
6482
9301
1063
1335
3647
413
4362
7828
7912
153
6292
4731
5243
8585
8848
7174
6016
7544
7066
9958
9535
6461
1618
2798
4626
6238
1455
3743
7461
3490
3856
5100
3481
464
5005
9449
1240
6489
8269
6581
5394
9615
289
8689
4326
5201
8749
668
2365
7844
5351
748
2113
8847
4952
6475
7883
19
8047
4300
2409
6005
7845
6728
4797
6298
5035
8666
9843
4846
7743
1091
507
2912
766
5034
9924
8397
995
7908
6458
808
2205
9451
3510
5395
15
3647
4484
2013
3025
246
3362
5208
852
2481
1700
149
131
1100
3572
9519
4581
5009
246
1952
9998
1707
2506
2948
997
9874
139
8136
2033
9175
804
9838
4188
8717
7650
5681
3978
962
7493
3583
8450
4137
3504
4487
4379
7814
6128
3632
9090
4533
3961
1220
2967
8887
9611
616
3800
7338
5700
9753
8981
3235
4143
164
2387
6475
3002
5153
7820
1891
3317
7197
6867
6661
5750
4643
7461
6761
3738
3751
5579
865
2918
6559
2604
2866
8283
8942
2400
6799
2184
5437
4015
6371
6777
1464
6039
2171
4925
7779
412
3022
3350
8855
7050
8378
3738
9261
3767
1036
4902
6742
404
4122
5281
9572
2753
881
2462
6169
4080
5959
8780
9482
7857
4332
664
5039
2141
5586
6306
490
9263
5590
2381
9377
1564
906
3807
2794
8275
6944
5672
7458
6416
6853
6992
665
7018
615
5017
8734
6844
5268
6868
1139
1633
5281
6879
5581
8552
4932
732
2074
3975
9775
3309
462
6828
4074
7274
5644
2943
6971
1477
5406
1987
7236
3461
1346
5323
3369
8127
8673
1161
9964
6580
4444
5265
7687
7139
1781
2077
2981
1710
3863
2490
750
362
4739
2655
6942
6704
2841
9741
4464
1904
3871
4418
7308
6358
577
5416
138
1268
9941
8155
8993
8367
6537
2631
9217
7302
4076
1023
1017
2605
9845
7898
3702
5288
7524
8072
153
2002
1988
2435
4836
270
3561
6161
865
8372
5931
5733
3118
125
63
9461
1849
6250
9951
694
3875
4686
6885
3123
676
6157
729
6461
1932
3756
3748
796
2513
7095
3521
3252
6858
9665
6127
4611
6391
2262
1493
3206
9178
4989
7987
3531
5814
7145
2448
1058
6498
4783
8805
9948
9834
2145
134
9717
6627
5545
4024
2991
7257
3713
8356
9107
1287
1087
1014
7292
609
8687
2322
9727
8881
6440
9972
9138
3821
9856
9074
2670
3730
2603
7168
7503
9215
6399
3792
7112
9584
2243
5876
8915
5124
2118
4193
4614
9582
9931
4194
9794
7061
2098
2966
5316
4648
2274
3575
5198
3794
5811
8920
9648
7765
5192
3514
480
7510
649
6411
4345
2325
9678
4923
8735
3480
3400
2044
2752
5491
1738
1174
6390
3414
1652
8069
5482
4466
5488
4128
6034
3881
5685
3286
5787
3873
649
3302
8354
869
1972
3307
4123
8041
559
9474
7045
7767
8843
4938
565
6603
5487
6231
590
2039
169
4195
7043
2980
2437
258
2963
118
5067
1264
5011
9738
5619
6537
8665
6430
7539
9700
3588
1805
8201
5069
2153
1718
6277
4142
9817
3353
4254
7929
3902
9325
9188
1044
852
3536
8533
1906
5908
2812
3305
2122
4043
9523
5640
9926
7546
2807
4492
8427
1303
2679
465
2431
1712
842
1592
9452
9840
1777
1659
9919
1817
957
4651
5773
8513
2205
5877
7379
3098
9825
1395
649
2777
7056
1134
6306
9321
4738
7825
1666
8344
4091
3017
8077
174
885
5497
5112
4525
9816
2027
5198
5188
4169
1376
7521
5054
860
8423
6555
6200
7623
3052
7407
1456
1845
24
6545
4297
4692
5159
9327
7882
3388
2679
1979
4358
9708
28
5206
7862
3970
4448
8474
5299
3142
8296
2340
4656
6836
978
8524
6371
180
3882
9250
964
1512
5051
3175
3742
9457
8706
4965
8995
3326
3871
8828
1789
8723
2053
9402
9022
322
9745
1046
5144
2312
5191
218
8681
2582
9239
7274
9391
4826
1967
8389
3577
8938
5834
2983
2110
1917
9526
4840
7078
7190
7843
1765
8902
3021
9239
8041
585
9436
3087
3799
9002
2947
48
4263
543
2712
2860
3578
6991
8526
4671
1724
6003
3009
7513
2150
218
8764
7094
860
5783
1383
7593
8761
9317
3904
311
9333
5371
2228
7760
9057
5499
5627
760
7391
8148
6589
3203
2208
8343
2997
8752
7787
4518
5008
3196
3991
2856
562
5879
6534
6506
1653
7572
5246
6576
8335
9657
9684
3704
1343
5399
5143
7087
9763
8387
3063
4125
6410
3987
8064
2332
241
9380
8535
2518
7788
7576
3839
6396
6930
8861
3288
1971
5845
840
2902
1400
1613
3393
585
229
1745
2904
7918
1259
785
1925
4465
7407
18
3101
6813
7025
7879
5185
1458
4759
3176
9760
9234
7305
1378
1836
8040
7622
6635
1834
6469
8020
6032
723
6872
1972
5869
5832
5961
7219
4359
1122
1267
2460
7322
8263
4316
5596
3003
7609
6546
3886
4041
9976
9955
2436
7476
1832
57
1447
8089
9405
2384
5957
9226
8642
6022
3258
3527
9273
7326
2538
5579
3373
4000
4346
4149
6420
560
1198
9472
4656
3562
8237
1890
1028
9719
2913
8462
1844
8255
2554
6806
7237
699
8994
4864
8163
9749
8347
4483
5346
7103
6085
1535
8796
5068
1675
6183
4408
8047
1005
1980
588
4174
9241
6423
9033
546
9794
3586
5093
7790
67
387
2774
5194
6893
1958
362
4891
1739
5782
9924
9392
2823
2504
321
7387
6085
5621
6888
3482
9197
2610
3647
754
1030
4141
1610
2311
1582
9653
8303
3434
3478
6982
8933
5136
7946
9472
3947
1050
7022
2692
6805
1846
1236
5579
2656
6946
4203
6274
119
2296
49
6869
6222
1914
456
4439
9948
8619
2551
9435
4630
9544
6023
7571
7029
9570
1582
2130
6169
1176
4457
752
5832
7317
6273
4202
6527
8403
5312
1266
9497
5515
1742
2218
1149
8235
276
2057
7377
7042
1985
1496
7245
1275
8570
1068
8027
1491
7196
4224
5386
7144
9806
8734
6561
7265
9378
7450
4352
6500
1386
2826
9026
2168
5799
7958
3152
3912
3676
8776
5471
6495
6129
6080
2697
1574
2068
5959
9465
4680
5753
9342
3312
7327
2722
6227
6708
6733
6874
1566
3096
1320
6588
3854
7511
7698
9009
2075
7370
7652
8325
6056
7593
8983
6443
1463
1278
8479
6855
8264
5301
5701
7737
3376
8800
927
970
6850
6262
1086
5438
3004
3963
4899
7130
8753
2091
6958
3679
1342
6672
4901
820
9627
788
4014
3282
3665
1632
4538
1352
8738
7778
7741
6447
7097
5085
7134
7848
559
8138
6199
8498
1959
8317
1689
9911
631
6610
8752
3206
1891
4166
3086
1595
440
1603
5495
7770
5681
6147
1129
4091
6537
5861
5973
3184
9439
7612
94
2754
8751
853
4877
1736
1058
7873
3887
1385
6820
4625
9420
8553
6814
7328
7124
2944
384
5658
4951
1800
2781
6810
3025
4181
3874
4752
6513
4127
6564
1682
3173
346
4117
5977
1316
3991
899
3693
5335
5203
6301
1835
9861
3821
595
5442
3481
8437
6137
1965
3570
7984
4743
90
4199
2280
5248
9273
7973
9104
701
2433
1862
2854
9526
5724
5439
1713
6140
7683
7463
8329
9910
9508
6063
5429
5846
2303
2739
864
9542
8416
5163
3269
2149
3223
1294
2026
2264
1972
3652
2057
3135
3837
2325
2872
5301
9906
7044
5306
3043
9255
6498
7695
6098
1792
8608
2966
2538
2236
9636
8867
9884
3784
4311
7916
7849
4933
922
4541
8557
1443
7394
5147
5884
7324
6711
5526
6471
5725
7108
8087
266
8143
7308
3561
421
500
138
9316
357
429
8098
3044
2574
2648
4474
7192
9912
7559
4623
3398
4772
9036
3733
5645
8489
4688
5982
8546
174
3299
8102
7116
2054
8717
6761
7883
580
5539
7346
562
2601
3062
1984
7909
1617
2373
3991
8558
438
9970
481
2794
8111
3874
7919
7136
778
8062
7632
770
5873
9543
7676
8412
7387
5062
9933
4921
4242
2817
923
5044
6988
2570
9747
7100
6600
8418
7587
1441
5031
4714
4164
6043
309
6394
4020
939
738
5114
1040
4777
3826
4013
8651
523
1517
2014
8669
503
1475
3203
2602
7855
5984
4462
7645
8908
9944
6291
9409
7094
7327
4883
4733
7295
7335
3718
1018
1839
8375
7528
9346
3610
9077
3242
1574
3294
9824
601
2043
9753
3740
6380
5827
7063
4170
9398
9572
4104
3139
6300
6855
7392
3106
5345
942
3689
2939
1788
3315
8499
76
9307
3690
8811
1006
2433
6274
7689
6759
2283
2829
7251
7360
1040
7977
9967
9726
9526
6378
9638
5008
5889
8886
7364
4995
5447
8541
6956
7701
2975
4787
2777
1796
3896
4780
7935
9330
1062
5859
4591
9944
8407
3158
9305
7204
9155
3393
4732
928
8194
3573
7321
3664
1255
7717
1254
1352
2442
5357
3710
4488
2212
5360
69
2629
1939
6828
5273
5668
7726
3484
8181
3814
1170
3354
4879
379
2938
9022
2049
9732
269
4872
7445
9433
881
2278
9481
9252
8270
5618
2466
7672
3198
3820
6812
5425
2448
7055
2063
2377
8891
4274
4638
7476
736
3741
8761
3657
4936
4390
1235
6590
3260
4247
4686
9711
2132
3294
7377
842
1527
1121
5707
5226
9473
5051
5218
9693
7315
8376
2596
2484
5011
4473
6367
7656
3044
6788
1500
4691
7297
667
949
5058
1619
2759
6231
8421
3410
4608
5763
3807
7384
4332
5855
8913
1921
9859
2602
5070
5583
4139
9820
4186
7834
3172
731
1252
2708
5057
9818
6829
8506
289
3404
2355
9142
5770
7606
1071
2897
8946
5059
3303
2695
5641
993
6545
4787
7318
648
1654
9305
6860
7787
8206
1554
6552
9591
285
2130
2074
2856
8665
7653
7566
6843
3111
3736
6838
8014
9810
9333
2501
8532
8951
1750
4427
8965
8815
10
1608
5489
7274
8213
2655
4405
9716
3153
3881
2534
2807
9363
9122
1595
1789
1593
772
8807
1072
6511
8205
3379
5025
7488
7744
2730
4241
874
8614
9342
9822
1706
8670
1497
7149
5030
4264
6574
7713
346
3322
9149
2550
8538
4957
1397
9613
7735
6999
3075
4820
7005
3509
9849
9648
3928
1397
8811
58
22
1950
7538
1363
3688
4508
8595
4005
546
9772
1162
4360
1426
4912
7567
1838
2685
1327
5979
7100
2565
9436
1044
5093
2615
1681
5812
7300
6512
4153
232
613
7808
1399
3012
9969
5238
6150
6932
1525
267
733
5405
5438
8123
3342
2177
2291
3582
2476
8018
6046
2966
2807
5022
4360
6992
3878
7208
3136
9596
4751
407
792
5290
6853
9752
9597
874
6015
9535
3793
8950
6129
4219
1702
4956
8858
6663
3384
482
3977
5772
6920
5150
3132
7716
1521
5342
5254
6761
1241
2161
6732
4828
1318
6841
141
1666
