6122
1064
8940
3273
4300
1303
2891
8824
4052
1590
9718
6212
2451
4925
6488
6479
1533
3697
7406
6346
1684
2211
4359
8267
8370
3394
372
8682
2626
5312
690
1190
4652
5042
3552
4277
124
5969
495
2968
8669
8046
1014
6812
8759
8883
3439
6445
8625
2660
5842
1189
9189
5492
4667
1283
7888
8499
4586
8950
4802
5909
6152
2808
3368
2014
9009
9656
5667
7578
2130
1535
3252
7385
8703
6548
4695
5479
5393
7100
1353
6778
1195
2393
4888
4548
904
2627
6406
8313
5907
6452
680
26
7795
6140
993
1616
7024
1093
7926
5716
5334
6753
7822
2298
805
8448
4552
1150
7394
4222
4857
1239
7134
5689
7488
4553
3041
7344
6968
1847
4595
8854
1370
4964
2615
7590
3499
9114
84
145
6729
7252
1105
7603
8382
3654
5708
8979
1231
1324
6775
8409
2900
2368
9103
970
5507
3317
4139
4718
5883
7233
653
1747
7770
2663
2104
5210
9035
8114
479
831
4736
7598
7877
2359
2440
4703
1287
7282
798
6597
6514
607
254
9560
6930
7999
9763
5965
4104
6449
5154
5595
5095
7021
6269
791
3147
8476
5733
7995
9174
9460
8767
7077
3032
2450
7393
2779
4779
8976
8362
2429
953
9830
4971
35
7226
4860
6358
3045
1757
2590
2209
8730
1106
9320
1255
1783
162
6689
3148
617
4556
804
3594
5294
4813
5928
9820
5710
3339
3538
3687
3927
7998
4993
7216
3893
8476
3671
9374
8369
111
1527
5229
3360
469
8041
6524
9901
3027
1467
3876
5409
70
6914
709
1549
825
8478
9534
5722
6428
9899
1897
4152
8151
8931
5409
5635
379
3489
3120
2052
1841
1249
3066
2852
2705
3748
3376
4219
6113
9631
8801
6550
9976
7826
499
5014
3294
2278
3594
2661
3346
3728
963
1972
4615
1954
7040
8688
3180
4145
2209
3283
1495
8433
2522
7383
8413
8252
9494
8821
6880
5585
2520
4764
3990
3017
7514
7437
7266
7942
3189
98
6241
2116
5355
4383
227
4049
4100
7345
7731
8201
5891
6530
4373
3273
9412
7807
7211
3701
6276
2577
9237
1510
6045
2151
2755
6635
6429
8181
7447
9584
4258
6166
8268
7116
1876
7564
5469
1092
3982
760
819
2893
8218
1941
9311
7551
489
9855
1760
1684
4236
5169
9026
5984
5091
3516
4900
1595
7583
5571
5155
394
5445
6467
6280
1275
8961
3216
6010
6063
5140
8955
6770
3858
8940
128
2730
7621
7407
1211
7216
6877
8756
3658
4413
5012
1182
6142
2220
4750
7557
2331
9449
7686
1555
767
5144
7558
6280
5391
3215
5206
3626
5341
8897
3419
220
2086
2120
7937
3434
9624
6750
6931
2830
2464
4744
4311
1858
1473
4688
9159
8499
1793
1069
1978
8111
5405
9169
2897
2379
3677
3103
2844
7074
6787
4407
4189
9502
5260
6079
2069
2060
9545
751
5147
4880
5895
8777
2923
4772
778
7108
3659
6270
2920
9620
7432
2237
8546
1639
847
8175
7694
3950
199
531
207
4678
2764
5493
9334
7554
743
3916
4274
4791
7624
8028
9378
5155
1878
6168
5420
2075
4253
5320
5974
6384
5510
7346
209
5917
3284
120
2405
3152
154
1470
1159
9938
619
2999
7224
6341
5609
1915
9335
7625
2255
3495
4183
8475
4042
6081
5579
9050
2674
2389
637
2967
2566
4273
2558
8312
5669
6634
407
6249
1433
4905
4494
961
4030
2758
9445
9260
8017
6479
9597
5258
6659
997
6376
8547
8205
4275
8299
6085
8653
2603
8434
1100
8894
4207
4845
6284
4182
6921
3016
878
4264
7688
8777
805
6730
7303
978
2412
8242
5468
2087
3149
9849
1370
2793
1728
1649
5603
5617
4143
7475
8717
5848
6515
9953
79
8611
1804
8186
2105
3868
7345
860
1950
4651
5346
6179
4655
564
167
7823
4052
5385
3672
2020
793
4080
7079
4124
7044
1200
3949
9479
1007
7141
8448
5266
4214
2131
8430
1861
7806
8614
1304
87
8687
8728
3726
7980
2496
3436
5299
3310
8494
5528
8061
649
888
6495
1067
2192
1338
4364
7315
8494
8548
5979
5911
7879
8903
7825
6227
1165
923
2540
9526
5198
8592
7780
3243
266
7487
1905
3139
2162
6203
2135
5376
1068
3930
7148
752
4035
7018
3418
3700
3979
5602
9599
7836
4051
662
9857
290
2659
6102
1568
7775
3861
2212
3988
3101
1632
3296
3013
4171
9119
4177
234
8662
8064
5010
9881
9978
2872
2199
2860
3957
339
8571
1781
3636
4458
4584
7400
5469
8622
4385
3895
7191
9488
3711
4011
4490
3763
4582
5933
6063
1209
6548
6773
1891
1833
7430
9050
6878
2594
6534
728
7546
762
7940
5520
3986
3872
6960
3497
4568
2127
5330
9604
3715
1219
4774
1949
2212
5590
4295
8205
6019
387
4967
1885
4923
4012
3144
7605
7902
2967
9754
8034
9638
9299
3617
7349
138
6808
7058
7832
2761
8541
6843
3613
4133
1555
7644
5183
9951
1326
4214
9817
3388
9411
942
6725
3713
7245
221
2236
7760
6090
2023
6460
8046
2755
8903
7705
5344
8136
7171
8746
1938
6857
1873
2004
8003
5346
1014
6804
9792
974
4214
6261
828
748
7230
6065
6905
3887
5225
4
1414
2431
4402
7340
5445
3645
5031
1053
4808
4931
7351
4562
7511
5690
1192
9934
4304
8325
9639
4576
2667
4587
2077
5780
3033
4258
6714
6517
1193
5543
7200
9329
5510
3658
303
646
1553
9317
9880
3016
1398
717
9233
7812
9741
2754
324
2926
6672
5105
4916
6487
9412
1016
8365
1819
5766
9673
1286
6806
4819
9848
4822
6103
3747
9502
3408
4316
468
7552
3597
5485
703
6362
4549
8773
9400
757
8793
6090
791
3064
5536
7422
8158
4746
6443
7086
9751
4197
2679
6375
8220
9974
2319
5113
6146
481
2940
1028
8914
2914
1098
495
8325
8766
4615
3783
8780
2328
8107
5780
3754
2191
5583
3240
7870
6405
5675
8224
4880
5850
7888
2397
4439
6791
1391
8348
2389
1126
788
5985
8832
8638
2434
7507
1934
6333
7212
5456
1628
3102
1246
129
7595
7979
8934
4217
4568
3244
3410
4807
6566
5580
2902
650
5865
8332
9066
8612
9874
4481
5182
3223
9794
7513
9083
2269
7309
219
5256
8740
7485
7500
5349
9317
7504
2974
280
485
9103
467
9329
5285
8763
4175
4668
6564
8038
7340
3443
5557
5835
7926
1629
5643
9548
2758
1751
1792
9270
7085
2990
6037
5891
2662
1318
6468
4075
6926
7865
353
3032
6175
7519
2799
901
3351
3127
1887
7889
4344
2672
546
8774
6745
6742
5312
8849
7082
1404
9025
2830
5733
7618
4537
9585
5071
3091
2881
370
9229
142
3456
4406
9044
4671
6057
3367
5417
5258
701
1760
583
1683
417
9366
6318
5692
5738
5366
5256
860
4581
2055
7960
88
6371
156
3580
8305
9297
5721
7137
5083
1254
9646
7733
6005
5478
549
7927
8121
1076
5268
9163
6881
7236
6208
4633
6196
6173
1870
4053
3260
5454
5511
6122
3333
9912
103
8640
5925
7032
7042
5452
3282
4248
8164
326
6260
5483
6899
9622
2153
519
5540
6184
2110
7904
918
9903
1665
9774
9854
9349
1104
4448
6576
6543
7773
3082
2760
8879
6193
9610
2306
3748
1145
6537
9420
1853
6770
3676
9733
5002
6285
5306
9874
6339
6223
5288
3613
5794
1703
9200
138
1403
5804
5649
4120
8012
9683
8623
6736
1311
4730
1563
4350
6012
8676
621
7193
75
9361
6301
6816
3016
1305
4562
1362
351
2870
6370
5034
5287
9883
2424
4438
5547
7812
3299
9810
579
6011
2442
8358
2273
2724
7726
9545
8759
8294
3320
4656
7479
4455
9650
3382
1554
9762
5378
1770
4193
951
1920
7152
4034
4528
7864
8389
5642
3612
8619
243
8505
9226
3792
4844
3084
8435
4296
326
5099
9203
1935
3700
7874
8822
9502
9485
7821
4924
926
4188
13
5528
1431
2323
4231
9355
6902
1884
108
3287
5437
7725
6339
1443
7588
2903
6417
5739
8493
5420
7387
9008
6805
9786
8387
2003
5703
2184
5582
7225
8794
3772
3558
204
4171
9031
1515
9823
8549
7342
5316
7659
2812
6566
2659
6698
3274
4298
9975
3983
9985
3100
3947
9248
9775
2806
4171
6978
3823
4411
6391
6128
3947
144
7776
5511
3471
7120
1424
9472
6906
7872
3446
7882
2958
5440
1550
5204
1110
8714
3840
2181
7399
1899
3439
1704
3519
5227
4865
9495
1018
2331
9470
8514
4740
3273
8321
8764
6457
4211
8203
9139
5239
9846
8519
2730
6965
7025
6329
3172
2301
891
6752
3567
8228
6366
714
8619
7595
3678
1063
9766
2622
3018
2853
5333
1801
5630
9818
737
7819
5122
7505
747
4866
771
9595
1981
8534
3708
6406
8015
3970
2225
4316
851
8540
6615
5602
2877
3718
6739
3473
9298
1165
6990
8722
1949
8895
3217
4993
9336
7146
8963
1428
6685
2287
5228
8629
328
8341
1509
9115
8424
4201
415
3415
67
3251
7404
1418
8323
341
4413
3860
5505
4252
4697
9063
7676
1369
1927
2666
1046
1369
4633
5833
1052
3008
7861
906
4431
9925
897
1963
1588
6391
1690
3974
3236
9853
1936
1942
160
1050
4754
6900
8614
3103
9633
9034
1737
7403
7508
6840
191
6046
9400
8917
5548
4571
7265
8237
7094
2699
9586
1737
4214
1214
5541
8813
5162
941
8839
7994
9961
9563
2163
996
3780
4410
9177
4429
3925
5897
1531
3728
3255
1883
2372
4762
1826
7075
2341
275
5409
6347
6702
3915
1890
7652
405
6255
9849
8312
1174
8010
1697
2187
4615
3784
4561
4752
982
9558
3462
9992
7457
3509
5618
5509
4562
9230
3889
9389
4005
6703
9540
8825
4328
7155
9293
9869
4430
2592
6597
6802
3071
8218
2381
399
9840
7413
9695
1975
5338
4632
3376
7099
7290
6380
6052
1840
4788
7043
1550
7323
6788
4022
8435
1161
3251
7287
4266
9627
4483
3781
1122
9695
1240
5870
79
8314
8674
5807
5843
9937
3211
7206
5077
2934
3609
9689
6337
687
416
8511
2988
1139
9319
4027
1458
1262
1510
4362
2749
788
9433
3346
9060
3874
2211
8426
6542
2032
7251
5353
3633
4002
6347
4086
5644
46
7859
9486
5933
9560
8393
9333
4719
2312
6578
8643
4244
3710
1586
272
283
4876
6948
8442
7326
2897
3510
4034
843
2933
7413
9336
6957
6128
3312
2683
6102
2230
7531
2914
827
6109
5715
4504
1612
8687
5496
1170
8719
6666
2428
2140
3544
9541
7527
7794
1382
3454
7044
667
7644
7438
3148
9567
3691
6221
4765
4729
8089
5330
5958
1607
273
5827
5602
6254
8903
779
4222
107
6389
4777
5401
740
7382
2821
2743
5901
8590
2461
8178
5607
5525
2478
7005
4338
8847
5807
5478
6611
9497
4742
8296
6753
273
5870
2282
2426
3186
7280
5672
3042
5803
7422
8700
2923
5675
5567
7192
3584
188
1188
8786
3595
873
2969
8188
7223
3613
5255
2208
3951
1321
1191
7413
6933
1441
4945
5952
6191
6483
3602
8265
5948
5989
2012
7592
21
2139
615
8301
3038
6642
1893
7882
8155
6444
1348
4973
3264
4120
5084
1693
3744
8093
4968
560
4087
9011
6625
6342
6211
4686
5030
2838
2413
6887
760
4068
2022
6841
258
4315
1116
5269
5030
3516
5100
5347
8978
691
1297
4342
6353
2755
618
3850
8445
4878
5786
3580
7778
8354
3529
838
1151
9443
2872
1045
9910
8529
3122
7145
8435
9318
6989
9353
9897
9422
1920
6177
4343
2275
3663
5881
3241
2292
9025
9235
2587
6514
2115
1296
5960
2519
3509
5631
3009
9507
8370
2435
9610
7380
4125
6240
8654
3601
870
7762
4098
8467
6780
5338
7575
481
3117
3782
2025
1606
4825
2124
3493
5057
9669
2067
7335
3193
7211
1662
6129
6811
6078
3829
8951
4418
2443
2449
9335
1201
8875
7012
1863
5439
565
7811
8119
6320
656
2882
6821
2972
102
6682
7407
7679
3812
2633
6258
4156
8751
7862
3553
3951
5696
4815
3538
1757
2592
593
5699
6298
8943
4643
4810
1927
7581
8752
8730
5525
5003
5583
7952
3019
8444
6064
477
4255
9942
358
2687
3701
3861
9323
983
6674
446
260
5519
6459
9824
1555
5557
1375
7494
5987
6992
2541
7561
1651
3556
2051
4083
3826
6400
7173
2383
2483
1444
1254
4764
2013
2191
2790
2672
946
4887
8169
1513
5770
9666
6559
8719
6475
2465
8837
5253
7783
4269
6759
7262
163
9849
1248
4508
719
8855
3616
7651
6454
2599
4712
5645
4916
8265
8933
5462
9311
4339
3239
9928
1827
159
1981
1265
8334
8316
5199
2992
7765
1605
5752
2414
945
9982
6782
8329
6234
746
5726
3372
4350
8394
217
5498
1421
9120
2181
7210
6484
2193
3121
5532
4805
8953
266
6378
7215
3289
4275
9962
3919
5515
3076
95
1123
5462
5345
2527
2695
813
9317
8943
5006
2321
7388
5754
1998
423
9674
9713
8408
1989
9371
6908
5842
2021
1768
9726
2963
524
1042
8727
4315
5380
7519
1572
3116
8421
2286
4817
3385
1763
6600
5086
5706
3073
549
8383
9897
6051
7720
493
3452
9473
7577
2170
3887
7175
2381
1346
3405
2057
5459
7148
5531
1796
6285
5568
7729
4160
5273
7603
2710
4370
475
4302
1687
2749
3770
8829
5347
5848
5124
3171
3670
5275
2718
5178
7424
5299
8427
856
5249
1109
5192
4061
1780
5551
9394
121
4613
7642
8629
1898
8656
3996
5427
83
2184
8937
1277
2601
8512
8570
4992
6263
3513
1494
7999
9921
2249
7628
9080
5061
8916
3875
2758
3053
8986
3641
5235
7553
6397
8215
2184
330
333
8677
1570
930
6609
3306
5890
8038
4804
4540
7794
4381
6778
4726
6399
9362
6990
7384
2839
4909
5098
1319
7936
8049
4017
1317
7459
7230
9372
6523
8083
2822
1583
1523
9774
4893
5255
2179
2703
3817
8019
9971
5597
9753
3596
6656
979
706
8323
7449
6941
1189
4181
2230
8236
1580
2653
1304
8438
4131
9606
5995
237
4067
3195
1017
4522
3641
4718
1048
8198
8038
8529
1811
7557
608
8484
6615
2495
5125
9467
3347
1644
7823
6715
2755
2059
9459
8930
7158
5824
6964
7376
4634
2664
1908
9429
8346
8794
9627
7848
126
27
2864
6594
6960
3886
7172
2085
8879
358
4718
6364
6732
5818
3905
7552
9778
612
4361
5107
8259
5797
3044
3501
6109
473
6574
3137
3579
6562
3717
3964
3703
3044
1819
7081
8494
3772
5482
8435
5708
6317
418
8200
5110
921
493
6439
903
7097
9587
3014
1778
9289
7305
9410
9126
691
9877
6963
5215
4726
3229
7099
5273
6115
9805
2956
4368
2723
5158
515
1347
6072
5236
6565
327
8991
9928
5940
6391
9375
7140
1421
3576
5841
8886
8162
5291
6539
9851
8671
348
779
6773
5467
7272
7900
3063
173
1243
2920
9453
2264
6359
8075
2104
581
7744
8207
4375
2284
4997
7897
4097
3982
6889
8672
7391
3793
3487
7093
9959
665
84
2611
5859
9904
1990
7876
3631
4050
9971
6638
9393
7943
4812
5801
708
4445
5128
6925
3228
4354
5413
1692
4366
7659
3593
89
2136
676
5319
6740
3595
6469
172
7700
4249
3516
4537
4559
7513
5277
8092
9033
1016
6067
1671
6262
2553
7297
8578
6238
1645
9130
7019
7868
6718
1721
6092
6226
4709
8494
7205
9085
5051
7622
5816
9025
6781
2086
5892
6273
4504
8227
4681
7645
8580
4464
9515
5640
1390
8197
9105
8292
9693
9177
7180
9165
9285
1820
8005
3055
8170
7236
3535
7940
8620
8482
9116
9422
4993
6607
8140
1821
4449
792
4223
1262
8987
723
7228
209
3620
7085
8970
8549
3567
5506
2443
8546
7496
6392
4665
8210
5915
505
6344
6412
7538
5211
6108
9023
7755
4829
6963
9112
679
160
946
2800
8527
1056
1662
6277
4194
2605
7713
3796
5545
6954
3453
5615
5771
7329
1468
2080
4476
7089
9829
9434
384
7958
891
5720
5870
1156
911
1926
8943
5535
1238
600
1910
7257
326
9882
2361
2393
6186
8692
5182
9652
4708
5482
9137
4731
2034
8478
4097
721
3145
9794
5435
8167
7726
5886
4509
2966
3460
8282
9869
3145
5711
7385
7954
3028
2583
6434
7504
3748
9336
780
1953
2069
870
1205
2943
394
1518
7279
8782
6461
1688
439
4230
5555
4553
1892
2334
8826
7124
8713
4212
6433
9216
3046
5801
2981
933
8369
6713
5012
6992
4013
4552
3664
7782
7876
2616
2802
2437
1111
471
7847
9366
5694
1333
92
4607
7998
1956
8641
6853
7078
696
4893
6990
7925
8861
3583
5269
2621
9608
4619
694
9820
8918
1945
6393
7453
8816
8966
5643
4138
8096
1621
9352
8619
4254
7302
3110
4800
5459
8417
58
8582
7582
3488
7805
5322
9028
9622
3689
3512
2210
2623
4878
3982
3871
5845
1522
8994
8045
476
3812
6652
3470
5099
7713
241
1314
4103
9216
5822
7486
8718
8504
1149
6825
5309
5009
8967
3345
846
1703
1702
2635
834
7755
214
3590
7495
4341
5879
400
38
1028
6225
3123
8284
2693
3861
4152
3362
2226
2540
7979
3259
9665
7775
3726
6585
3758
9857
3640
7645
7043
6797
8550
841
1955
1207
3233
324
3350
6674
6576
6825
6638
1150
8612
6876
6057
2171
7473
8059
8463
9790
7069
268
7243
5759
8353
7752
599
2509
2140
548
2047
5183
6455
7128
5800
7448
5859
4607
6362
1205
9167
5017
2503
7734
1013
3664
8192
4038
8724
8757
9709
9609
9496
7622
8313
4210
7861
7695
3841
574
5715
4313
8833
9520
1779
643
4351
1594
5328
4876
9091
164
9569
5611
2755
1516
5771
4459
2574
4923
5955
9734
8654
4512
4960
6156
6112
1259
5999
4048
7216
1064
7728
1231
6621
885
4446
302
8379
9698
4028
8304
4888
6405
8379
1553
1414
4358
1608
3233
7639
3438
2898
6656
6855
7447
3401
1346
9331
3887
1746
2208
4199
7807
9463
8075
5493
8914
1739
1293
9458
821
219
5070
8234
7866
9488
7903
5220
3560
865
3687
1664
5058
4950
1976
524
3890
4327
7757
822
418
6082
1218
2108
807
1996
4160
8671
9067
8271
9428
3798
7941
7633
522
6687
6791
4981
4379
4448
2260
123
960
5052
1164
3298
7282
1649
8725
254
1728
4573
7255
8709
3900
4145
2261
4803
4803
8510
3427
2429
7830
5980
9976
6322
3913
6586
5985
1838
4808
7055
1055
2248
5185
6447
7935
6315
1602
9657
4453
546
9664
2909
4772
188
1969
155
9163
2112
5895
1830
4031
4522
2377
6840
4273
1298
4335
5439
2300
510
4378
5269
7118
2510
6941
6381
8688
853
6668
9225
5124
4775
7264
2089
3786
3230
1748
3694
2703
9639
3056
5452
674
2217
4879
5709
5620
9717
1471
1603
4460
7881
148
9286
9252
9631
8329
6507
2547
2691
5428
8757
6888
9185
6117
4485
7424
2908
2299
2269
5188
9068
4483
3763
6658
3215
6910
593
1142
1264
6253
3464
8932
9396
4891
7877
3973
3617
3112
12
3724
4185
7390
7713
8036
9157
4066
4566
6520
9677
5768
4717
2686
211
2147
4607
7248
8735
1368
9862
889
9781
1742
8629
2025
7459
1364
6103
3877
8646
2478
324
5374
8236
7342
1776
2012
2885
3755
4158
9334
4147
1105
7411
9921
5376
7508
5444
1491
5310
4562
6481
5139
4585
389
3419
7327
4409
7201
8176
3512
1668
1760
4648
5006
7696
8199
2408
9924
9174
6837
2467
5760
5474
7416
176
6289
4247
171
4183
9437
7263
752
5509
9270
3840
5046
7104
8425
4475
9431
9188
7411
6189
881
3083
687
5688
3455
8827
1424
220
1763
7257
2184
7871
5970
7403
8595
1788
7404
7579
9203
2087
5318
3320
3464
9375
2710
6311
9676
4892
3130
5638
216
5415
358
1633
8934
6777
2936
8846
4149
5676
9001
4306
5442
5309
6435
8038
9498
5843
9305
6069
9320
6506
4856
1852
108
4632
5784
516
2251
3296
1582
3884
2621
5861
7378
2686
695
7158
9111
5780
2597
9944
9148
5332
6484
8001
9999
9831
4569
5872
6729
3463
6450
1787
6026
934
2247
4880
6897
3260
7419
509
5991
7512
3989
2331
9193
1959
8886
5828
3873
1507
5446
2517
4560
3362
6768
2479
4842
4224
470
7736
2013
2263
9202
686
6735
3882
683
5964
6644
3489
2272
661
7641
6159
4308
4188
5776
335
2262
1126
7752
9245
4059
6136
359
6449
4378
746
4023
1029
5252
5149
5307
5464
7455
808
1485
5628
6718
3550
7717
5337
9038
8476
9608
2308
4718
286
6138
2171
2732
8129
9617
4247
5096
8931
4504
8020
4632
3975
5596
9164
8152
1652
1815
1407
8587
7965
3638
9663
2594
9163
2777
5320
4264
2951
9975
605
1016
1540
1084
8365
9819
3304
1504
6101
2306
1563
740
975
7820
2441
4315
807
5972
7490
1923
4174
155
7584
2800
9272
5821
232
595
1616
6866
2777
5548
428
2084
7570
9753
4139
2216
2848
1225
7994
7003
6581
625
9366
3082
5540
1114
2571
5310
1465
8614
6091
9490
8950
6285
1227
7426
4215
5000
775
6994
9927
713
7462
7656
4764
709
760
4727
8157
9167
3948
4217
1011
3027
9229
2248
3581
7563
7260
7721
4190
1393
4010
1493
194
4882
8364
1509
6878
3035
3665
4826
4164
8563
7583
3703
3686
6821
2793
7707
7682
6520
301
9150
1051
4572
7001
4392
3992
7412
2766
8024
4422
5754
1213
9832
4233
5411
9086
491
2623
4033
7216
9935
3829
1759
1498
6341
4388
6572
1056
8249
6051
8631
5170
6736
2816
9219
3566
238
9432
4871
3317
7442
9491
5381
7834
7150
7470
6628
1287
9766
2752
2493
6234
5300
3902
1999
8189
9590
4714
9039
5827
5749
7685
8847
2158
562
5189
9833
1166
5519
5858
1737
3268
8792
715
9061
6756
5980
9190
2873
2249
5484
8484
9171
1810
5534
1282
9240
9914
8126
28
9073
4677
9090
6732
4789
7447
2057
4960
7012
8783
2415
4122
6798
8784
9359
64
7646
4384
2310
8436
4710
4729
8895
14
7736
876
8689
4645
462
3318
2945
8766
6966
8795
5637
2443
510
9375
9175
3364
7208
3076
8066
7058
7594
8413
7708
2888
4772
3376
8911
637
15
5498
9237
468
8815
5885
4288
6925
8996
9397
7428
5764
4675
9480
6306
9110
5676
7755
2641
6548
8088
2385
3867
5649
1888
3310
4385
4469
3037
7418
3212
9828
1111
7234
6962
8457
2188
8456
7520
6011
8944
5914
9146
3170
6651
2048
8796
7667
4292
5679
620
278
1320
9818
8319
5129
9606
7305
228
6285
9466
5250
6689
7102
4244
5699
9960
4720
6500
3025
5189
8085
2853
4090
5591
76
9811
9095
4200
9267
8554
7406
3771
6669
9068
5876
529
5582
6239
2960
2328
7171
1857
4026
2449
1822
7800
3794
5548
1967
7115
3645
7826
5519
8134
6921
239
8918
6350
3058
4474
5004
4130
7806
9682
9757
6969
9218
4567
8021
8606
3016
6529
1226
4405
1944
4337
3657
1929
5491
5571
5017
8659
7134
8028
9292
4041
3531
774
7636
3937
4356
6117
3954
3280
3409
6741
4041
7987
5081
8242
7649
8441
7700
6772
8056
2443
6543
6933
4675
1497
8521
4432
9682
2195
7498
1431
6801
3600
3268
8465
1562
2270
3425
6350
4648
8455
428
1848
1735
3821
9260
729
3559
8322
8362
8259
3392
6342
1331
9904
4015
6797
7769
246
190
5180
469
5670
5121
832
551
3346
5533
2556
3870
2921
8531
2925
3442
7696
410
715
5022
142
7371
1790
9804
6404
8278
1946
2681
9479
3569
2057
4711
811
1569
2420
1889
3742
3313
5630
6633
7039
7487
7932
6670
9113
1430
9045
3881
2944
2870
6466
2070
8198
7360
3105
1519
5258
6061
7340
5988
2510
6239
3713
3911
9043
3407
2638
1764
1827
3828
6492
3870
3947
7829
5748
5509
499
9590
4498
9043
9131
2959
4661
8421
9300
5307
2943
6807
9833
6059
3440
5624
5896
8842
7177
4749
6752
8572
8607
4849
9624
8367
5647
5146
8330
2036
7272
6935
2426
7495
3481
6453
1559
1705
9048
1521
8589
5055
5628
792
1429
1379
9160
9690
5770
312
9845
3724
8968
1420
3034
4205
5154
7430
139
2289
3408
7262
7483
569
2772
8364
9503
8755
7719
1288
5264
6045
7941
2977
8652
1733
3330
1657
1226
444
9335
3597
6249
9290
4701
1907
9764
8587
9365
7020
7059
3974
929
7608
4881
5086
7443
1977
4886
2993
8752
1104
7152
1741
7408
5556
5491
1235
4100
8065
3146
4820
244
5676
264
8201
21
3781
9792
9023
1556
5397
8525
5454
6290
7031
6911
7082
6427
9635
9187
4082
1284
8949
5981
7974
5553
1580
5301
3286
3824
3231
6123
6150
965
5754
6888
1693
4051
438
5426
7597
964
7926
668
6013
6005
909
6344
1937
6241
9150
2554
9019
409
1595
6954
6539
2268
4287
6853
3010
8073
9911
5489
1508
1518
4266
6347
1292
7147
8506
79
6233
104
4675
9667
1766
5328
5264
4097
392
9401
2509
5167
9872
3041
2246
8492
240
1687
687
4761
1547
226
8093
833
4740
9794
5601
4262
1736
9425
2741
9850
9448
3334
6111
984
4431
1734
1922
2189
7938
3815
3572
4453
213
2418
9275
7174
9738
148
7328
8051
2532
6930
9909
6238
7802
4470
1634
494
8134
6746
4059
8984
8173
3520
5198
5501
1786
7739
7689
3952
2755
1086
200
5554
5741
4863
3596
9916
8860
8728
9591
2104
930
3786
403
5165
1432
1517
5202
2149
3754
7177
5360
8876
9181
3114
3941
8055
5996
8644
280
863
1872
7443
9117
2393
5646
2156
7326
1811
6426
3782
9175
6460
889
1487
9627
4497
3332
7644
5461
8112
4056
2209
4009
4603
9354
3209
6328
7338
6201
6899
274
1085
332
8985
1686
6461
986
5230
3909
7550
1944
6387
9717
3284
3116
9350
5185
9582
129
3815
5886
9491
2996
7384
3048
9591
8266
7937
5722
7370
5444
6814
5117
46
9659
6037
6888
8100
2742
887
2101
7569
1467
8979
6005
1698
8577
3873
7865
3849
4963
6642
385
3346
9217
4145
9074
7687
2769
9686
2304
6699
9171
471
1020
2855
4609
8043
7910
7248
5125
6077
2371
8849
7317
7241
4153
74
7242
3894
6904
6837
3583
3376
3123
8816
2884
2993
9788
1724
6369
6827
2253
4449
5224
6692
3266
6860
3939
3103
4181
5750
4093
723
1873
8418
5277
5546
7960
4194
5740
9688
96
9383
5928
7606
1864
4643
5793
6794
9960
9372
3328
1317
1446
5296
8
7560
773
8752
2980
9940
3368
202
4640
8925
4293
7047
7396
7642
9988
7821
187
7851
8950
2754
6226
9367
3139
6382
6843
4577
5323
9131
6593
5287
9134
9276
3446
9879
4584
6407
5641
5198
8820
5280
1539
8847
6625
244
7808
1836
594
9279
9674
7427
6110
346
1409
8792
3768
7716
8904
5483
3930
4540
5049
9270
3434
9576
104
5014
3199
7973
9284
6131
8732
1260
6154
1789
3530
253
2276
3189
8853
4907
4943
3573
397
3332
618
2285
5020
1467
3738
2251
7191
3955
2714
8470
8558
7178
1808
7
4669
5695
3499
2133
6293
8498
4808
6300
7685
8183
7092
1144
5329
1223
5004
3412
7765
2643
448
4937
1363
229
7510
3109
3112
4069
5498
8906
2093
9700
9139
5456
2824
4281
9857
1673
611
6918
7827
7950
7700
4310
4549
5115
5548
6789
6246
2131
6364
1004
8455
4657
9152
6583
7871
365
7183
757
3548
8904
5787
2507
6309
4404
2019
5766
4747
3602
8616
9755
3773
6729
8397
3100
5866
2672
23
906
3952
7624
1972
6962
6996
649
3432
7525
7163
1176
5602
2727
2917
6673
29
500
3017
2711
8722
1754
2251
85
1403
7719
3419
2928
7827
1008
8807
4875
409
122
896
902
3890
5321
730
9956
4798
7651
6252
8536
7907
4384
7416
668
6422
8513
6997
9501
2569
8377
7399
390
6942
6588
2560
3351
6521
7091
9232
6913
7603
6281
1992
2225
4859
3094
2701
247
6135
1845
8135
9043
2888
547
5193
1435
411
9575
5419
2602
6140
5113
2162
5352
9126
6992
914
5074
5381
6411
986
470
3404
7675
9677
7598
1425
4684
5025
1478
6710
5087
9472
4523
9316
4981
8332
4355
3760
8250
5920
4323
5023
9019
4529
2704
8598
325
1747
6821
5785
7196
5000
334
1157
4564
4403
8271
6586
8000
3435
2981
7904
1637
6347
5846
4538
1593
3398
4951
4376
894
4855
4666
2006
3653
1271
4018
7202
3328
2056
8837
7403
9017
2398
1100
1973
1448
5854
9674
4633
9797
8446
4839
4536
4042
8091
3432
1552
4036
3242
5772
5176
9110
8694
5013
6277
826
8376
5089
6927
437
9829
3077
110
7318
3985
2581
8046
875
9281
642
6385
3839
254
3744
5123
9892
1557
8867
2041
7161
7996
566
2867
2952
2639
4775
2977
1503
2344
7250
3409
2216
93
2712
4422
4487
9140
8012
3300
9536
801
1131
1352
3571
3088
2325
7605
2725
5341
3356
2489
2156
5440
2728
1310
6374
7927
148
4108
8599
6444
5641
2043
9677
8998
3028
630
2817
8523
3799
8572
5901
8626
3881
145
3268
6806
3770
9665
6227
7287
6328
5316
6370
4203
8215
9388
4198
9874
9616
9931
6214
1607
7465
5138
2920
194
9741
1044
2936
8762
7335
9386
6484
5144
2800
175
4519
9846
8163
8859
7168
5335
4522
3213
1406
6336
9207
626
506
9316
7904
1586
6305
2029
9095
5193
4717
7494
3173
8099
607
2838
147
7457
2715
1286
3413
1736
2943
6708
6819
2872
6097
16
3941
6490
8485
7315
3995
5555
9368
8192
4790
6085
2603
5667
4919
2869
6527
1718
6337
8407
9002
6098
5453
8437
7380
802
27
9935
9425
3954
7391
5116
8666
2999
4047
7390
3146
2585
7624
5828
2530
4187
6024
2537
8329
9308
1516
2153
5940
37
5222
4436
158
9730
106
6091
5316
4110
9557
8904
6992
8182
7099
6682
3759
6336
3180
2829
737
8949
3346
1080
8493
1273
5577
4256
1278
300
6155
3610
1950
8696
151
1182
3790
1754
13
5415
3679
9358
5721
9158
9504
8724
2010
2823
4020
7759
4206
459
8543
1435
2940
1188
4909
3774
2573
7775
4335
279
5207
2252
5315
5523
5832
3305
9886
4527
9115
2188
4569
3064
9754
3583
5046
4206
7281
1190
6957
9383
6939
5036
5175
4192
2443
2091
6006
6461
1448
3963
783
3666
2422
2545
7557
9338
1533
6313
5827
2468
6312
4303
6422
4174
6221
1030
5717
6554
4388
2843
6558
5293
4421
7988
942
8742
7682
786
6988
8988
4078
2390
6802
2624
1577
8992
9769
2929
5354
8082
4576
7246
5944
4803
2218
7974
8868
8671
4833
7083
2838
3132
6298
6053
8690
8359
2903
6963
1447
1997
2514
9997
2308
8758
2413
565
2647
1947
3587
1035
6868
9144
6586
6831
9054
6829
2936
5042
2517
1022
5935
8149
4412
8986
9143
6691
1349
2233
902
7083
5180
367
6750
7461
4461
6509
5011
6581
9634
9958
71
2717
3853
2367
9940
8365
9022
272
4054
3702
9586
295
4738
2301
7289
684
9879
7963
5378
3662
2752
3456
5829
7980
3842
5863
2940
7857
6888
8421
975
4646
73
1691
6459
8571
1507
6652
7038
1153
8230
3064
1585
3678
9247
4406
5538
2723
7023
4736
2701
426
7688
2888
8167
7401
4436
7849
5943
7108
8049
984
9858
7503
493
5385
7217
720
7274
7406
3824
4595
2110
362
8197
7223
4569
6692
1067
2822
7188
9543
6635
5762
8163
1206
6854
986
982
4605
5665
5292
6530
8770
7918
7476
262
3851
7795
3107
6397
5321
2153
523
1760
4433
1202
6662
6837
2044
120
4487
4424
1236
2799
6808
6132
8143
7494
1122
9773
2344
8863
2491
6029
3848
5336
4938
5866
8340
4053
7350
4433
1344
76
6604
4241
6193
4109
4015
886
464
5884
538
1088
4475
8556
9025
3215
709
266
3094
5550
5886
9315
7015
921
8717
8771
9268
1180
1497
8907
7854
6633
8295
1294
8379
7813
4302
392
6534
7168
2726
6460
6564
160
5135
920
33
9001
9342
2551
7113
6475
5506
4403
3091
2215
8341
2052
3639
7663
4510
8090
7727
5017
8659
6371
8524
8144
2427
6505
496
1352
5426
5419
728
1660
6549
5686
2125
7685
4429
8592
9328
7913
5482
65
9986
1853
4244
239
710
6168
6822
1700
6046
9974
583
14
4242
2342
6157
7955
1919
1393
9574
5838
6219
6055
8017
8683
2439
9336
8311
5450
3758
8587
8600
2579
2362
3359
1551
4551
3766
1931
1863
7023
3693
1172
1463
1092
961
9931
4344
8394
2136
1888
3304
569
1937
7
2391
3785
4516
6661
5775
8825
4152
3527
5073
9532
2990
1759
2553
7970
3226
9165
4387
7950
7842
2054
3511
8841
6990
5171
3744
7314
9343
4952
6347
2335
3117
8031
7691
2917
6569
4640
4745
5041
7713
6816
2952
9505
3058
8116
6871
4401
6839
7200
2079
3909
8655
0
9484
7904
5293
1857
3369
6031
5945
7437
6740
1958
3716
3922
5088
2820
9368
8366
8041
1141
4158
9241
1059
2836
6601
2239
4491
411
7008
1641
5119
809
3689
4662
3225
1582
817
6763
3206
2406
3640
9268
4837
9919
4265
7157
8219
4873
2615
7395
4388
3850
7586
2104
7060
2731
5353
6502
9995
1330
7338
4235
7302
7836
1813
2781
6722
3911
6830
6371
9948
201
7137
9056
9428
7953
7840
7165
6032
4264
5512
8305
1565
291
9090
7807
768
8520
8533
7021
8714
8171
8072
4236
8650
8164
6709
4009
92
9822
2090
4143
2367
5294
7369
7062
2229
4910
4207
8108
5331
5861
9473
3774
4216
1221
9474
1076
827
2913
8593
2022
3133
5273
3455
4831
637
2675
5183
2269
906
616
1734
7425
7475
8408
5090
3801
7994
4410
7607
9655
8488
7669
8548
2558
6378
6020
7301
7897
7560
3033
9073
3256
7702
9697
8115
2823
84
4079
2470
3533
7264
216
3481
8542
9979
7403
8578
4925
313
5835
2606
1090
978
42
4007
9636
9733
9251
5167
8739
4493
3812
7593
9172
6475
4871
2407
4330
9314
3099
2349
3725
210
2148
244
938
637
3387
891
7287
3957
7219
5464
1281
2198
7082
4621
2804
9296
7223
4949
2198
9804
4230
8253
4544
1983
6110
687
74
9565
1276
6842
3042
21
7293
9950
3145
4251
4493
7459
5866
4675
5015
4505
1176
8808
1895
7577
4707
6572
580
2219
214
1050
9428
801
6576
3287
3099
3824
1292
1479
6100
6367
7696
1708
5210
9880
6047
7513
8067
7820
4459
4725
2106
7779
4859
5131
391
8753
5092
1103
5133
5988
7367
5098
385
8521
9335
678
5058
8286
645
3573
7096
8418
7946
4395
7037
7401
7968
2029
5123
8636
4653
5729
7409
3373
7597
8661
1774
776
5803
3131
616
3972
9852
9698
5696
1945
2665
496
6646
3244
5495
2123
6125
8582
8276
8151
1019
1443
1983
2457
8608
8965
3973
6443
4416
9705
7172
6264
2974
2337
7629
3703
5654
9537
6779
2836
103
9269
2251
6601
6428
4943
3623
8205
6870
3727
5618
1043
5160
6842
3074
915
4750
3293
3125
5141
506
4955
2066
2921
4252
6242
2846
6836
8094
7804
4791
1973
2281
5553
8752
8310
1608
6506
2121
1694
4775
8352
5946
947
9783
6739
3852
12
6593
3991
7140
453
9796
5416
8349
6444
4269
7758
9488
8184
8834
1691
7715
249
5867
5794
1612
2282
1677
5954
4128
1347
3588
6879
5517
1099
3453
9458
4464
3099
1421
582
5475
9630
9457
8500
7191
5668
4564
9817
5786
6710
1830
4274
4948
1492
8799
6778
1124
2633
3744
9530
1586
5616
9521
4511
2129
7824
2573
6410
4035
5971
5783
5872
5080
4324
4039
6562
6485
7463
6084
4999
6573
2850
7616
5668
1343
4089
5771
4702
8811
6888
1364
535
290
4953
7555
260
2905
117
700
7055
8041
3767
8993
6984
4439
2860
8792
7958
7563
8023
7011
6124
9615
1457
5810
3542
5702
1901
2897
7794
5942
6506
8703
7244
9203
257
6173
7858
8442
9518
7758
3126
8039
412
5185
434
1251
9193
1000
7157
5197
6633
8165
6332
6740
4054
1024
844
2670
4852
7943
1179
488
7715
9955
670
8427
6461
2482
2349
2551
6560
6390
2611
9215
4054
1946
2242
3936
2831
6668
8563
5407
64
2284
8714
3118
8453
5999
4456
1467
2098
7488
3099
2214
7047
1396
9776
9532
2386
3064
6329
2132
78
922
297
4886
3288
5744
9371
419
851
4264
8323
1957
4034
8318
7324
7587
2402
3667
6481
9649
9338
7760
9735
6082
4347
583
55
3739
7361
9666
5642
4278
396
8859
7133
9631
3032
3943
6083
9791
5591
1120
8090
9842
1649
3101
3013
7591
8114
5376
1033
2084
9650
6060
3140
4867
2370
8048
9559
1517
3313
7109
9188
8097
9966
7712
738
6672
1992
8068
9853
1257
7025
4183
7707
1932
4322
5343
3482
7869
4472
3577
2724
6711
3996
7734
6948
3595
5616
5331
2067
6372
1844
2259
4539
3895
7881
3531
7437
5772
4381
1897
6797
5955
1749
6130
8907
8950
4265
5239
3693
2825
2008
8915
4311
3632
4189
1732
6973
4142
6697
9155
8399
6421
2064
4402
2259
1550
4544
6529
3553
3494
6059
5404
2071
7956
7589
9477
4285
5443
9449
5449
2131
8992
5431
6242
3318
1106
5656
8313
9569
2608
5586
5461
528
5683
1782
7620
1440
6106
1975
7477
3891
340
6549
6224
7071
7998
2951
8755
5526
6264
5560
6761
8496
6710
2696
5033
532
5696
8067
6153
5830
2246
5454
652
58
6676
1213
799
4886
4574
8050
4012
8278
7528
1969
6841
6073
5589
959
4337
1369
6330
8648
6060
5352
7309
7039
3325
4774
8383
3056
8776
8958
5524
8689
2574
6800
7323
4504
3414
1866
5374
9894
1242
8255
9848
2065
4027
7097
205
3743
7970
3067
6427
1134
3572
6623
7627
3664
8753
3999
8596
8868
5914
6655
924
2208
3292
1847
7403
8362
3405
4158
9791
4854
1442
2641
7078
1562
5755
9380
7195
6941
7259
6879
8528
3917
3239
9226
148
7632
9467
9155
7729
2099
3379
9260
6052
7534
7965
1426
7434
4056
5433
2375
660
9814
6169
5953
6071
1407
5771
476
1843
812
9968
3930
6333
9131
6008
7899
4938
3698
3084
9783
1531
1888
5032
9384
8176
5583
99
6325
730
8262
3916
8281
4962
7963
4755
4883
7887
3126
6593
3750
6375
7792
916
8176
2614
7242
5435
1287
868
6410
4587
479
5622
1088
5020
3657
6739
6216
8307
8454
4257
1752
5516
1161
9051
9432
3459
4794
5458
4145
1104
7254
8782
2206
7885
6196
1662
5615
4324
1219
2259
6749
5898
2878
8934
8120
5891
5010
3057
731
4864
7430
5489
6113
8284
7225
1318
2097
1822
1578
9956
5285
683
160
793
7353
8220
4154
3259
6958
2728
7009
8477
6190
750
5673
1230
1337
1441
7078
1167
3598
5887
9852
6047
2902
9312
7790
6789
2603
4264
5416
9576
3686
2889
8009
6990
1925
2568
2119
4320
987
2521
5542
1654
1905
8538
2852
2196
3962
9082
2795
2336
5365
7780
3994
9711
3403
3644
1437
1740
9432
5236
2600
9732
9911
2955
4563
8352
278
371
4607
1248
2329
8749
23
2753
9514
755
97
3659
2462
594
6980
9657
7506
8003
9892
2613
948
4260
9272
255
6078
3271
2781
122
238
6614
6947
4228
1905
5074
6597
9024
4477
1191
982
6850
2254
877
5639
8790
7384
6046
5701
7245
8459
9407
4047
389
9253
8044
6197
9971
5441
9525
5356
2400
5133
2271
2926
2526
1241
2984
6846
53
3499
1755
6777
1086
8640
5068
5736
5514
8461
1504
8818
5056
6179
780
1262
1411
6961
5529
9734
588
1619
3329
2088
8360
3737
8953
9574
5360
2082
74
9245
2577
5095
4925
8098
9256
2084
2691
9080
9468
4049
3566
3887
6423
5407
4480
6518
1314
4557
2846
8513
2509
3754
1296
2517
5896
9125
4568
7872
1296
1393
7724
8775
5081
3300
9314
343
4484
8062
8583
9484
3870
6599
9563
1360
7557
5233
9453
9515
5496
9245
4879
5608
9194
5497
4501
2905
1954
8631
3584
3969
9394
9609
4769
7391
4033
4296
636
2570
7591
7699
9595
8424
21
708
2699
201
6255
2191
6759
4656
9255
3269
5088
6001
5047
5589
38
4309
4075
7649
5013
5547
7016
5742
2958
4506
2077
917
6609
3377
8133
8086
1140
5871
