5584
5014
1296
7519
9544
4426
4181
7889
9854
9082
8555
4494
8380
3343
308
7531
5937
6884
560
4750
3157
7721
4111
1114
4312
6465
8275
2280
4998
4470
3159
1520
5881
6621
5094
9783
3627
8787
7913
4434
9173
6646
1601
3833
5193
7712
3837
887
6041
4222
2392
2590
2579
9056
5091
5591
9369
4537
5723
7111
2049
9269
2662
317
3798
8634
2735
9272
1432
2183
9787
8901
4807
4234
7063
7893
887
4670
832
2605
2624
2561
5103
904
7269
7427
2543
2135
5679
5434
5148
2073
2502
2323
4666
3173
1467
3395
2495
4068
9941
6907
5454
9612
7414
7722
9057
1606
6697
4156
9074
6321
986
3200
4214
1104
9009
136
4422
414
9229
7609
2812
2354
9562
7971
2374
9373
6030
1050
3242
5920
1637
6834
1303
1467
5543
1417
5235
5216
1811
3263
3158
3654
2763
5313
6226
7370
1035
9842
7822
4191
759
9194
6366
8598
1424
4953
6912
4601
6338
68
8709
2177
7197
8016
6953
4647
5774
7981
8465
8135
1610
6153
9393
9073
1126
5894
4008
2074
4454
853
9672
7727
208
7793
6357
4617
5532
7737
1706
8588
2987
8437
338
2857
9136
2346
4970
516
1583
8008
848
4080
2385
6032
2359
5653
1985
9427
3435
8884
4646
1846
6267
289
2685
9906
728
8239
9155
9991
264
6330
5132
8193
4055
782
5539
451
7595
9253
7342
3119
3395
5789
1532
6391
363
855
9230
7326
270
3612
2304
8040
25
5194
6835
4768
1544
9820
9304
9064
8479
3752
2522
6987
7367
354
7577
3887
7059
1166
911
6822
1438
8323
3408
6067
5395
4011
8003
9785
183
5446
5527
2511
2375
6014
5412
9712
1898
5781
5328
8959
323
1658
8906
2168
3094
347
630
3858
1140
7028
4197
7936
5013
54
8769
5463
1024
4771
6466
9305
2650
8630
1024
2368
233
1087
5685
6166
5987
7100
718
6081
3480
3187
3230
1772
8024
2635
7439
4768
1363
1147
6902
6515
5788
474
2577
9287
217
9622
8304
8386
8809
5472
6366
2301
5890
612
8394
822
1238
3654
9606
1713
9313
6728
6939
3563
7250
5880
2151
2414
6451
7110
3508
7601
2615
7460
1878
5863
3920
294
4673
8888
2394
2504
4053
9356
8615
4607
7351
7571
9847
8103
9645
1858
9123
1516
6229
8281
8022
8677
4515
7008
298
7082
3589
2078
3627
534
7316
1196
3081
6599
4169
1918
6367
7970
9466
481
8843
2772
1376
1779
6138
7508
8630
1803
8385
8692
5808
5401
1994
5077
6853
8136
5065
9434
9947
3600
6954
7109
8494
5016
9690
9278
7660
4921
6286
707
7792
2238
435
9688
2153
728
7795
1663
2102
8285
9041
8691
9632
1344
7793
9454
2948
1852
7047
619
9003
714
8938
2966
6632
7122
8533
7391
1134
109
8554
3869
8492
1545
9043
6367
5493
1126
9270
6461
4688
9918
6244
8558
1129
1954
351
1027
7938
7807
486
1856
1850
2367
1774
1243
2695
155
7038
4653
8003
7390
679
9237
9681
4789
8670
2684
6634
771
4600
4915
3368
8737
3985
2888
4047
259
5032
6920
1891
3109
5787
7358
5786
9556
7834
953
2126
5385
2187
5036
4830
3232
9257
3663
3699
4455
4345
6163
4347
7393
6860
9555
9891
2011
1514
4822
1157
3910
1089
9345
8987
7171
4873
888
2751
4813
6131
6837
466
1407
2798
1777
7461
2134
4549
5024
1655
6833
6504
4346
9211
5318
7973
8851
9573
6942
6884
8651
7921
7776
2876
369
6719
443
9173
6691
2831
669
2747
6977
7206
6657
6187
6464
5978
3221
6301
5978
4560
7241
7967
4450
6927
4580
6106
2293
1264
2800
7650
9900
9541
4581
4863
6350
9763
9684
5571
1459
189
6777
9640
5283
3486
4852
8311
3548
1955
5665
5351
1698
8163
8083
4385
1089
1323
4463
6924
4911
9930
8772
5977
2429
6630
2457
8861
9947
4810
1695
2278
4315
5837
3302
3068
4429
9791
2475
6518
218
1698
3006
4582
5277
8707
5361
8226
6811
8756
2077
3520
7747
6743
2895
8077
1121
1560
9600
4234
2620
3720
2530
6323
5007
946
9445
6621
9333
1004
5546
2140
7229
9212
1711
254
6413
4276
873
1640
3395
3964
1696
2778
6007
7322
7524
9937
1724
1536
8541
5738
7541
7634
8944
4606
7540
7122
1645
7518
8126
4298
2901
2988
6042
1381
6745
3635
7656
3547
4478
7445
9630
7447
5629
9583
6685
199
5063
2922
3443
2352
357
2577
4746
6571
2605
218
3774
4383
6209
340
139
8972
641
155
4084
161
560
170
5680
6347
4885
9005
7951
1467
8424
1122
347
8835
5644
5532
570
2653
5660
9556
6703
8359
4542
5852
576
1646
676
9313
7746
8054
1329
9309
912
9828
1800
7189
5787
5273
8752
2694
395
267
21
8903
6852
1153
7768
8683
8628
3210
118
7685
712
5627
5301
4488
6126
1268
8555
5450
9670
5629
585
5477
737
4754
3781
106
4827
4648
3589
2066
5174
1755
9415
9234
8876
6277
5486
2682
7797
6829
1350
3242
3481
3066
2520
6097
2477
2307
2090
6708
3818
8628
7614
7608
4908
9535
5386
8908
8422
2300
3688
3685
1618
5166
4563
6695
4918
3380
6786
6781
5315
7865
5633
8038
9830
8297
9611
6220
7265
7168
1924
8530
4036
2464
9475
6745
1573
4238
2684
431
2959
8682
1611
1013
8582
2890
6445
2555
6328
4898
6504
9482
687
8593
6236
1917
1812
9227
7393
2445
6141
6831
7503
3640
5687
308
8348
9389
5423
7413
9311
935
7161
8805
3540
2644
4724
5569
6665
2528
3941
6449
8805
1411
7183
731
488
9043
4533
5140
9550
2631
1782
5811
8957
2346
8679
3381
1725
4472
974
5158
7575
5400
6938
8818
7590
9558
1440
2312
4618
3948
497
3016
540
4492
5063
6505
6604
4653
7118
5097
1030
2927
4431
7602
7027
8444
264
2309
4523
6462
9447
7958
9272
7943
2245
9044
4101
4961
5791
9587
9142
7810
1728
4392
6753
7211
2155
6768
8538
7485
7539
1950
9325
9417
7133
4303
9876
2803
3517
8427
7897
2898
2958
8042
8037
4486
2766
7072
7014
4758
661
2519
8783
5638
8758
5271
841
2642
6173
2181
9527
2553
6233
6373
9640
9432
1811
2269
4294
6321
7228
4376
9979
1833
4070
7332
3299
2907
4792
3657
4636
2652
4917
7573
3850
5820
4582
6233
503
693
4260
6970
7319
5124
4530
1924
6586
4737
3430
7362
9323
444
9016
3842
6838
4518
8067
2281
6710
4489
441
7859
5019
1269
6212
4004
4378
8408
1862
6784
2815
4874
8850
8468
3614
7746
931
1999
8823
728
8778
6208
1448
6231
9605
3165
4540
4350
2475
109
4641
1092
2660
5811
4376
1430
1077
5863
1637
1967
1145
7427
502
4338
891
5575
8720
3079
4081
3225
1172
5744
2386
4364
7745
4630
455
1260
5091
8357
5647
2052
7754
5393
2573
9660
1989
7587
8604
9938
1085
3604
8643
2819
2990
340
9268
3942
6896
583
8862
8054
5076
862
7074
3194
8698
5182
3490
5075
7935
3182
1669
1537
9331
482
6264
7442
8984
447
7775
5208
8743
1050
8905
3158
6653
5250
9328
1847
9619
7255
2159
7435
1131
9797
8927
9998
870
8753
6762
519
866
1726
8913
1258
4337
9837
9305
8538
1829
5775
3775
8223
87
503
8925
3824
775
6929
2340
1965
5757
3162
665
8091
9966
5770
1357
5100
9242
9653
8692
2699
9218
4281
6662
6114
888
9348
2612
6408
3342
9430
7971
937
2224
2991
6212
3363
8238
8373
1220
6411
5330
8195
6590
827
6944
7409
1023
7592
6570
8940
6482
8803
9859
3971
3641
7628
2443
4317
4157
9742
1145
2234
2397
6236
9544
5556
50
9622
7352
1761
7187
3351
3701
7400
5428
3437
6165
1742
8121
4390
2538
5356
8393
7588
8055
3983
958
8957
5119
267
248
5362
5370
6604
609
2266
3585
9211
8731
1498
3800
9674
9990
8499
5707
7388
3374
1000
7473
692
7712
2538
4397
152
317
4338
2804
2753
1415
4890
2073
5074
1721
1288
3939
6547
6580
8232
5440
6169
3379
2629
1971
7059
1760
5492
2104
5924
575
7118
7096
2904
7304
6583
4697
484
5266
6767
7725
5407
4315
7973
1242
1399
5108
1683
6986
6705
73
4282
3320
9249
4223
5035
59
4834
5381
5870
6768
9890
9325
4435
3311
1773
3460
1091
1440
6709
3517
178
6774
5979
5548
5043
5577
5708
9789
6439
1666
4891
7365
7444
9823
9879
2641
4814
3606
3416
6491
8613
5398
6428
8202
3275
3850
7864
6681
6336
7095
6349
256
9084
5524
9417
8718
7992
3913
5031
9049
873
4223
1668
76
4490
9079
8959
2702
7813
9159
604
4451
8477
4032
1508
2924
4139
2795
9421
9770
1028
4625
210
1056
5139
1850
4495
6150
6952
9741
2059
762
8172
6102
6241
2305
4368
3477
8205
4138
2737
2723
1136
3444
2122
8112
4384
4086
2919
296
9024
9884
2673
1428
9751
2274
9898
3948
4607
2552
2055
9818
7036
8469
1957
1898
4934
2104
4857
2973
8005
2922
4248
4813
729
1583
208
2315
5955
3372
4433
7988
5636
9602
5916
6642
2832
9144
230
2350
1245
8823
3144
4180
6238
5598
8071
2175
3959
310
9739
7747
6700
5040
4446
169
730
7323
1875
9172
178
4897
4224
5475
93
7089
5001
1904
8145
3399
4794
8325
2783
6503
7249
1534
9941
4666
6358
8249
9495
1135
6536
9674
1781
4354
1622
4075
3721
1305
2486
81
5743
8667
9477
2522
7745
9868
4892
7234
5182
8580
4235
6276
2151
605
6581
9709
3334
571
8967
8061
9226
934
182
9975
627
4466
4580
6168
9735
3616
2815
4420
9039
6333
3750
5947
9122
2152
5705
2123
7483
5809
6908
4415
1721
8621
1591
2294
4211
6982
6877
494
3078
7791
5495
2846
1532
8326
3405
2611
4251
6482
2432
1874
1975
2843
823
3997
469
4024
3219
1889
5069
1732
1025
5659
3434
490
8332
9514
9970
6816
4717
2544
8109
6576
2880
7155
3188
2784
8500
7520
8679
8723
9006
6383
7306
1209
9515
7297
5949
5121
7040
6390
1911
2447
5167
4219
8830
4873
9801
8016
4086
1339
2042
4936
7076
7642
3653
2361
2701
3590
9725
8292
3568
9304
4638
3550
8012
3163
470
6349
4303
7335
2131
8607
829
7720
8729
9587
1625
7197
3472
6635
6483
6077
7368
5177
9518
9940
5882
6838
2076
8986
9213
2881
6073
7221
802
6725
6881
8469
1196
8308
7055
1197
6367
6527
9779
9425
5332
807
1134
491
7414
6606
8797
2504
556
8935
848
4239
1747
4316
3222
3746
8872
7342
8247
8605
1151
5718
1085
8235
242
9482
7648
6695
8506
1116
5565
6624
7107
9084
2706
4214
1519
1422
2713
5730
4297
870
5038
9826
9060
4368
5070
4513
4272
9900
1614
6516
5753
5142
6021
5937
6924
644
2135
1419
4998
9608
9759
3928
6410
4197
9001
8707
6623
47
4825
9853
8420
3659
2475
9423
9585
4661
3688
6522
6875
9761
7841
4431
6836
2553
3196
7979
3021
1700
664
4074
6408
1112
414
7437
1246
1142
9350
9397
4970
1796
6595
8239
720
1881
5068
1354
9886
8321
1928
4339
2637
6095
7589
2290
9491
7282
6565
8317
2601
6608
2534
9802
660
240
3149
9378
5282
6116
654
1217
4915
6339
1642
2410
5074
7876
293
8056
4382
6454
2882
319
2601
4589
8158
8128
9420
3414
86
5323
293
6572
982
5455
2366
1411
8847
6797
9819
2594
5540
5483
2512
3470
4482
580
4188
577
9529
3580
8103
1449
987
1682
1635
4988
6607
7678
6577
1817
2898
1769
388
6187
5180
8556
6282
1879
1802
7873
4940
7700
8541
5094
9091
5306
4847
2784
5173
5362
2765
2043
3659
2606
709
3423
7392
2562
8973
1439
3032
7135
1134
8939
8858
9889
5739
2454
2252
5550
818
5122
5194
3262
221
566
6674
3786
4261
5649
4334
6893
8533
4249
9551
7944
4646
2668
7411
5154
8476
5128
9555
6540
3708
5622
2684
5682
3656
4336
7928
4589
8745
9875
1879
1621
5800
8720
8431
5060
4681
8493
9262
6742
2788
4185
4583
6716
1905
8732
6449
7792
7247
5708
8184
7219
4738
9468
205
9298
55
5791
9329
8167
7940
8106
8922
2604
7265
1384
4271
6474
7501
5271
9190
5632
9503
9231
4551
7022
3194
3811
7357
3713
7867
9168
9865
9961
5474
5938
8786
4694
7611
8934
8237
882
3208
2122
2516
5127
2557
4993
1478
4097
983
7859
5484
3310
201
7536
7747
9538
9845
9381
2187
6712
6660
1863
9019
9842
2738
429
4446
3089
4537
2378
3902
9136
8648
5495
2731
9147
6479
1023
3176
1901
8042
6132
3107
2087
9672
1808
4495
5660
4950
6742
6032
729
1261
3734
482
178
9701
9999
8806
2120
7540
9118
2409
7190
8600
2789
7811
8587
9628
968
6441
6066
5290
320
3968
5292
2510
6626
1039
687
6674
4346
9199
3464
7243
497
1474
877
4927
7213
2461
7053
3698
6967
4003
6712
2364
6296
5023
4491
1752
4029
3645
6355
2315
5562
4902
2115
9487
1227
167
3185
6380
7381
8477
6410
9138
4058
2303
7350
2821
9932
5799
358
9541
2793
4414
5994
3016
3924
8803
9407
8534
181
7096
4501
8562
7798
9418
4655
2864
4990
5242
5044
4343
9547
6733
9730
5797
5560
3164
2882
7049
638
4361
5094
6225
1063
8751
2543
9184
6669
4500
2684
5644
529
4206
476
5169
7400
8543
1348
8821
3808
9214
6652
6761
736
2547
6388
1097
7581
1311
3445
6065
2537
9750
9490
155
5253
5738
5468
793
3847
9413
645
9723
7640
1362
364
2398
484
25
7079
722
916
2437
2767
214
7032
8180
7349
9105
8029
8906
5842
8080
6943
9810
2509
7927
9096
6275
293
2358
487
2138
8750
7594
3979
218
3065
3900
2430
6637
731
1258
7791
5477
6319
8368
9191
1219
3448
7171
2254
6787
4783
8138
2982
3282
603
2953
7988
1534
5326
2139
591
3800
8507
2523
2209
4440
1302
5759
26
1886
9300
3538
9508
4368
1042
8972
9794
1733
5505
8064
1425
9724
5982
7347
8576
1962
2880
3828
2812
6190
4235
604
3636
7587
5425
9394
9004
8881
2280
1307
2300
9424
8503
4829
2744
2747
8377
2015
9947
5933
3812
5583
1036
4890
9956
559
99
2876
4497
4253
4053
3081
9103
6509
3290
8285
1843
725
720
7450
3715
3540
9848
4328
4662
4656
3902
9018
507
7356
8183
2639
5990
5426
947
6418
3733
7154
5073
9599
4128
6583
5618
8401
1583
8770
8293
8365
1621
4278
2722
4213
3978
6959
963
1850
2967
2719
3403
3217
1307
4471
7962
3424
9626
2366
5673
5862
5956
7569
2720
8292
9540
1527
4232
220
6415
416
8394
1348
7004
6121
7589
8743
2083
1471
9215
4264
1470
2238
6451
6212
2476
1540
9257
7443
6804
4455
3523
3227
5319
1855
2963
4657
878
6753
1498
1052
9266
9273
5275
792
987
5156
8062
7396
6496
3959
3121
3433
1709
288
8201
3063
2195
423
6038
2653
6249
1760
4900
1316
7920
592
9630
8313
2196
952
461
2934
3422
739
3821
9260
918
2265
9809
8831
7318
1917
7261
9694
8474
4506
3521
3309
1652
9092
5958
9009
5596
4846
5121
3223
4308
6760
2116
8081
1385
2098
2132
206
6197
7281
5669
9253
2194
5532
1505
8174
9993
7445
1959
9053
5368
9487
4928
8124
3154
5360
3230
4403
7505
4948
2621
9623
5318
9963
5835
8348
4001
7632
2052
9256
3260
8135
4165
4262
6833
5363
274
5412
1564
609
4292
4122
460
9556
9450
8982
4355
8190
7344
1640
4140
3207
9917
8263
5964
8093
182
927
5377
3321
3984
4216
5511
4921
8659
8004
9321
1328
9034
7972
1173
5878
5894
5111
3144
6765
1090
5905
9465
7473
1346
2740
3730
5931
4420
4077
8936
3923
697
3405
3916
7679
8237
8674
4681
8396
2209
7426
158
8791
3658
116
262
5209
6690
7291
4738
7837
2221
4383
1177
8687
9590
7929
902
4451
2135
9851
7919
5615
6168
2042
8214
5191
5358
7930
6904
51
5797
372
322
8206
3000
7574
4452
3261
2589
5783
9342
1065
1390
4837
2279
9660
6002
3725
3564
6548
6618
103
4293
4871
6967
8459
5235
1204
7976
3620
7014
4977
5009
6895
3323
5943
9672
3471
5938
6566
7337
4129
318
7429
5594
5095
3382
5866
1688
2996
7336
4098
7040
2803
813
7102
1290
996
1496
459
9903
4291
2456
5932
1595
8870
5580
7926
845
3956
8502
5768
6588
1949
9752
5444
5316
6345
9531
6894
6830
1409
4639
7009
5421
8900
2333
4776
9796
4199
8008
1632
678
5645
8865
4071
7237
9742
5210
9264
9948
775
9394
4519
9640
4605
2575
9291
8497
5887
8330
2381
4630
8568
1332
548
7302
6046
8087
1850
1675
4874
6343
102
2785
1316
3495
1830
565
9738
9143
1145
9192
1549
9243
4967
4339
4680
24
6894
7396
1341
8711
5466
6710
3774
5308
847
5231
2821
80
5014
6659
2737
9530
9570
3365
8733
3020
2478
1790
1214
6889
5749
4886
2521
8965
8269
7887
8143
597
8832
6146
6375
6758
2073
4337
6342
1689
9208
2171
7165
9387
9682
1854
8446
291
4472
7782
1868
9189
4513
2339
6767
6276
999
8042
3601
4564
8043
4466
3288
7516
4246
9310
464
6762
414
8266
6085
7281
3633
9487
3545
9502
897
65
4360
6825
9483
391
6358
6966
37
4954
4768
2058
6980
2358
5752
3531
8599
1343
711
4625
2164
8557
3006
7320
5501
3607
6589
5271
9295
3902
559
3947
8166
224
9136
9693
8064
5277
8813
7938
7021
2294
6726
6641
4079
9393
7154
9135
1892
8265
6047
7846
765
9267
8755
8324
8347
6811
6773
944
3397
1740
9282
3639
6984
8367
7772
725
3499
2427
3909
7855
7437
8843
6660
12
1854
6381
4418
9956
4535
4534
7412
625
3958
8083
6549
1106
2874
522
3343
6831
1672
9567
1925
5814
1560
1666
7248
5732
4383
4822
9316
4143
1049
9437
4063
848
1378
9614
7981
3662
1650
41
7355
1269
4819
4049
5014
6646
3056
8664
1663
7928
1164
8328
5709
9996
7899
2061
3135
174
7201
833
2989
5671
5061
8383
7929
5071
7506
345
3496
9680
90
7765
2343
6854
8231
7858
3195
1651
464
7624
1177
3519
1940
3902
943
3644
9846
6597
9933
1351
645
1313
6420
8715
5782
2503
9097
9103
8256
4482
3749
1520
2836
6592
7580
1049
1463
1162
1944
6222
1102
4032
8162
6489
9557
6674
413
9435
7355
1004
3311
5428
4318
4697
7548
3662
5326
9224
8928
2452
9393
1164
7529
3520
1939
5581
9359
2961
4503
2108
5633
1275
9006
5795
5870
1944
98
6587
9468
9517
6800
9991
2424
5448
8113
3022
6923
373
7507
5078
900
4176
8152
5132
8072
4420
2651
3968
2868
2610
474
3644
9098
4718
4660
4453
1183
3203
4209
5323
4704
6806
3496
6187
1436
6888
4337
7971
819
8868
8760
4661
5833
329
1210
4325
214
1842
6096
861
2813
1073
2981
1823
5975
6570
1941
1610
6652
859
52
1382
1453
6905
3560
7674
9232
678
5923
5005
8425
9743
2033
4457
3666
9042
1675
4923
4551
1693
8534
6071
8688
8192
3403
2153
4844
132
6228
8438
2806
8278
2431
4881
8119
4364
9746
6889
8456
2824
907
6576
577
1546
3699
6310
5235
9295
4095
6212
3823
1192
7409
644
145
7670
7138
7837
9596
5616
1988
9389
2211
4631
5560
7120
2017
8609
8507
813
6262
1361
7709
6255
5391
4360
6256
352
1409
8149
3897
8161
9953
2360
9398
1351
5123
6068
6956
7952
2077
6306
6939
9795
1911
1778
8208
7174
4769
8813
7384
5224
753
3686
3852
5470
6135
4814
5005
3803
6943
5431
253
6393
611
6288
7128
164
5386
9199
1661
4677
9889
1646
1213
1325
2196
8572
9806
1367
3786
195
9020
6736
3834
1226
9133
1282
1661
944
5919
3820
5217
7705
5265
541
2775
5302
9659
4175
3051
9724
3754
1409
1070
7447
4860
3213
3777
6296
9044
1656
2367
9257
5515
8759
6807
8945
2227
3935
2597
5906
2889
1749
4988
6992
3863
7300
4067
4828
9747
6844
8985
2127
9559
872
5686
9378
2125
9464
5855
6122
3175
8653
9541
4225
5881
6195
2507
3135
2692
5448
4691
1288
9007
3195
7076
5118
5316
3344
4601
7751
5940
6047
5849
7962
4840
9516
7006
9923
5125
882
5188
4054
3723
5449
3105
2416
2762
2295
1115
1337
1809
8114
618
341
4389
8546
8603
8361
4763
6453
8494
7659
3218
3453
8542
3075
992
9220
7834
9566
3223
8607
8068
2353
2755
6896
4981
1050
4147
5062
6042
3249
2481
5664
8944
5406
3568
7550
2584
6645
7169
5704
4134
2684
5634
2456
7404
493
3076
5266
7358
9558
999
724
2210
5870
7332
5224
5446
5106
9878
2310
6317
6478
9846
1766
9783
535
5778
6116
4108
3156
5770
668
6677
6349
7622
7573
6936
8940
1255
1626
3038
4448
4617
7411
4402
8385
5585
3810
9544
7566
9385
6122
4455
9745
4469
2954
3844
1140
1985
2694
4717
9468
3065
630
6735
1843
9076
5912
1989
5269
3006
1585
8542
1601
2193
1185
9816
9263
9903
2709
4127
4928
6095
4213
3532
2576
7201
637
9244
728
2224
2297
2302
2704
1715
8346
2104
6946
2735
8341
5703
3323
4269
7547
7665
6826
9043
275
4378
3066
4578
7858
5454
3357
3068
9885
4337
5278
9439
4982
2513
4536
2387
4562
260
7525
7980
2747
2980
3198
2635
2737
6803
2258
4199
4299
8765
8898
6804
475
6089
8296
9614
7456
7291
4568
5316
9557
1721
3631
7635
6790
1976
3896
254
5107
290
30
6823
7261
2102
3019
5693
8686
7693
9406
6849
9701
3412
987
9319
5807
6587
157
8998
7425
2265
5991
3339
4561
2793
8344
2385
4084
3429
332
2981
7986
3501
8239
2393
7894
964
6604
9063
3457
968
3540
6575
7886
972
1930
5103
6705
9075
7980
7839
521
6555
7964
6054
2276
2548
8268
7180
5746
2780
7559
4652
5201
696
3804
1925
9623
3776
4886
4975
3887
6856
4567
3077
2586
9287
2659
226
4183
950
2776
8556
5357
5014
2508
2232
8692
4990
3919
6328
8916
4640
8751
5288
966
9079
7338
8673
2694
2096
1325
6055
474
2593
1611
6518
4860
5754
3274
2356
8947
9159
2408
9586
6352
7855
4539
4980
8676
6156
8405
2539
8991
5175
8870
4508
1955
8143
7803
3663
7095
7078
9893
8949
7399
9081
4133
2278
5417
9097
4467
1447
7307
250
5933
6661
3607
1416
5596
6496
5656
8161
5827
3543
8775
1716
4161
8412
5262
6563
118
4723
4221
7927
817
4780
8395
8657
4008
2139
7812
8824
401
9024
8385
5044
9101
6728
7350
9558
5429
7744
84
6914
2620
1345
9295
4874
4947
8412
8569
9224
3036
6226
1325
5271
1703
1681
8536
6511
3352
3335
2466
6203
3241
8564
1771
2457
91
4448
3248
9133
3384
1110
1772
9090
2724
4844
4363
8366
9106
5984
3434
1473
9971
3136
3146
6954
5593
7558
6356
5782
3433
2158
2502
9398
1967
8118
2011
7947
1675
4849
8521
9729
2250
3399
68
6421
9344
621
1392
6741
3440
5852
4564
2690
5374
8737
4441
772
7803
4241
1057
9259
144
9078
4181
7293
9062
8634
1655
305
1058
446
3638
2086
7310
8280
1680
8176
9586
4392
8530
9873
2082
373
3018
1680
529
4776
5230
6793
5363
6324
4645
49
7856
5697
7139
7603
5140
2628
9250
1164
595
9116
2923
656
4202
7996
1620
2967
2049
6976
2772
7255
8332
5182
2
2190
8561
3402
7756
1085
3331
7749
4435
9788
6189
7827
5698
9902
8859
2200
3312
4626
9842
9135
1563
8610
8336
1015
1925
4156
6462
6346
4267
9995
7042
8746
9039
3905
2368
7050
6295
3747
3729
9431
1550
2305
8812
274
6345
224
7360
9291
4772
3382
9428
4842
3547
8754
5957
6237
2549
5413
2511
4186
6186
8833
7735
479
1573
9100
4612
5534
9492
1873
4046
9214
7916
2803
8799
3264
4378
4367
1047
3391
7284
2109
715
5138
7630
3234
285
3010
9097
9046
7191
2307
2678
8109
1104
9105
3656
1940
3329
2967
1894
457
6609
9231
4640
8983
2380
8833
505
5341
7251
554
5059
7370
7421
5179
9769
2808
2940
4186
6373
9890
1338
5210
1314
2226
2465
7698
3227
5323
8650
9068
6258
3776
2925
988
6317
5920
5591
5083
1899
6815
1770
927
7621
4914
190
8200
879
310
9637
394
7005
221
924
738
7395
7942
4126
4519
5908
6728
3395
1231
4108
3643
4293
9755
5657
6403
259
5920
3316
5305
7390
2866
4926
4168
5824
7022
9173
7457
8333
53
7654
7388
8594
3361
9100
7259
4714
8757
2198
3356
6528
6517
8951
9196
5774
7486
3207
9619
7363
7860
6327
5647
4068
167
2914
2144
9609
961
3358
2077
2584
2495
2994
5298
8079
7177
1666
6407
1882
991
4133
3710
7781
2529
6680
2632
3452
6123
9163
4356
2558
2060
1193
2389
7855
4114
1317
9951
4044
4308
4879
3262
8298
5884
118
4035
1560
4382
5240
6108
2099
6809
2405
9151
2439
7256
6050
7283
5186
6469
4873
9739
8117
12
621
2703
4181
4056
1899
8584
6894
5756
6556
6008
4758
0
4231
9684
9087
8997
5411
1584
4630
5271
3882
5669
9049
5102
2697
9873
1014
6753
1013
2235
8814
8936
9815
3457
4472
92
1656
2048
9554
3853
1080
6607
1746
9359
2999
3224
7178
9442
7286
1269
7210
3101
5944
4819
128
8359
4051
7013
7034
289
8035
8312
9756
6243
9229
1566
5245
6049
1856
7866
2716
5162
5095
4695
2816
3902
5852
8692
2300
2985
8726
7840
7649
3727
1219
958
2014
150
609
6693
8003
9179
9767
3495
7203
9234
896
268
8776
109
5815
7626
2352
2232
1246
9699
3733
6367
40
2299
2586
7149
4423
9845
8081
4882
6431
6969
553
8351
8938
4948
8005
2641
9285
7883
408
7384
4775
4205
3532
4772
5089
4917
418
2379
3105
5833
5172
7240
8129
6098
1735
9219
8060
1992
684
6457
9761
6281
4980
4632
2911
2933
8883
5849
6993
905
7374
939
3251
1382
5247
9880
9938
7886
1159
5334
7251
5947
707
28
9417
5564
199
2014
3690
5100
8614
5976
4203
4064
3988
3523
3031
1069
9459
1638
7327
4164
7177
5612
6475
7452
5859
526
4558
1898
8610
3598
7976
9470
9876
4111
86
5245
5854
7635
6004
247
309
1619
5794
2277
8236
8501
2100
4529
6279
8125
8611
5537
7838
2658
3153
2401
5933
3419
2938
5868
2408
3414
3989
9079
7484
629
5514
6442
5601
6534
6174
7980
9931
5566
6890
2810
8560
5265
9098
7427
2196
1088
1537
5827
879
5167
4057
9578
7648
8130
3128
6936
9260
2099
3966
2520
2575
5939
2139
6726
3618
4683
3886
9838
7549
1373
2551
4483
8052
6620
6590
376
8493
2132
2557
4782
2386
5144
9112
8875
3970
4103
8493
1523
2850
7881
4918
3046
2560
9995
7020
8662
6216
9589
9525
1427
3567
6949
2798
980
2413
9146
7267
1204
3896
9038
7787
7095
619
3984
9889
7784
9333
8894
4669
2832
7518
9612
4130
3237
9044
7715
9648
5901
4964
2649
3385
4141
1125
744
4449
6146
7006
526
382
2683
647
6353
9119
1281
252
1148
2169
7428
7326
7579
7965
3108
3076
8175
2021
4729
9616
8782
525
9295
4668
6698
3262
8321
7346
8140
6949
1169
2187
429
4611
6129
1247
7233
718
4897
6699
8000
3780
2005
2721
5282
6895
322
1641
9527
340
8501
6741
9744
9270
9569
9619
9901
6359
5187
6075
3620
6831
7363
2504
4875
3509
2009
3076
8354
9610
2762
8939
656
7093
9550
498
1816
8681
6911
1008
1319
6818
1199
2762
1725
446
5414
2925
8486
6761
1143
4052
8804
8993
6254
4298
8619
8345
4665
1913
4184
5848
5040
7025
3663
5041
578
36
8368
5229
1309
8286
4676
5156
6474
8210
7594
7035
7203
7647
6632
1928
8849
5057
608
1089
662
5284
1970
8930
5796
3348
3384
3932
4680
671
674
9899
4535
9132
6429
5968
2227
4533
9682
4990
3305
5408
5817
9856
2603
2892
3577
2743
6325
5478
2685
8369
2270
8890
2916
5476
5709
247
3748
8267
7541
3595
3244
8295
8575
350
9717
167
8546
4251
4133
4610
2050
8105
2832
4641
3090
9960
1386
9066
7287
4326
5101
8935
8314
2465
5444
5748
6985
6487
7394
9191
9996
7049
4994
875
8751
2734
4556
565
8321
6819
2352
5431
7463
2737
9266
6818
3437
3319
770
6134
3978
1974
3654
9445
9343
8348
6823
6886
3197
5671
9077
9270
5568
9915
4584
9128
2587
5855
3380
5677
3393
898
5511
8255
4045
9371
1155
8535
7503
9870
9571
926
5956
506
9307
7585
8800
2463
2960
4285
859
3405
3809
5562
6341
967
4993
8517
4055
983
4818
5173
3112
779
7424
8590
3768
9693
8663
9748
525
1280
6465
3031
3943
5622
1728
3101
2738
366
8133
2446
5624
1979
6666
5929
4352
7424
2690
771
887
2824
7835
3919
6377
1234
1837
121
6124
7497
5074
6141
3370
1777
6402
4661
8825
1917
8489
319
3240
2574
9959
7468
5352
5654
5669
1189
5860
6747
2031
1545
639
2854
5154
49
3721
4315
5203
6404
557
7044
1657
8278
2218
7254
424
5035
6524
4308
1883
9098
1030
8290
4413
9628
5535
5778
9428
4148
2902
7434
6843
760
1795
647
6155
1694
4075
2635
3781
594
5807
7569
2798
9475
4802
5361
1703
9454
3557
3647
1528
5377
9089
4766
9593
6786
7953
3794
1517
6232
5961
3875
2779
3847
918
2062
3770
441
628
1205
6904
6104
694
1190
2295
3144
9365
6665
6901
9089
2120
4018
3654
2186
9917
5063
6704
449
865
316
7027
6407
4737
330
7667
6616
1198
7326
5187
8872
3255
7517
2944
4601
7221
9541
983
5081
8296
7983
4676
4520
3961
8817
632
104
2988
8736
54
93
7845
2210
1130
6884
8275
3425
9926
79
6093
2460
2091
4942
2744
2759
7792
1978
658
291
7282
762
4606
7609
3992
4585
3788
1087
6370
4543
5860
2685
1294
5547
9903
7513
1718
8402
6835
2030
3225
4321
7209
1275
244
3967
8764
3288
2269
7198
991
628
6380
1232
7548
1642
7815
4373
645
5473
1016
4370
2633
9522
1869
2094
2741
9301
2283
1239
7587
9156
1904
1490
8084
4497
4836
8399
694
4051
6763
2762
5010
4955
4090
6701
8244
5158
243
6787
3288
1723
4222
9111
6190
3396
1590
4715
809
1849
5102
2262
2185
8663
9806
5013
5859
3104
7998
2497
314
7677
9261
5345
8813
638
1230
2390
1069
4369
7152
4996
2584
625
6905
8433
3207
8742
9758
326
4736
5882
4785
6898
1673
4812
7304
6174
9802
557
6550
3851
6413
1992
1432
7112
4597
7951
2686
4783
3016
4560
5811
9407
8987
9734
7787
6564
3752
9196
6313
4690
3806
6924
250
545
1510
3910
9841
8802
6765
6540
1104
8032
5843
7674
6464
8962
6110
6195
9565
6477
6124
2662
3408
1878
2307
9776
1274
2644
8375
7675
7162
2868
8023
1795
8940
3254
6644
2457
79
245
3504
2289
7152
4564
5550
7030
9416
932
9196
7662
3583
3330
5306
72
7259
797
3862
2465
9161
5061
3301
261
3191
6911
767
2931
283
3861
3992
9146
5332
586
4167
9327
219
3323
8357
6689
6501
7233
6547
6003
7944
9267
9928
2936
407
8009
1046
4670
3676
5371
9480
9376
9921
8040
5626
5183
2347
4562
7669
9835
1188
7206
2758
6956
7588
4137
649
5757
5242
5614
2951
568
9628
5141
1865
2684
4185
7405
2392
8458
4359
4442
1619
1696
735
6194
1932
6924
3265
9521
8927
6259
7716
284
1712
8682
446
8578
8288
6256
9789
7839
4748
2431
8176
7130
2706
1191
8997
1854
4928
8299
6271
6294
123
9943
9923
6641
3529
7278
4783
8518
5195
9587
1976
8241
8155
7405
9903
362
5374
782
5344
3543
7077
988
8582
9208
5558
4430
3950
7200
4034
5219
2982
7811
9379
2955
7410
8555
2724
2121
1659
37
2877
5024
292
8584
3561
4011
7883
7125
9461
2313
5047
6970
1688
3061
6228
4193
9770
8996
6345
1766
3714
5287
5362
6149
3536
3392
607
1586
1939
4449
3992
5746
2087
2079
8587
8822
1103
3894
3780
3512
7756
1511
5847
3565
2535
2684
5789
8875
1073
1581
4729
5892
180
9642
678
3905
3092
4536
8879
3466
536
809
2698
9009
4080
1396
2610
2654
1810
9603
591
3749
5156
3195
5188
3908
4648
8695
4069
2312
3695
2269
8979
3072
571
3314
5606
9145
3574
7449
7846
6552
6648
6566
7925
198
4377
913
6220
8117
8532
3174
6673
4721
707
3146
7506
210
9965
7720
3169
2670
4377
9833
299
9483
3917
3009
8742
7794
4200
8278
5351
7151
4184
6412
9662
9685
4952
348
4846
1006
362
115
7917
288
365
7734
3300
4748
6315
9427
2163
2768
5522
9091
5669
1483
5469
6268
5131
4528
2974
6611
8215
4740
9418
4527
7767
5874
6576
408
1724
4718
4984
4845
2983
7047
5333
1989
3551
5445
7014
8942
8177
1457
7550
2978
1140
7716
5166
4183
9351
1432
6492
7765
4298
314
1699
9170
3126
1729
7510
5049
2954
89
7826
8730
3283
6744
2383
9675
358
7858
8322
9883
429
6295
5922
5719
3229
249
7589
4662
6160
8940
8871
2463
4403
7462
8455
1386
1054
3639
605
4692
619
5986
907
2268
1557
4728
8672
2618
3743
4310
8211
4319
6509
1221
882
5320
1987
1151
7798
1836
6041
1585
5267
9509
439
5964
3369
9083
6771
4310
3098
8828
3092
3677
1321
9880
3441
5052
3131
296
7499
3078
5821
5358
2564
4718
3761
7160
1227
6329
1494
8846
1014
4396
6530
9499
7066
8367
6975
3465
2057
5171
2928
6069
3272
1951
9279
3441
2092
9718
7892
5016
7569
7557
5875
3004
5591
6504
1411
1355
3945
4684
4711
9472
763
6799
3738
4230
6767
8964
4060
3416
8692
1042
5987
6163
3196
9532
6736
2877
4041
7419
7920
7358
2035
8056
6491
5228
7880
102
5436
7718
8672
187
1358
8550
4556
3408
3039
2681
4891
4798
9971
9659
1192
4312
8952
523
8340
8375
5713
7390
3515
1824
5394
9919
2950
1810
4647
6084
860
7724
2257
9884
7381
8203
5822
3124
9837
5265
1316
7160
8114
7441
2666
9575
1738
6791
8578
4592
7347
2373
9767
9161
7992
3815
1359
5902
9661
2920
2349
2678
8392
1854
7030
9745
1484
4736
7069
8733
5667
5960
3805
2376
6391
2899
6483
2608
7229
2020
7398
3318
5230
7881
7860
9569
452
7062
2938
1423
6669
9565
5039
5414
2975
1024
9342
7401
2216
989
6862
8198
5537
9143
9135
3852
5759
6997
8019
7274
5701
8900
5879
5762
1865
8712
9757
5052
8273
240
4296
9959
6762
5734
7874
7226
4245
9462
6413
9657
5471
7894
5828
2835
4219
7396
2541
3736
4493
9854
8191
1592
3110
9417
3818
7271
1255
3893
2742
7372
5188
7864
8571
6857
3959
8343
7082
9716
7678
6468
776
388
1826
7024
4597
8056
4805
6017
6508
9601
8359
2047
1113
8639
9476
5817
4417
1865
3389
2597
4451
7174
818
4388
8026
6937
8218
7107
3643
7226
4510
9662
866
4862
7512
7823
5475
3160
723
8164
527
5225
7455
8111
2566
5523
1747
2806
435
2876
5919
8187
4328
62
3262
4070
6230
1211
5348
9807
3001
3469
1178
7016
6223
9580
9619
2038
3795
9976
9833
448
8282
6134
7433
3615
4585
6664
8728
7446
5713
4869
1264
7676
5657
2440
4684
1284
9286
2100
5996
5710
1688
2324
2548
2758
2772
4304
6711
7305
618
7708
2428
8936
3010
4411
7978
6742
5048
7666
3670
8539
545
3815
709
8411
3641
2455
7248
4961
843
5190
3476
1684
796
8482
3730
3004
9060
1377
1114
3342
634
1912
1438
82
1227
9213
5526
8038
5958
6324
2577
4651
1607
8422
2034
8413
286
3536
3934
7937
9931
1128
5136
118
8249
4138
1335
8910
9060
864
2814
2694
5080
7920
197
8529
6519
8319
9601
5603
6855
451
1933
5273
6534
9847
3450
5702
3562
3031
9579
1255
6105
1467
1766
6824
626
6369
7655
5776
8503
2995
3287
6935
9720
5687
3220
2553
8748
5381
7166
2930
2462
259
3086
6024
2258
7964
2
4920
2435
6144
3273
8089
5642
5477
4168
6157
5549
2427
8886
8982
3313
3725
9179
5525
2557
5442
79
8141
3566
6451
4930
6759
4384
2024
648
8894
6096
5084
9918
2138
8059
6735
5454
6138
7761
1849
7658
1530
4684
187
2745
4804
759
290
8475
2819
141
3813
6763
8003
8160
8558
7088
2181
7042
5365
4719
974
595
8104
8017
462
2599
2599
9997
9646
5539
7707
2914
562
9892
2999
9058
2655
9741
5302
318
2342
4539
1700
9306
158
4486
2969
8317
5872
6022
8288
5368
7420
9375
3526
2720
7481
7867
1261
3834
5433
6851
3472
274
2794
9993
4145
1639
3145
2165
5550
3654
7442
5258
9922
3970
7810
1685
6856
1133
9277
9601
9355
6470
4667
8489
904
7279
9054
1579
9173
6857
9359
6357
4075
2030
3798
3504
4766
2315
2039
2517
9085
3048
1785
5488
7429
5094
1507
5728
8832
9572
5456
8087
9515
7085
3281
6068
101
1089
5745
2491
3443
5822
8692
4814
8736
7356
6568
106
2466
7874
8270
3921
9032
760
2722
575
7407
4090
5285
5675
996
8997
2236
8348
2819
5025
3889
4789
2382
5227
7495
575
1434
8542
316
7537
8979
7101
8247
8094
416
6592
6080
7932
7441
2201
9887
2588
3125
6114
3340
811
8504
3988
4438
9684
5977
2550
1807
4383
5321
1585
932
6762
5599
3836
4843
3971
3321
8408
2357
4191
2813
6730
3810
698
4926
4144
7620
1707
8970
1522
5276
7907
2000
1543
8753
9347
7615
1425
6511
1559
729
9062
5739
7858
9830
6363
7509
6279
2085
5535
8262
289
7997
8130
9641
4736
8578
9008
5334
2753
9460
9470
7161
9496
7569
1408
6882
6828
26
1044
8037
9968
6258
9711
9201
1018
3747
3569
8622
9041
7003
631
6015
7032
6980
5102
2215
3553
3778
9071
7097
432
8853
6427
3991
7677
1438
8084
2140
501
9806
7813
5525
6638
5577
3695
9801
3397
8634
3857
2554
806
5536
4244
9364
5255
9766
7680
8914
8929
9825
527
5648
540
4146
7644
4442
9751
3019
2662
4324
9248
7198
7463
2563
3046
1265
8795
6296
9480
3886
6880
6285
8505
8087
3065
4280
9811
6950
1470
5612
5765
3923
4644
2799
4475
1503
9893
7719
3161
7292
4571
7229
227
7167
5102
6691
763
2638
6967
6657
9112
2404
6000
5675
1839
1012
4715
4575
8417
1946
4108
1259
2289
876
1603
5211
3344
527
6346
5520
8615
934
6807
6188
5264
5525
2670
4633
8225
1829
7079
6137
5911
9328
4631
8457
3355
4155
9757
3983
6531
9300
6652
6642
4056
7489
2240
200
1742
9271
7183
1642
6038
3324
4589
3668
6908
1252
2363
5337
9245
8312
366
6276
8154
2294
2984
5897
2145
6065
7109
4505
5502
3640
7011
5268
6270
7140
6126
9625
1131
1675
3288
1977
585
4003
9394
3130
8651
9408
7466
2519
5347
4525
6529
7365
6517
6105
4103
8480
9462
5625
5732
2051
4854
2140
1942
4791
5175
9196
5795
1107
1929
5615
8378
9570
6084
5821
6538
946
4801
7532
7262
1240
918
4392
659
7392
1452
1502
1256
6610
1725
3943
5265
1985
6079
6530
2968
8782
2360
2106
1760
969
7102
4455
5159
8183
7596
4672
5176
9279
3586
7102
298
334
6522
3883
3641
3626
1074
7529
7311
8036
9915
4672
4686
5606
4221
1343
1692
7164
8133
3236
172
2624
6220
3670
5333
7277
2213
5727
1041
1621
9906
1176
9972
6302
7043
1788
5143
5959
1517
7998
5472
7592
8243
2567
3568
7495
4484
1015
921
7943
1456
6029
1129
8571
8312
2738
4567
89
3697
4495
5369
9161
3205
8174
1167
5628
566
622
80
9370
368
2369
6592
3667
4618
4256
426
2839
6760
2958
6928
7586
2608
9305
572
4191
2486
8573
4961
5821
1591
4386
899
1823
5806
1718
2736
3149
3031
7878
3209
4503
5406
4501
5009
3338
9443
1711
2834
1979
5180
6919
4838
4465
7798
2957
5672
5151
1802
5995
4247
4943
2392
4510
5956
9066
8259
8354
4809
739
105
2694
9766
6419
5484
6639
1097
4223
9042
8873
6393
5879
8166
3016
6096
6488
1112
8604
6370
8368
7752
2450
4366
7649
5210
7623
7488
9950
9606
6071
1008
7331
2816
292
4363
6050
3055
7619
443
2312
7291
5569
3590
574
8216
4163
8096
2730
7466
3002
2302
2118
3396
692
9480
8264
4896
8303
7594
4849
7501
569
2776
5858
7824
6292
5931
7943
729
7253
1500
9207
8356
811
5275
788
7607
6364
5916
7245
174
8987
463
6052
5217
5734
5131
9033
2479
4124
8071
8996
2298
3260
8484
9506
510
6088
9850
5303
2063
473
4590
4402
3038
1755
2845
7118
4647
6105
2551
6180
3195
7540
5434
2126
4709
3404
5066
5383
9306
8673
8443
6062
866
4323
2091
5849
8110
5062
9086
9557
1093
9282
1014
3452
1647
3670
6703
4016
2317
1004
2197
1539
674
4552
9523
6377
4898
4922
1097
8821
4966
7699
2137
6128
985
8308
1022
6761
259
65
2377
742
6911
8245
5401
1048
8714
9343
7302
9709
5579
1226
4747
9070
6585
6955
4525
5257
9310
7683
8620
233
678
9812
5078
8289
7091
5857
1858
5144
6881
1998
495
9709
3345
6838
7338
8236
4228
2203
5046
6921
5670
8743
4267
6569
4500
8962
8813
6465
7883
9357
7176
4582
6463
9370
2421
9538
3908
7855
4300
264
7949
2111
5094
3983
5566
2632
1533
8171
3072
6044
7490
9865
5761
3703
3163
6312
6502
4015
5223
6101
6014
6298
4783
7775
4723
9449
3371
9098
3312
9345
3742
7199
4234
474
1024
8960
2620
3105
3734
1432
2739
2248
6223
4993
9010
7710
2205
6831
5763
8745
6030
2202
3387
3518
1783
5882
3961
9571
1180
5387
843
6813
7806
8415
60
2755
5841
3698
8766
8275
5177
1769
9376
8066
2801
9780
8108
3263
9895
6243
1216
737
5079
9060
9574
5327
8579
1914
658
8254
6764
4905
1800
8885
4047
1342
568
6204
8191
300
743
8451
5499
2209
9275
6047
9083
5143
6146
7535
8508
8566
9280
6557
1590
7110
1187
2927
4647
8611
484
8413
9390
937
9821
9454
7973
5375
2737
4219
3372
4096
9260
6325
8638
4436
5993
1826
5554
605
9114
1234
6897
525
5111
8992
2878
6309
4038
8227
4151
9736
3075
8405
9911
5103
2204
6923
7781
1221
4700
915
8732
2146
7346
6876
8280
6645
2909
2111
8634
3915
5110
3691
9848
9708
3610
3598
644
2244
5907
3663
1063
6431
7890
3352
5786
9678
9482
8706
2097
5094
1516
7800
8949
6071
219
8110
7100
1018
5067
1978
7862
9764
1547
7632
6903
1319
8060
1899
8876
5864
4317
9047
2652
3019
1077
3868
1356
8986
7404
1717
7151
9829
2757
9775
3833
9539
9196
8653
4606
7910
1048
8712
9243
4845
2718
6387
1504
755
1362
108
9785
8644
2218
2799
6120
9632
9633
9525
1537
7224
5732
953
6946
7206
332
4859
1564
217
7241
2414
7026
2365
344
4956
3053
2825
1697
921
5017
8546
5711
852
544
429
1372
74
9153
8882
7513
9845
5485
2524
8519
4882
158
6252
6229
1488
5267
1662
3958
3060
5788
51
8190
1114
1455
4845
857
6597
4597
8297
408
3256
8997
5415
7305
7981
9834
2997
9985
9106
5571
4617
8617
7156
2743
4637
9554
8723
5954
741
3991
8133
8049
5516
7662
7062
4230
5340
6586
8685
5112
5229
8928
8730
3691
6341
1955
4172
9655
6765
6286
3119
7016
756
2590
3378
4561
5100
9978
2950
9757
2162
7695
2979
3924
9052
8284
8645
3366
6091
983
7731
455
7712
6011
4992
183
2235
591
9690
9548
5534
5923
9008
2015
2400
6345
8529
8064
4029
3982
3040
9639
1243
8740
5267
2248
4807
9197
650
2114
190
3046
8268
7828
6584
7662
6861
1788
3422
8321
2493
3470
2668
1525
8730
4653
5570
3872
645
3705
9668
2116
3874
581
7553
1400
6617
2915
6689
6133
9161
1151
4232
5066
2668
613
5815
2924
4342
9184
4673
8029
3463
3247
6523
2631
1120
1942
4797
1158
2194
9295
2469
9999
8210
9114
3979
65
4808
1512
7406
7543
391
7312
2189
406
1159
3261
9891
9513
4654
8100
2921
7095
8509
9221
655
8606
8502
7533
9798
638
9595
9606
4132
7492
7858
2812
3002
321
7574
412
1523
6167
6183
1323
2098
3664
6176
9360
8078
3930
5321
9647
1226
7299
2211
4723
3421
861
1825
6151
208
9757
2326
7346
9733
9046
6025
4125
9349
9677
5205
7697
3538
1769
461
3506
9019
4090
4508
1730
4462
9075
4731
4947
9191
7156
2140
5533
807
9608
3187
2456
464
2888
3685
599
3948
8442
1544
4049
3502
8666
9338
8893
4576
4722
7885
4841
7035
457
9311
5559
5813
5526
9289
9701
4101
9328
2973
4119
9730
6148
4066
7923
2617
3713
1277
2585
5901
9299
6165
269
633
890
5016
3699
6673
1574
7100
1541
7655
2833
5453
4643
7929
1017
3445
4008
7687
329
203
6966
5250
4404
9170
4861
2944
6381
1729
8013
6221
9157
1971
4181
5003
2514
8933
4839
6745
7000
6061
5786
7250
390
954
9723
2509
5584
4566
9409
9026
3557
1063
1276
2028
2460
1397
5738
265
5360
5255
9733
9070
4613
9014
5100
8823
7861
1075
6253
861
5036
6676
9980
4417
2348
7289
4386
4388
3966
5133
5652
1177
150
472
2879
6050
4289
6081
7885
8743
8526
801
4823
1925
150
7683
7000
6594
937
4183
1641
1711
2103
8694
9998
2855
6023
8495
1308
6484
4503
9792
1973
2321
3041
5936
9042
8713
9591
1865
2443
3470
9083
8212
7318
8438
7085
3981
3370
6608
2113
9445
5183
1925
7420
9253
2773
5929
6123
6432
2413
7920
1760
7154
8231
4973
730
3957
8840
4006
9360
4386
8808
3235
4234
2868
4966
9045
6205
5080
25
9812
736
4592
5188
1521
3583
8984
5572
7690
6556
4848
3961
9868
6460
4423
1247
9826
7893
5273
7496
5211
9571
7535
1559
538
6337
6516
747
9255
