5900
847
7534
8718
2666
609
5183
2059
1615
6725
9242
3099
3236
4245
9671
2442
2300
3111
8113
968
2777
8087
5019
4716
268
191
477
6485
1063
1602
5407
9692
8176
4600
7888
4997
1061
9043
2035
7285
1367
6481
7367
2045
5093
6778
4082
5908
3445
3817
2569
5939
9568
4120
6479
6345
251
4324
5943
5743
6718
5455
6679
5206
9619
8644
2107
6924
7981
437
787
7022
7171
3744
5675
9063
9639
9808
469
1639
2935
496
84
5663
5087
1434
5575
5992
8472
6510
49
5075
4833
846
6401
5131
4905
2150
499
2983
4438
9113
7618
8827
6598
9494
1416
8926
2095
505
9859
4871
9077
1998
5030
7072
2936
9297
9737
1053
6262
2001
6830
3590
7524
9331
7106
271
7797
866
4219
3896
9796
947
9204
4705
7268
7703
6418
566
914
5658
9682
3224
2147
5289
1138
2603
1760
8448
2856
8076
1386
1361
4835
5227
2379
7601
2124
1270
4219
9676
1848
5782
2875
2553
9949
5090
8418
2920
7150
2113
5058
6519
4917
1438
5190
2132
348
9668
6666
5069
6409
2744
8679
2611
1683
2502
1274
9565
5557
9028
4415
4537
8606
7747
3551
2093
7921
6771
1667
5260
7408
5974
4468
4516
3217
4813
1297
9843
6842
5614
4764
3770
9118
9431
9986
9114
1220
1069
8004
2779
9824
1085
3446
2780
8960
7779
452
2484
7285
2233
1868
4759
7212
6567
3900
4676
9464
9401
9
7547
9278
6222
7577
6588
9565
7548
494
1258
4135
1505
6431
9983
5329
8373
900
2665
3763
4843
2669
9874
3900
6582
6208
429
1493
7976
9006
5324
1472
6310
7489
8127
6333
9687
6756
8167
5576
8283
1535
5640
7539
2057
1901
7693
8652
4288
572
7781
7130
3727
5808
1803
7545
1440
7988
435
2416
1694
3086
1968
6059
4520
4062
4051
1386
494
1267
5998
7509
5432
8026
8039
2586
3062
6836
6376
8261
9538
1250
6915
6907
3522
3935
3346
6242
8169
4059
620
8656
3325
6080
7332
863
9699
6339
2412
506
2422
8680
3335
5479
1207
6834
3899
7409
2335
4998
5797
4288
2959
5706
8903
6759
8728
8448
236
7322
6183
9641
2397
5610
3848
5048
2060
9231
587
4004
4780
9585
3332
2537
2564
6018
6956
5323
841
5403
2358
56
1944
7586
7292
1609
8357
2677
3175
2965
8077
6950
8013
9635
8040
4450
6324
2553
8731
8959
8677
4838
874
4770
3548
4760
9370
5387
5340
8122
6787
9630
3711
2702
5477
958
7147
6179
8130
9335
8320
3251
1369
856
270
8124
7107
8332
1620
6281
2086
7892
9107
5340
4199
1106
6017
1306
1132
2308
937
4883
9183
811
5855
3948
9999
1688
177
3579
6433
4514
7081
7758
4036
9062
7728
8025
5793
283
9581
1274
1617
3232
9322
1354
696
6357
71
8403
7744
67
4200
4504
6305
3337
7785
3334
7259
4228
8675
8885
3270
5146
4870
5898
7873
866
582
9869
119
5540
1106
3409
4015
5961
1775
5237
4770
1150
6147
9319
8680
3563
2077
2112
6011
5674
8754
5071
8525
3366
5187
9254
3414
3298
3322
5995
9925
178
5779
3436
1111
9082
1080
8067
3398
5314
6148
6673
9257
5250
3977
3482
6009
5600
9964
8972
5523
5139
3454
8285
3833
3906
9510
2609
9636
2846
9482
5557
356
9353
6941
2171
2055
6802
322
2050
3272
8367
5630
4496
5487
6501
3628
8831
3655
7318
8698
9634
7004
6263
8080
7891
7411
4477
641
8122
4244
1492
5786
5819
1138
1484
8343
445
4091
9168
9461
3283
6282
4276
6354
7705
2698
7786
7312
2060
7189
2449
5577
7414
2283
4331
1805
7684
3678
6906
9158
438
874
6294
5628
2131
9826
7549
2085
5367
8341
8391
8052
5642
5568
3493
8178
2061
4013
2886
7562
1139
1641
6406
4894
7226
2435
755
5608
2310
2127
3372
923
5816
9179
2665
6903
5904
4969
5794
7434
4268
9227
4573
212
7915
9565
2710
7700
4818
2588
2237
9950
4794
2661
6743
9790
6645
2040
9970
8149
2379
1962
7370
8498
5669
5178
3232
173
6181
3899
7597
1596
9440
9712
4403
2792
601
55
4652
6250
2460
684
9474
7583
2499
1934
4682
5499
2536
9118
3581
8186
2936
5491
8661
7537
1888
5451
1104
5890
8055
396
8404
9006
1128
4089
8848
9125
6026
9184
5482
2826
4669
4432
9642
5554
9539
8775
9762
4746
7817
5273
5208
3208
8721
5054
418
9946
8750
3346
3005
1531
6234
6496
6090
4756
727
936
9734
8959
1568
7037
9764
6598
4028
4236
1705
4458
5423
8678
8387
64
3660
5982
3399
8022
1962
5870
6581
8371
8498
8084
3163
4252
8163
4170
4259
6546
8466
1731
2617
6665
3633
3585
6686
7060
2058
8036
5682
8460
7225
6157
1857
3663
2755
272
9837
9797
1431
5128
2339
3934
4192
7764
7069
5224
3236
6687
6755
5356
4940
9630
7615
4823
7439
1186
9244
3751
2637
4925
3962
6891
5478
1969
7345
589
9925
9604
1966
2940
5788
8064
8479
577
9197
7031
8695
9491
4274
9715
6975
7350
8073
5787
1098
3246
9312
8754
6578
7266
8233
4202
7108
3228
4986
3558
1061
365
1891
3308
1856
2188
2909
1913
8861
5487
3804
2287
2175
2098
5088
3994
1226
8964
2046
4912
4414
6082
5734
134
5621
1611
8096
9375
2341
8418
9000
5407
3555
7330
1699
7950
7589
3900
6077
9689
9057
715
8497
2514
9639
1497
9364
8695
3239
650
8126
7408
9825
8134
7606
5906
1304
3365
1865
7729
5313
1586
1158
6274
4366
2306
9593
8654
9137
8142
9810
882
6223
7115
833
9395
819
3819
3873
7168
6252
4621
9230
8048
8053
7375
3156
4921
8782
8547
7941
4578
1980
624
9831
8081
6106
2815
296
9630
5818
8966
9022
6585
4732
4994
4240
7639
6921
7133
298
9847
7308
303
849
2178
5758
3840
516
7393
4349
763
7290
5113
5529
5567
2942
7233
731
2879
7700
6932
2818
1977
4999
6002
7626
4388
560
7313
8139
210
1269
6720
9948
2981
2187
7516
978
6734
7194
8652
9177
6224
1068
7271
3405
915
8849
5702
5109
1365
9602
3923
7421
9947
1055
4672
8303
2053
3575
7317
5453
6687
2420
4257
1822
9203
17
5233
8483
3196
7321
815
804
54
4606
5730
2219
2625
5922
1827
9725
9908
9845
9792
6192
6671
6891
569
4366
1592
2617
6279
4181
2919
2188
124
3528
4429
7207
1350
4053
8111
7687
1470
291
9345
9700
9757
4392
2157
4422
3597
325
338
9569
1853
7263
8057
5343
7183
891
5027
7161
4587
981
5695
2226
7783
2236
2040
9503
2702
4077
8282
7894
8508
4283
2213
9731
8524
6456
2490
849
9880
3
8834
6811
2656
878
8622
6879
23
2218
73
5163
2086
3441
4586
136
2515
6672
2694
8751
4157
5007
2114
8364
94
5567
7126
4846
5699
1791
380
7287
4136
570
5128
1559
8988
5040
7922
1087
7396
3023
4398
2372
7724
3247
6861
3651
5447
6759
4236
2603
2295
7199
8378
6107
776
9363
5528
6329
1495
4080
2217
7692
2305
5182
3032
4567
2166
7530
2520
2259
7308
8047
182
9031
1343
7201
683
2663
6422
149
1951
7014
3041
9552
6711
9288
8270
1755
3919
3737
5883
1552
3538
4708
1542
1331
5878
8113
7393
7744
1413
7375
4993
3805
7285
9321
9189
9259
9113
4455
8387
8015
9233
3348
3870
2183
9901
2264
7204
6683
9919
401
4676
8418
1213
1539
4892
6846
5174
4969
2641
9237
8876
70
6568
1661
6031
7373
8721
4882
3211
441
643
295
7800
2858
8210
5304
735
4813
4477
7655
8044
7110
9476
9675
4686
7180
3031
2481
2412
8370
250
5870
2530
9710
3317
3826
4824
4135
2807
986
9588
4336
9130
6691
6550
6715
6305
8838
6993
1036
3470
3556
2042
1323
5089
399
1768
3877
4907
5890
3964
1152
9809
7710
9770
8201
3979
595
5621
6220
3100
919
5304
9007
6396
6166
6193
716
3552
4726
5464
553
8795
1061
3293
2933
2558
2177
1616
2529
5324
2180
4666
8712
5641
5946
361
4748
7552
9809
3288
3967
1842
3148
3564
1244
9548
6788
9003
4464
5426
8075
9640
311
24
9134
3193
23
8848
3910
3194
323
6829
2891
8138
2765
6390
2150
4562
6460
9622
6497
118
3125
5696
6990
5812
6009
6127
8545
3402
2651
6236
8170
900
460
6905
4851
5938
8341
2970
2450
1864
9024
6787
9115
4848
5412
9340
4790
4842
3243
162
2040
4227
337
3399
2737
7331
3211
5129
3793
1776
818
4464
3991
5265
2715
2481
4008
5421
9140
6048
4088
5937
7372
4290
201
3264
1296
6704
9965
4756
3150
8375
8089
9459
487
7213
1656
2078
6662
5134
6216
3251
7672
6404
3110
930
3735
5125
7521
7116
6951
7014
349
519
4011
2126
3767
6046
9941
9477
6688
8837
2009
8187
1784
2827
9612
7381
4984
8184
5550
2049
3643
9574
6481
2859
506
2187
6277
7529
8147
3012
322
225
7333
2142
1953
1290
6027
270
6312
1375
3810
9649
8912
784
3961
6157
6964
4019
5364
3638
3639
5848
3149
9724
9378
9546
9944
1426
7370
9073
4752
1658
4378
7076
5843
1643
6146
9867
6935
3508
3308
3043
5832
2075
5990
9563
5008
3518
6289
4603
2001
7227
3557
3269
7186
3867
7087
5027
675
344
5080
688
558
2192
5267
5891
7644
9698
6354
549
6593
6773
7077
116
7782
7607
6881
3072
5473
19
4377
2658
9075
9532
5292
1277
2942
614
7099
6124
4000
5476
4068
6747
816
7835
6559
3794
9924
8726
7605
2652
6477
7779
5080
4134
3440
4106
8404
1298
6209
2862
2592
5691
9630
1196
2480
1075
965
9169
7146
9913
7859
7512
3506
5798
8922
9968
7541
758
9406
2859
8655
1012
9213
2019
5209
8253
6281
4488
8354
4423
5971
9189
8249
7851
1093
6528
8308
6525
7835
8303
5360
364
4927
472
5542
8197
5617
5185
8854
7266
8319
6166
8147
1952
1302
4153
5899
1342
9301
7364
3681
9505
7610
4282
7224
4660
7900
8971
4750
4061
1749
4806
7618
7115
7801
4553
6948
955
263
8356
2744
8746
6491
7179
4071
2613
3565
4506
7170
1340
1082
6611
9363
581
7260
6690
1938
588
3993
9202
2224
8648
7685
3353
4148
761
517
4350
7792
2190
8866
8779
8895
99
6933
1549
7389
7351
6293
1288
2786
9707
1674
8296
4029
4807
6573
1826
3146
583
9710
6041
8127
7842
897
6668
8041
9211
7030
2524
6941
4416
7812
3164
8509
384
2274
8305
8970
5610
7538
6985
7809
7968
5674
3832
6275
2954
5247
7885
3588
8903
3152
5395
4848
9055
8092
8995
5605
7043
626
8967
7169
406
3411
5353
8457
9621
9142
3418
2450
3217
3528
1535
9968
4398
2413
5894
2313
3251
3911
374
853
3810
3106
6484
8405
2098
3418
3506
3212
9575
3114
7042
9102
4116
3506
9224
5540
3046
1508
8733
1337
2577
8443
4960
2917
6329
4152
9751
7843
1335
7290
7891
8448
3195
6441
8113
7651
6944
256
6541
8819
3451
8357
1809
4650
5117
9477
6571
7188
1816
6705
909
8403
7918
3615
8670
467
9077
8687
6414
5029
8135
9483
1222
4330
2294
4489
1150
5726
285
2400
6856
6206
5713
9477
6265
5623
1750
321
8168
1325
3182
3920
8431
2964
9564
7977
6223
9999
2375
6437
9312
7219
234
2366
6277
9398
3416
5525
1054
1257
3661
4576
6167
240
6575
6622
9438
8314
1427
8872
6978
3601
6172
7127
8758
7744
8671
6044
53
7804
5058
4527
4672
3360
8146
5975
9523
3449
6804
9074
4037
1818
4035
4355
6462
9581
1608
3830
1683
9495
5064
4704
6429
3815
263
7911
7063
8091
1802
3499
9414
6302
9146
9937
5427
9346
7077
4842
3604
9334
5278
7252
9497
772
7828
2332
5089
5690
3169
7503
8189
2146
2313
108
6380
6032
626
4503
5110
6312
2578
5852
1589
2250
5012
5182
4236
683
1957
9020
9931
1745
11
6862
2427
1786
6452
7362
4724
1162
5580
2925
9679
6127
6457
9920
6725
4258
8945
7865
902
4717
203
1043
9845
1411
403
6587
2864
7633
1302
9167
1582
5279
1965
6901
2242
3090
6119
166
7468
8017
9807
5221
4030
8578
6333
6320
3275
2753
936
1410
5643
5532
3305
1346
6300
7870
7723
6027
2307
8150
7246
5513
7632
2403
826
7629
7791
5870
1985
7293
3003
3428
813
3755
1437
9391
3449
8416
466
3648
7548
6837
3354
4123
9839
302
7181
8862
3536
7156
1288
8575
2495
3581
7797
9890
6758
4105
4329
8644
6565
876
7110
5526
763
7331
5089
9929
8017
3973
814
4755
9216
760
2263
28
8531
5292
6523
600
4439
3208
6324
1312
9822
2847
9457
8799
3427
4126
1265
7654
1544
9541
9777
172
1388
3776
9037
4118
2760
9697
243
2783
5688
284
3573
6708
2855
1359
4028
1502
3267
9291
8266
9309
1311
8515
7688
4686
8327
5088
798
2297
3854
2430
8257
1449
308
7623
6038
6424
3876
2602
5701
6743
3369
9384
9048
871
1968
7163
7011
3591
4504
2611
2430
8474
2710
5405
382
2308
1653
6194
162
2113
555
5306
6888
1362
9223
6636
7183
2213
5303
2755
4056
9599
2821
3278
7046
633
6881
420
3556
3173
8138
6353
2245
2299
4022
2130
9207
4196
8834
5945
2993
3266
1763
7886
107
9610
3354
7378
2445
1343
21
8048
3280
9036
6499
9955
2768
1374
4528
7102
7187
6988
3662
5036
1203
9011
1556
1973
8231
3730
5264
377
6080
2943
5897
1500
5871
1621
7344
4222
4772
7787
1140
1174
449
2945
4868
9706
9676
3129
3423
3901
852
5760
631
5398
3739
1880
4324
5001
8514
6547
4693
3061
5090
2430
9330
1625
4022
9368
6877
5507
3335
733
4470
4967
7311
6739
4526
3688
654
3920
4515
4454
8779
1446
442
8756
1586
3677
6490
7700
7532
6571
6165
322
5948
4322
1186
5210
6966
3270
4997
5975
1146
6985
4545
89
94
789
2820
4961
9257
22
8096
3292
1420
3649
3593
9722
4715
3605
8762
9370
6457
8493
1906
3620
3170
9486
6060
4754
4337
403
3197
5275
1010
9571
6711
1886
6882
5228
3770
2200
5442
5822
6025
5443
5307
1622
1818
1099
4795
9205
2999
2397
6861
3933
6482
926
4791
8984
7430
4485
9981
9332
5448
1942
9491
351
780
1356
2751
3931
7540
7778
429
1566
835
2815
4364
840
5824
7724
7957
722
1302
4706
4204
3232
6888
8789
7088
8434
1682
6807
5628
7597
5115
2618
5440
2352
2646
6
8009
326
4039
2979
2268
9736
2850
6228
5187
7868
1424
128
1838
6798
1019
4318
8171
9033
265
3388
8464
1937
5541
4620
5124
2992
8456
2028
317
7180
151
448
1493
8866
1958
3934
5270
4737
666
2470
948
5333
8572
6332
7338
8990
3290
1492
8844
5500
1735
5112
6907
4793
4115
2025
4408
5876
4661
7391
368
7429
5988
8319
2373
7378
8981
8472
8237
4989
463
7818
6691
3303
2442
2516
3836
6790
7638
280
7844
3918
2440
5645
6487
3071
4223
9008
2043
7834
7061
7225
5866
7953
2145
7093
9726
7786
2281
8965
4677
896
5028
1170
6772
4423
1054
6284
6296
4986
7141
8606
4487
6626
4176
3167
2949
84
6463
2887
4563
2328
7229
9051
5058
2130
8674
7880
6148
5007
8165
7976
6547
3470
7151
1892
9228
3688
1290
4343
1363
9773
5305
8570
8666
6397
2337
4657
9308
9855
2549
5361
5187
882
6479
1628
5289
9565
362
1291
7244
3269
5661
5446
1595
4363
8130
6195
397
1855
1476
6425
1697
4501
9878
3520
2399
8738
4657
7128
397
2755
5046
1858
8174
3818
7681
9598
5878
2567
430
514
8808
1551
7494
1251
9776
5483
3361
3891
6476
4559
8687
5384
8357
8629
6354
6293
2700
5989
8115
4199
2959
4612
6021
1086
5610
4791
9063
3606
58
4994
2130
3889
4478
7393
4994
9426
7862
3793
6690
2617
2749
1292
2624
822
5075
8208
5007
9628
3923
7051
7180
5251
2932
9893
6328
6745
890
9034
6307
2023
9740
1523
4666
8556
9184
9695
9463
8584
4883
7459
71
7015
3141
1979
2458
2552
1520
3227
1155
456
3321
8087
1166
8032
8144
5388
33
9576
3570
6233
427
8822
3678
7645
7962
3607
1316
7310
4761
2233
7512
6227
117
7283
4870
703
7409
7585
9264
7291
7056
4607
8787
6846
2799
322
3752
7275
4069
9678
6454
2520
7570
6023
340
4550
2565
1735
6092
1090
5402
5288
3723
2343
6304
9839
8021
7853
9481
3302
1462
6994
5402
1733
8035
7267
6018
2220
5775
3160
456
6462
9450
3561
5421
397
9731
3793
9344
6607
2238
7133
3184
6842
7200
7457
2540
9249
6439
8600
1686
1451
5927
6341
6087
5116
9855
7579
396
194
1034
2901
1725
1582
258
2195
9774
4621
9774
6977
9855
6035
2572
8214
3902
4531
1770
2774
9325
6732
8126
5204
3021
9139
278
1672
7385
5481
9626
5033
7504
6474
8829
887
3514
434
4530
8903
8651
7403
9898
508
7318
9927
604
7086
713
3398
382
6138
6694
53
6160
2950
5281
8083
1304
5407
6773
4145
3255
8849
242
8182
3483
6978
9537
2988
6510
6027
8344
3466
3771
5476
968
5103
1984
2699
3939
3656
4911
3297
3980
5406
6271
8961
7447
8959
5456
1118
2511
5575
796
8600
6950
8299
5112
4426
4551
2257
9146
7523
6055
6031
4644
6270
3850
6527
8318
8161
6706
3756
7810
575
483
3261
7649
9242
273
7530
4627
4713
267
8479
4012
113
2001
9068
313
9171
4288
6678
2794
562
7310
6574
1610
543
3040
9996
6777
4435
6074
600
7291
5368
1070
2804
7832
4004
7381
9785
4692
595
2396
9005
9850
9520
4822
4398
5538
6112
5135
2830
3522
7276
1712
9786
7648
1673
7774
1369
9237
2149
2573
3293
2588
4527
5395
6569
3402
4867
7495
7648
4872
290
9559
1525
5292
2938
5529
1317
9574
3111
6329
9373
8118
3877
3474
8392
8586
8001
1896
4297
53
1707
6449
3922
4524
442
1220
2719
9354
4940
2361
4770
8915
3336
8512
5180
3509
7939
6974
7460
4122
5611
7298
375
458
6147
6646
2476
4670
4555
5153
7458
3359
4474
8393
105
9789
1355
8534
7642
8859
7123
5697
3844
4520
8763
475
1652
9513
1597
3530
8560
5361
7231
1166
7152
4706
6887
3362
2185
2221
4250
4222
2856
6166
2134
7114
9159
4179
3160
9660
7023
3475
8810
6050
3866
1627
8013
1211
6003
1707
3983
3584
9389
7136
7208
6113
8556
691
8935
3945
3060
4270
8884
1635
5517
7470
1586
2342
9455
4147
8003
5564
864
85
4951
8929
7159
5425
211
2502
6844
1169
9034
2292
9982
4314
9339
2894
5312
6111
5414
6512
5809
9378
6892
5380
6966
5867
34
4547
679
1761
7201
3688
643
7477
1150
9072
6352
6462
6177
7086
8755
4942
4660
875
4504
468
6954
5754
3615
6459
3913
6554
4931
4976
5365
8292
2792
337
5483
2916
2096
688
2727
8213
4058
4118
6882
8469
297
8997
3835
9720
8508
7062
7392
1576
1743
3841
1978
9369
1021
2587
4131
9659
975
3354
8965
4345
4934
3316
7424
1806
7153
3013
2999
5623
7323
4622
7815
8163
1573
5643
7909
5223
7179
7245
6259
2815
3654
5062
3663
8367
7950
3284
7689
7863
4345
2292
3902
3909
9012
2344
7525
996
4188
3299
9142
1746
1530
1184
5538
5679
4825
8355
8179
8993
4309
951
3104
2709
4722
6663
1533
6527
3238
1032
8701
8195
852
4579
7877
509
4486
3057
5919
1578
5238
8078
9063
3977
5481
3584
2870
6364
4104
6657
9320
9096
9709
5352
7532
3724
6534
7047
4232
4783
2729
2653
7334
1330
4357
394
4270
8180
8912
7107
2081
6596
2850
2588
1184
4289
4493
8754
6455
4814
9032
8571
9434
833
5558
1956
1946
2058
4120
5450
1763
913
6252
421
7893
6776
7503
3182
5934
5984
6102
610
1312
6503
5925
5630
5988
6350
5787
8906
7642
5753
906
7010
1788
9232
6966
9855
7566
851
9386
7701
9988
618
2353
9141
6129
6537
9543
9203
6758
291
6365
5634
7567
8294
9795
875
8982
3428
9589
8284
7123
6754
1413
6061
8081
6712
1057
7389
6893
9
7136
140
5677
4877
3182
8034
251
714
7665
9756
4733
578
9016
2215
5539
2293
2751
5204
8780
7830
2497
1308
2324
9468
2907
7309
1278
5983
5465
3491
1738
3394
9135
4466
7604
6928
6182
462
217
638
9057
606
70
7584
9547
9765
5567
2616
5870
7280
2936
6410
1954
6510
9508
8235
4129
649
2663
8103
4419
9331
410
8145
4395
6155
3595
6341
6877
6719
4382
6650
5658
4204
7525
7683
954
7248
9431
7988
1860
5857
4448
2194
157
7270
7668
3555
7498
547
3057
6725
5988
3170
3168
2314
7512
1916
9031
17
1175
6408
767
1648
6817
5466
3789
6909
3369
5453
2752
2588
1109
9131
6822
7619
148
360
1738
7401
8188
6783
2718
8317
6095
2932
481
9106
4985
7193
2253
5816
649
3884
2047
7526
3689
2925
8132
5667
9612
2494
4621
7253
148
3971
6159
9296
4860
3864
6649
8928
184
7010
947
4098
2760
2798
495
2124
2419
4469
2351
6621
8149
1537
6099
2655
7207
3561
9052
3225
936
8840
3714
8945
4741
6988
7343
8847
1994
8315
694
2972
2373
4719
1667
665
9811
1170
2017
1004
7817
5269
9282
8934
3697
3290
5678
5088
7535
4897
8779
7347
1391
2735
6356
8694
3502
7387
2650
8098
6433
5571
692
578
5253
9035
340
8678
5412
1717
2104
1575
1168
4716
2714
1893
2592
5130
9188
8699
3573
2410
1891
7364
7799
4200
9175
7799
2481
2468
5412
3998
2149
6197
8216
2565
8493
5322
2521
1181
5471
4972
4714
48
3900
1679
490
5295
4614
2215
5050
1270
9484
7031
841
1441
6579
9557
878
745
418
4090
560
1415
2458
117
5861
3113
5600
5855
6453
8098
5513
8409
2075
9979
5441
9713
6776
9111
39
4756
803
3749
3849
6205
2081
2814
6183
2652
6989
5439
9302
497
1172
1184
4356
5768
927
978
243
367
6238
5896
8373
8849
5342
428
5058
8871
5223
4579
4040
5077
9460
3338
1375
3968
7199
2927
7207
5647
4520
157
6657
8159
2018
639
392
1584
907
7205
1578
5709
2806
5188
5766
9817
695
4312
7284
4788
8170
437
8715
9806
1536
347
9939
5650
8311
4360
9176
6515
7716
7815
1255
6261
7104
2902
4488
578
9212
2101
280
1869
9123
8090
9330
7443
3771
530
7082
2285
5462
3570
7286
5122
683
6283
8425
6074
1165
8076
4877
9885
213
6001
5147
3929
6096
4202
1658
1715
6231
2486
6291
629
4951
8926
3773
5109
7773
5470
5897
8950
8352
3854
5788
5127
5818
2879
7060
1418
6148
336
1369
6208
4621
4464
1826
5631
6631
2654
2737
4501
8863
2669
5500
5158
2199
7395
3017
1089
1681
8289
8389
8642
3962
9628
5169
3520
624
601
441
8358
5250
5816
1378
3471
2995
3639
2464
122
7274
7768
8289
1198
8217
1229
6266
1318
775
6159
1291
8589
4028
2733
4513
5925
2953
5746
8185
2737
370
5391
3052
2163
4089
9448
8523
8176
9304
9819
1112
287
9995
9658
6718
1296
1879
9642
4047
5433
7723
5220
2616
5132
2178
6520
530
8660
3281
7650
4808
6526
9747
1109
3824
7589
2735
9059
2936
8725
98
8655
2447
7585
8719
5337
605
6449
4608
3064
335
9171
8759
6263
2531
8929
2581
9014
2652
8691
7158
7905
4323
9035
7207
4925
3194
7919
2406
8494
846
5508
6229
4359
3065
9973
1978
1881
896
3075
1701
4844
3360
9014
7550
2027
9984
962
315
9161
1379
2581
7628
770
4988
5452
5603
2893
8254
2086
2851
5181
3471
560
7348
3591
1673
783
2575
3150
3917
1772
7964
9545
6724
2969
6454
3750
6995
1202
2168
5383
8474
4095
4823
5451
393
2933
3099
7512
8639
5469
1962
3716
2721
5804
9235
1395
5540
8497
4068
7979
8807
8046
3129
1459
8063
9966
8770
8234
4832
5268
8191
5716
2869
244
8186
8334
9725
5659
6737
1011
3218
7016
1471
2823
1607
5342
6598
3712
3133
6418
1420
2613
7090
8911
7327
7983
6455
8265
4213
3804
5132
6046
6804
4498
8266
7448
1083
7552
2972
3952
747
5088
4811
3565
2182
6697
1461
8201
2482
7345
3017
2404
8602
4864
658
6338
322
9552
3486
335
9428
9664
4009
1139
8236
1079
9659
3841
4076
6533
4506
4697
9389
1909
6525
6013
9875
5951
2111
1489
5723
1915
2588
4859
372
7792
4715
7386
4439
5130
2264
2132
1844
7657
1117
823
7178
8710
620
5328
6947
3521
3484
9466
4538
6965
2605
3647
3450
1181
6969
9418
548
2096
4826
7852
2748
9704
9138
3085
6657
1681
9962
7787
9511
6620
6155
1838
3651
2755
8691
7932
3154
1847
1684
6775
6870
8597
6303
9236
910
9783
8376
968
6929
2662
4070
9771
6727
2862
6553
3982
9940
7306
184
5304
4162
9006
3975
8844
5786
4499
5986
7399
8318
4412
872
981
1782
5864
8614
9715
5957
801
4206
7071
5783
2049
629
7467
3529
1076
726
1617
1845
2952
758
2128
5785
7520
7269
9141
5411
2505
621
501
4795
6212
2187
5430
7149
242
391
4925
9585
3966
2033
3602
457
5075
9002
5825
1190
4254
2476
6793
2359
495
6631
7943
2176
2153
9481
2221
147
9577
9833
7387
2285
1891
5057
8607
287
3911
3557
7225
6759
6771
9140
3079
9291
2306
2234
2688
3634
82
8735
124
3615
1155
8320
5712
9195
732
1784
3528
5469
8087
2026
1964
1576
5932
4494
757
7697
4572
1110
2937
108
5732
6315
9457
9186
8689
1641
1100
3793
8050
5492
9245
1536
5001
9109
7120
7757
1068
3925
5754
5174
88
5924
2269
3504
3413
9670
2810
5895
6852
1628
1953
1266
1092
3978
8805
9170
9652
7258
1499
8263
2388
7389
9376
9359
532
4025
8138
3292
1790
3603
4343
9105
9439
3242
8994
9289
2320
6414
2020
4899
7539
939
2710
2894
4905
8438
4965
5101
4720
3666
9326
2487
1114
3103
8665
9439
4665
3233
755
2058
8534
4312
6067
2802
6832
353
8590
3254
3858
7336
8949
7403
5517
744
9900
4820
9717
8593
1094
7897
2104
4645
9900
55
1160
1151
4044
6932
906
2480
7534
749
9767
1704
6274
1838
3184
9693
8997
573
7838
8586
4003
9779
5655
999
3094
6136
2525
6545
6188
5722
944
2391
4102
9001
5028
4864
1181
2707
6045
3499
2464
2951
6086
2069
8264
1592
2402
2993
1708
7520
8890
9639
1664
4990
7268
6428
4328
7902
2981
2985
3835
8755
1821
4619
1459
2227
8224
7926
4816
7183
4213
3222
2620
8077
9144
8404
3225
9957
9690
9666
231
6628
5864
3491
5090
6528
8425
8554
9431
6393
4032
2157
1367
2392
3842
8933
261
1143
3521
965
1305
7052
4871
2133
1783
4324
4046
6826
6889
1832
172
659
297
7054
4765
8819
4891
6014
3880
2934
8311
2239
4243
1473
6772
446
131
6027
6016
7210
7883
9394
732
2927
9109
5899
2036
446
1519
7738
2973
5605
3053
4762
4583
6320
1357
1721
1793
59
2503
8131
6155
226
6066
7994
8711
3944
5300
5551
7081
7648
9042
6207
9470
6220
1637
9789
5432
5344
574
7480
9815
6961
4208
5784
3764
2687
3515
4027
6311
9852
3865
4486
72
5944
9441
1450
6994
6283
3210
2709
5651
669
7193
4962
2177
4246
2027
4606
7415
2685
9310
9192
4620
1839
2681
9492
3028
7951
2444
6459
1360
9060
2307
6387
1105
2963
532
1303
2522
9513
6583
1987
4307
3253
4837
6766
6138
913
2585
7171
8420
5227
8932
510
8321
9556
893
8704
1277
7220
9989
6735
3650
7287
8535
2702
4523
9688
2958
8580
9572
6041
6098
779
6973
1964
666
2167
7741
8337
901
5024
7235
5933
2116
9662
9672
9539
5103
3553
7536
4657
6567
3338
832
1722
1403
7754
9001
1211
5109
8101
2002
3213
2268
977
6244
3606
7004
5985
3998
8635
770
7561
2537
678
9313
1917
5510
9168
659
858
1012
2556
7097
4225
8254
7168
3443
9643
1376
6368
6299
6430
1818
1561
6683
5051
2557
9047
5071
688
6338
9347
2517
1393
7130
4108
8465
3614
6720
7936
1021
5952
9291
2600
2942
3094
3359
3326
8593
5591
5827
6155
900
7379
2718
3233
7922
75
2299
6626
8262
7433
1067
5388
7921
2956
2121
5185
5222
1012
6456
8247
4274
9847
9241
2472
89
4110
505
5863
8971
5312
5799
5456
8486
7960
8451
3130
2357
6261
3298
4397
550
9038
4942
986
3594
1824
7451
1435
4949
5909
1636
6055
8005
1811
1475
4530
7823
8782
9903
5679
9364
2491
9536
9779
3827
3522
5470
5640
8569
4382
9255
1946
1011
8053
8352
33
36
2079
1539
1932
7938
533
9254
2742
6266
6215
1276
3464
4564
5065
9685
203
2657
3339
2817
4488
9264
2516
6738
5966
3121
7562
1550
9982
9953
6753
7123
4534
9011
2638
3510
5337
1680
150
1380
8712
3013
6552
2025
1567
1499
8371
1967
4638
8260
8661
6254
8098
5985
8690
4178
7056
2657
8445
9994
5981
9283
3046
2077
7821
6604
1040
6423
7622
9316
4957
6993
7152
3979
3033
7918
155
7034
3168
9457
6061
2547
1245
8028
1591
5914
5488
7124
4770
6413
1674
4480
8539
4479
7496
720
5049
130
5370
1323
3895
4066
3327
4128
8834
6911
2639
5534
480
8083
2836
1471
427
9458
5814
3759
9209
622
8002
6442
8521
586
2566
4883
2252
8087
1659
2226
2926
5194
9520
1221
864
1726
7039
2519
1411
1062
3694
1869
8914
3003
6340
3197
412
1347
7957
2890
6093
35
2540
7498
3929
9339
149
8088
8596
1183
2132
1845
3073
2135
4821
6970
5156
2796
3281
7608
8934
1522
9241
6881
5397
7973
5170
4367
9813
3660
9262
7617
9287
8971
99
1495
5
4148
6522
5971
3687
2717
9430
7535
6501
7084
558
9421
521
4431
9705
3993
1407
921
4133
4123
5085
2999
9684
2121
2553
4304
9540
8201
988
778
4746
4708
8353
7082
2346
5095
281
7747
6357
1682
4430
8768
8831
5107
1826
2972
4235
3885
9843
2318
1734
9553
7853
4067
6653
3279
1773
7796
5388
6486
574
3398
2260
2583
3249
2288
1352
8312
5709
2630
7557
1268
5633
36
7611
7519
514
3591
8060
7832
3238
5814
9743
8551
7483
9646
1745
7973
7172
4234
3946
5675
6305
1569
7335
6995
9147
602
8281
4427
5817
5450
3834
5016
7409
2318
1671
966
3342
8628
8782
7630
3882
1892
4005
2864
3977
6860
4036
4704
2435
3736
161
8317
1083
8769
7383
9452
8240
2364
8545
3283
367
7987
6968
4386
7683
4801
7111
5308
811
8583
6759
6082
9062
7532
9420
5649
8397
4705
859
8386
6444
8529
4918
1487
703
6103
1254
4630
7222
1467
8612
3637
805
229
116
1557
730
7474
3886
1636
1451
8147
6186
7194
4603
6226
5319
8445
825
2480
3048
1712
7158
634
189
2886
2529
8362
4569
7141
5040
7738
5413
6325
7597
2643
464
439
6602
1603
9105
1538
4995
4765
187
8489
6831
9131
3355
3417
8962
7022
4049
7742
6690
598
3161
8725
5716
4189
5493
3228
5251
9485
5529
4806
3708
4770
7602
7243
2552
7722
3859
828
4103
5193
2542
4835
4486
6345
3500
7528
6332
2447
2937
5681
4471
1945
5759
5233
9150
3411
3341
7457
3026
4504
6099
5597
6582
5222
7661
565
3560
5642
5290
3331
1323
1627
7063
748
7154
3923
9853
2927
987
7751
7908
8011
7830
8567
4770
62
929
385
6821
8919
4993
6656
3752
3245
8143
6930
469
6441
268
5496
9479
9149
6499
9606
2667
1368
5561
3706
2675
1026
2067
6105
6262
2577
917
1349
2904
5551
162
2603
6049
7842
4549
3608
4316
7083
9787
1228
8014
2906
2378
9991
5121
2846
9282
9135
6093
1099
8367
7140
354
1972
7800
2827
4852
1432
2679
7734
2338
7432
9237
9908
3125
9014
9186
8389
6898
6170
1485
3526
7677
478
7686
1339
5178
9881
8574
6506
3968
3625
3527
3668
2877
8633
9470
1391
5264
3810
7761
3358
9079
8910
4062
8034
1205
1960
5050
4809
9695
5070
2491
5941
8532
8488
2931
216
5671
5683
6121
8651
7930
8646
2517
6750
9017
4214
6008
3657
7584
8581
2822
7441
4393
6533
5601
2743
3894
6170
8931
2106
3815
525
5208
5165
1609
4508
2997
4931
9884
3775
9753
4422
9215
1878
7358
5415
1369
3439
8076
847
8070
8931
6715
244
7997
4272
3842
2888
3131
1201
8545
3452
6942
7193
5943
9169
2271
7054
5569
9919
8620
5730
3472
8398
8881
9886
2262
4241
5923
5607
7356
1428
3528
1122
3379
3466
3735
211
3189
9481
1864
1825
2823
7457
5959
1590
4494
1863
2906
5026
490
7968
4124
7471
6371
9864
341
5472
8079
9955
1368
4738
878
1515
2298
68
1170
2584
8890
9683
6638
8269
8049
8990
4153
3423
358
7673
479
6449
2334
4764
5525
6362
4639
7275
7462
4312
2928
2497
5967
5374
6591
1717
420
9609
3822
7103
1517
1312
6811
1012
2192
5497
730
9484
2508
7689
961
2629
6751
2404
6335
2209
8581
530
7098
2954
6493
1874
3173
5717
9258
5512
1546
8932
9779
6417
5785
5510
1047
712
7757
2169
6305
2
8263
6816
7875
2099
4826
4191
3202
7379
434
6323
4574
9595
7745
3439
7164
8281
4552
992
5490
1028
2542
8674
4287
9145
1456
8236
2229
6771
6709
9223
3203
377
1325
4444
7283
8034
5477
858
4812
2724
1098
7495
1461
7673
6424
9550
9975
5587
6573
5111
9358
5590
2927
516
7372
739
2966
1495
3962
8982
2103
8401
1243
933
5486
2117
8239
7017
4856
8363
1169
409
2714
2737
3613
2609
2322
6460
6530
3522
3400
7740
5807
6130
1696
2317
5726
2788
206
4314
7722
1043
2470
6300
7854
265
9392
8080
7835
4316
9637
3382
6453
8855
2168
2213
5307
7622
7972
5213
6993
7786
8989
2996
5003
6061
7509
3042
9625
672
7423
8440
1082
7152
2120
9115
4206
4024
6022
5327
4492
5343
1040
9022
4540
1234
5544
5272
8850
3228
9297
5252
7367
993
1761
4084
5558
4090
2516
966
3744
347
954
5959
429
2177
3902
6499
7664
1943
3460
6567
9957
9639
9007
392
5641
7133
8780
6988
3638
8295
8382
3989
2634
7705
1319
254
5155
9646
2399
990
9481
5880
1844
9146
9175
120
1839
5255
184
1065
3086
6749
1242
487
7284
7223
2402
9405
3161
6790
8092
1500
6879
213
1340
7544
5522
488
1206
8491
1771
6398
9526
2013
3378
6277
5165
8363
2717
4012
1914
5940
4569
1587
8224
7395
8163
2111
9417
6263
2996
3131
3463
1918
8487
7240
5362
6159
6088
2196
8900
9415
7547
1609
4077
2060
3350
6844
5459
7485
3900
6918
5209
8538
7463
3663
3067
688
5426
406
1396
7613
2592
8477
3228
5297
3019
2609
5585
9557
7117
7592
4816
2998
2260
4787
1872
2729
3158
9075
3020
9443
5522
9127
2907
1616
4078
8163
6126
1665
4354
6525
4613
9347
961
7521
8814
2426
3999
8469
7211
7357
4035
1430
1454
506
4410
9553
4756
6986
1621
3342
5244
8751
3473
5910
5251
6266
3537
1733
1917
9338
7946
170
8897
6463
2171
3004
1041
348
4326
1207
1125
2922
4655
2772
1923
3929
8753
4918
5309
9233
87
5985
6280
7431
6782
6245
8372
4796
5220
5304
7916
1103
6668
5313
4668
3187
6946
2992
3306
139
5349
1772
6643
4321
6870
7173
3779
7206
8220
3255
5167
8548
2401
4432
9427
8367
2140
984
5891
7801
6235
9343
1664
8917
3469
22
634
9236
1930
2131
3996
4955
5888
2535
3017
8502
6699
5724
192
8341
1183
6488
4654
7060
4261
8271
497
1609
928
8213
309
3735
9083
6608
3277
5759
5985
9883
2767
5782
5480
7863
3612
5457
5610
4845
7866
7117
9330
5343
3104
4731
6704
444
5806
2616
153
4322
7607
7211
4462
5869
4812
2792
5238
14
3686
7729
1291
6855
287
4844
302
1698
6397
9152
2824
3937
4236
3929
4159
3201
8167
2075
2417
8248
1299
5763
4255
365
2056
56
8905
9814
8397
465
4338
8140
7343
8192
5968
892
4941
1100
2626
6263
5731
8060
4862
5608
3761
5503
118
6053
5320
9081
2294
8223
4881
1016
7981
3812
3753
7701
9222
916
1532
4597
8338
5728
5117
5663
3299
5934
5279
4408
6327
4697
6051
3002
5583
3766
6703
3603
4060
3713
9399
8714
3269
4486
8651
3276
2438
3499
2189
8324
8457
8522
1485
8458
8698
9101
835
3874
5785
5154
7863
4757
1825
5838
4752
5261
1824
4334
9720
8985
5779
120
9081
4160
9968
4880
2791
7699
3871
198
4792
747
5925
2013
8068
7186
174
4823
4373
9101
8438
9611
3611
6038
885
4441
2383
5817
7909
852
642
3252
6097
5854
6673
7697
3851
3234
3895
1072
6730
122
831
9149
4383
624
6468
4978
4114
3282
2856
4261
94
8879
8237
6017
9701
8141
243
194
8161
4797
2863
1290
761
2839
20
8049
1276
5439
9408
9353
9725
1737
8102
799
5162
9464
9555
9165
123
5378
7583
4861
2804
6015
6066
8648
727
5808
4385
8045
4777
6525
8372
9869
9983
9415
661
6866
8661
1740
5254
6704
4090
1112
5167
2948
5116
7448
3492
3273
5467
1562
6367
8889
61
7217
2415
9888
2782
2629
2428
2941
993
4583
3237
9538
3927
3266
4920
5594
9418
3532
4029
3402
4839
8555
7328
4624
583
9669
9434
6968
9208
3040
4171
5982
4172
7705
7574
3149
2478
2944
2312
9606
4076
6719
6310
6332
5589
4587
8674
5100
6097
2036
5577
4427
5047
8503
7197
2999
9391
8850
3818
5807
1237
9783
1991
8511
3286
1210
1260
7299
7835
9813
2922
6892
8207
5355
7562
5953
9630
7112
2214
6509
6988
9591
2590
7734
5006
7054
6297
7358
9193
3124
3785
5298
7110
9891
9576
5728
9327
3129
1236
7141
249
3272
2997
2660
5421
1356
1527
8579
4949
7613
9737
4928
9839
938
4128
3216
5361
6278
4920
4120
3705
7487
6857
5573
1311
7528
1666
4421
5707
921
7940
1720
5948
733
8269
753
4556
6745
368
2503
1453
9612
8926
8841
31
4545
7683
9582
514
5345
8415
9337
4339
6038
95
5787
7253
4090
9959
7907
413
7103
575
7936
521
9720
8775
5416
3661
1923
6520
2049
5980
3690
4217
2396
9376
6495
1994
8273
7783
5733
2673
1429
9866
9661
5391
6553
298
5118
1437
717
8873
4206
8264
3873
9155
45
2503
8619
551
5745
1445
7140
7814
235
5695
7949
9510
5368
5707
720
7891
1364
3347
5857
8643
153
2477
8323
8340
9622
7688
807
6789
3147
2677
2719
4414
5616
1919
368
2220
788
9353
4326
8077
1619
6131
4209
8612
9809
9352
7213
138
1876
5079
3680
6161
5070
2540
5101
6342
7863
3419
2741
8147
9913
2056
3821
9038
5557
6965
4618
9569
9715
8809
7561
8470
5622
8250
43
3535
8718
9655
8174
9856
4599
948
2183
2458
1727
498
586
7620
3301
5978
1228
6855
8493
4966
2448
2503
6032
797
6286
8426
9664
3897
2466
5894
3128
6487
6720
3627
3314
4458
7989
665
1427
3676
4664
8495
2993
1522
7632
8962
1236
9466
1983
1799
5642
7204
2092
8013
5845
2938
3054
330
3007
8797
2916
64
590
9790
2978
3355
66
1734
7590
650
618
9763
4185
3223
6695
8927
8497
8837
6217
798
9298
5381
6485
1124
197
7029
1800
6128
7329
5973
6277
1801
8405
7704
282
5524
2183
1348
5361
4623
8663
2517
98
9981
4717
3380
3990
2671
2882
4159
3302
3067
4586
5622
4658
971
8062
5985
669
9636
6632
1233
1797
2737
2919
2690
5585
1452
2435
2825
1988
3385
8474
2272
974
5487
9769
7499
8769
3796
8518
9078
8096
5444
682
9853
8820
7789
7820
5015
792
6265
3208
1136
4660
3609
7167
4530
7448
8827
7688
9135
1134
2440
4452
9982
2545
1245
4895
895
8733
9491
6019
5965
4412
5789
8070
2911
879
5870
9251
5338
7710
420
5718
199
6182
8869
5153
3612
2353
2868
76
8106
532
3376
6681
4467
1313
2233
5797
8501
8317
8560
8043
1256
3276
2507
6867
2335
8824
9601
2471
414
4705
7976
8373
7049
4462
3496
449
7621
1473
5035
530
6094
953
340
1085
7507
4049
4394
3951
9505
8822
5743
9075
3371
5109
8289
723
2659
7619
7388
6124
9416
7510
4505
9338
6235
9537
5304
6818
7423
4029
7285
607
8014
3442
8698
6883
1842
4053
1873
6879
7255
3099
4692
6815
4666
2300
6627
8252
7645
7411
8673
6853
1754
1217
3548
2104
4449
6706
2215
3945
8592
9127
7302
5317
2718
9362
5125
9201
5989
3233
9956
6091
7194
7441
6019
3234
8169
4947
3990
6498
545
8044
7094
503
8394
6631
4052
3427
3807
6085
9306
7514
6171
6277
7472
7162
948
7534
24
1481
7439
1961
2535
2230
1950
8971
1424
9137
7405
4304
3694
855
4325
9940
2269
8502
7050
3546
6102
4111
8728
6815
1766
8169
2245
8153
6601
4817
1330
3370
1512
3999
8083
7456
1485
6133
809
1054
62
145
1945
325
5566
7169
715
9388
8539
3014
5936
2528
9461
9184
6224
1140
3837
6457
4048
9209
7253
9375
8957
504
5241
297
8967
2652
1658
2634
3629
3390
995
2531
9697
6792
2714
2979
4647
347
3285
5514
8687
779
5813
8219
5197
3959
7460
8544
5825
183
9479
8887
5656
5247
2144
2409
3615
8176
1298
8267
9966
2830
3409
2382
9385
9724
6790
1762
3998
3346
5837
3319
540
7585
3819
2211
9137
7789
2303
2496
5693
9401
9235
4109
8248
5537
9439
4964
8797
8464
2666
7372
66
7938
4686
5
9893
1604
9543
96
5524
776
568
6705
8393
7364
2458
9789
7024
8602
9953
4398
3671
9970
9534
8901
6737
1651
1194
910
4006
1808
4438
2911
923
8863
8940
5771
1561
6070
849
2291
3405
9406
4090
4924
7659
2298
4487
1740
2096
5312
3280
7741
2707
9173
9931
3588
7782
1416
6743
7739
127
3716
7961
4762
4222
9065
5296
2293
7866
4757
583
7935
1276
9291
2166
5516
2055
805
1701
5811
6915
4614
8063
6291
1941
3768
6990
9453
1628
7300
9721
3583
8571
4209
8935
8240
414
8835
5694
8839
2010
6500
4013
6902
9574
1665
7090
8052
1936
1947
7609
6185
1981
4046
9793
4818
7425
3950
3900
4308
9847
8828
5652
1229
5150
8297
8357
4566
9008
5138
7834
2900
1887
3289
5624
1886
14
5924
8417
9289
170
4735
3926
9567
2276
7708
