6744
5545
9121
9721
2565
5861
3887
2055
6737
7489
439
2930
2023
2075
8478
3356
8831
6053
781
626
2135
3364
749
8282
9917
5351
7710
3877
6166
3988
8629
1444
1294
4046
8032
2246
6172
8707
6711
6607
7777
290
6337
7221
9661
8665
7648
8244
5071
8877
9178
5841
6439
3379
2389
2364
5321
7403
942
7470
976
5564
8677
4482
9468
6602
7449
6176
8185
5588
8876
5652
3534
5258
9522
3310
2607
5468
3500
2354
2655
1166
7563
9791
4390
1816
8851
5181
8971
169
2014
9535
7294
1707
6809
1352
3285
5441
1023
2635
7152
3165
8000
6106
5579
159
9422
4736
144
472
7812
1482
4038
1357
9635
3903
6122
7126
3195
1105
3080
5078
4898
9036
8822
4037
3812
1515
5069
1704
9671
458
3781
8578
8409
229
3628
2660
7256
5120
1347
9377
5118
3984
2678
7260
3640
6150
7525
7202
2177
8028
1123
4228
5791
4344
8842
8765
4810
2862
6761
242
3668
2945
2748
5751
2922
842
7654
958
9541
1089
2846
1130
2621
280
1395
7410
8107
1880
7212
3825
8714
802
6817
6922
8841
3447
8256
3512
319
2644
8365
8499
956
9989
3161
5200
8679
3163
3837
7200
4265
7112
3331
3240
6837
8086
4545
9024
7299
8231
2355
5045
4568
9768
3253
25
8980
2383
5866
1978
1287
3539
8299
1728
5360
2122
1391
800
9508
5357
1331
2958
2248
8392
6087
5855
8779
3694
5717
5244
5714
314
4031
2738
3457
6880
2947
4007
6515
6289
2877
183
4279
4525
4777
3100
8199
8867
2692
5468
1509
9476
1119
7628
6709
6486
9086
5619
2081
2628
4531
745
8781
4739
7665
2686
2616
6927
4400
3751
7883
9635
7069
7042
2657
2312
9083
3931
1683
8197
2346
5560
6943
4629
6610
6175
3428
6758
4044
3831
1565
2573
6381
3915
8839
2086
2304
7931
2769
3641
4159
8557
2623
3529
7406
8273
9675
9463
7044
3266
9353
5827
5606
4183
7685
8786
4450
6026
4523
6667
8581
3440
9202
5931
9402
3767
9190
9432
7551
206
8576
771
805
6109
2996
4086
7508
4630
9320
8477
8888
2163
3724
6306
9997
9711
2522
112
8962
7089
2940
3065
9917
8450
9700
1699
3419
7056
4379
7341
274
6395
6538
1823
1733
9276
9694
7887
4963
7126
2844
7168
9996
4516
4609
9605
9921
370
7540
7748
8551
6328
5035
2341
3560
1345
8087
6153
8966
1082
2077
1384
2636
7653
5953
9235
2803
397
3969
7544
2206
5636
4683
3507
5443
6345
5596
6673
3639
389
3174
8592
6692
3572
1981
4979
8121
6577
3951
1090
6399
7513
8606
7309
8003
2626
9355
7745
7956
2181
3968
5299
2427
6374
5129
6490
34
6084
3904
4137
6323
7756
8821
7066
7582
1064
9382
7302
5126
4645
6993
4400
1416
4722
3235
8849
9241
2372
7755
8014
7228
6902
1952
1207
8796
1806
507
3641
236
7003
163
9858
1705
2586
3299
2756
968
6952
2074
8835
3873
4258
5583
2792
7992
2904
8831
2824
4772
2224
5237
4447
2029
6806
436
3110
487
4849
9156
3587
4437
4257
5334
7504
6156
8869
6390
6580
694
9817
1596
5773
608
8604
2863
8735
1344
4063
8695
533
6070
3466
9437
4326
589
9161
2737
8372
3902
99
455
7166
1458
9483
7440
2102
8786
5999
8112
8220
6893
3358
6145
72
6261
6055
7732
6711
1030
3020
4095
5501
8452
8293
423
1849
4304
1569
2443
7414
6230
3927
1418
893
6310
2859
9075
8136
6542
9101
3671
8690
3904
4139
493
1130
4853
3222
6210
7350
8670
7746
9050
6691
4258
950
2632
5355
601
180
933
880
4899
2435
7265
9780
9878
823
1203
5099
3571
1842
9662
2280
4420
308
9331
4708
5060
6094
2973
3694
6602
6261
8525
8892
3780
2273
6274
9583
4956
8149
9364
373
1369
5561
8622
9815
9365
9363
326
51
9238
2628
7834
3508
8412
8782
8696
5533
2438
7987
8793
2517
3073
9209
1980
8571
4942
9338
4379
4651
1182
4168
2220
2825
2588
9998
9062
7210
3608
6737
7454
1283
3100
5989
1053
5465
3004
2588
5407
5239
7519
7465
3691
5069
2932
9811
3978
8789
9907
6757
2134
8162
8162
8674
8977
9377
8544
5558
4798
3409
9153
7191
7759
879
5831
4650
7645
330
2409
1138
7294
7638
3619
2132
3974
9228
1097
5030
5692
4990
1257
4021
3623
1463
1212
934
7462
3297
3017
8452
2825
5233
6615
1256
9199
7308
6172
8551
8876
6701
8934
2549
4135
9343
6053
2391
654
6612
4356
6006
7926
3496
2386
7200
1810
5392
7185
6520
607
7948
2187
733
8523
8076
7915
1768
5584
6222
4767
2784
7648
2853
1224
7000
7630
4053
123
2967
7975
1915
6872
4984
8683
9946
9364
6680
2268
2736
6901
2140
1378
967
1033
7717
7112
6823
8147
6348
8502
2920
9428
8840
5612
9398
1810
1327
2088
9501
9559
7912
613
3556
265
1630
1440
8662
8769
1969
5559
6667
4027
3431
7441
4021
3945
5904
6452
2646
7635
6535
2871
5855
6479
3828
7028
3411
9193
1822
8601
7115
8335
8910
1116
3026
220
1263
5945
1024
5103
785
6201
6836
3175
7532
8480
7835
7581
9010
3699
8461
1182
4333
6741
3558
4339
2184
9293
6546
3695
9210
9125
8930
9285
6124
6705
2731
7668
9756
9033
8429
7952
2362
1093
5905
7149
2144
9733
4556
5370
5438
7770
6497
5768
9875
4740
3554
6838
632
1017
8134
9739
8310
2159
9926
2446
3288
3734
2514
1909
7659
549
7889
6841
5185
1823
4677
5170
6661
2626
109
1428
6441
1196
4644
2726
9324
9417
1046
3355
7655
1374
4163
1886
3270
2924
3020
6559
740
4225
3867
5604
7215
224
6687
4894
698
91
372
4842
5329
5291
5521
8815
8551
3197
7627
6475
2012
2568
9591
7749
3386
3342
3949
6366
6799
1487
8664
1226
3653
53
938
1700
604
6144
9804
2067
6841
7950
7154
5095
9639
1125
125
3695
3996
3089
1418
5979
7815
6357
6137
1417
6709
5519
7272
5423
3075
4445
2509
2244
1854
5558
978
9530
4614
7559
1803
6251
6753
1978
8035
3824
7340
9924
1972
1000
4444
7612
6246
5467
1058
643
7919
4188
8316
5940
4616
916
6425
3738
384
9344
9301
5928
4425
3657
6530
2249
2304
6652
4471
5109
6203
4598
690
3420
939
6942
842
4946
2721
5167
8304
6583
3853
2992
1795
2
4225
6033
3794
8889
8628
2644
1628
5072
5362
2966
1043
2699
3345
6921
4975
2258
2318
8079
1327
3392
2694
5733
9419
7240
209
9417
5381
5493
9544
6618
797
3099
6855
9083
8276
1919
798
3267
1464
9136
9601
5076
7437
8577
191
2325
1229
8325
6768
751
4375
6069
4536
2336
2835
5232
8440
1280
997
3040
5028
2702
6816
3717
9102
3637
6561
2976
9857
6320
4524
3166
8810
5591
1445
3567
3233
5734
5445
3522
6821
1992
1868
2623
2917
2949
3845
1392
4892
5333
533
1533
6948
4448
2221
7586
7258
5091
7440
2159
5666
753
9006
701
5777
7268
3726
3912
5081
1406
7466
1885
7922
2945
20
545
5538
1510
7767
9739
3519
3326
7368
1055
4412
4179
3915
8648
9616
5594
3282
9490
8900
8040
224
3809
6666
8478
3964
5905
5099
2882
4673
4667
5417
1003
3906
3952
2547
8665
155
6885
5863
846
9794
5051
7521
5677
4941
3914
242
7150
7981
1882
6748
7627
4087
3358
5353
5370
644
9549
9276
2454
2526
6654
5711
700
2475
6399
7595
6496
7878
1522
550
1306
9928
9477
7687
1585
3062
413
1333
9441
3412
974
8557
252
5687
8648
8274
4011
3736
353
5503
9198
277
2908
7032
216
7201
2756
3535
6784
3516
1607
3410
7301
6573
4385
1569
8530
3659
755
1373
1242
1403
4432
3260
2752
5092
9300
1482
4597
4830
6353
7033
3182
1097
3016
4217
8738
6602
9936
8914
6925
8688
7158
6110
3876
9957
962
3156
278
9712
7953
8351
5722
6935
3396
8637
4267
3537
21
4563
5645
5706
7729
526
7290
9952
230
1220
1342
4394
1162
6281
8171
6120
1701
6093
8218
6773
2893
2163
3871
6793
7916
4317
2055
3323
1776
8707
273
2356
9518
3938
2822
3406
2724
6609
1574
476
954
350
9312
8915
2852
471
3678
3334
7559
9765
5851
3567
7637
8819
7458
6217
9559
9340
8084
2971
2486
6482
2614
2303
1349
1259
4244
1056
9679
2454
4406
1489
8985
3820
6910
5387
1267
2353
5098
3327
9664
617
5020
3017
1087
4023
9475
6853
3286
7873
358
7531
3658
9567
2765
1974
9726
370
6764
9635
8069
4162
3325
6037
6581
256
7353
9301
3674
6074
2498
5926
9700
2237
2160
7735
8623
1300
4662
8609
2621
862
2400
7280
2866
9230
6636
6623
6571
4652
5074
7388
2139
9145
6337
4650
4756
703
1607
5477
1966
8247
5788
9777
5112
7332
5564
603
2248
6957
7103
2817
7040
1097
7639
1661
8480
5842
4357
8764
5169
347
2745
1134
8005
5870
7492
9382
4985
9582
2731
6368
2691
6043
9339
7714
2910
1636
7299
5355
6703
7447
1042
1593
9588
7124
9630
9047
8104
9808
7022
4722
2357
8388
5957
9677
6054
645
7515
171
136
7967
6554
4265
6701
3579
9874
7358
2940
992
1689
8138
24
9397
4003
1388
411
1221
9769
4016
623
6027
6649
6485
138
7612
2938
2765
2355
7300
3995
1981
1285
9944
3575
5460
6159
8155
4038
505
4181
9804
8275
6749
8487
3324
3221
1743
8603
5118
3117
8446
9785
9255
4987
8681
5716
9301
9741
4034
768
6732
4038
2514
8468
3035
9766
1014
9406
1134
1931
438
8621
6188
8628
5318
6815
1776
9918
2950
9959
7893
8061
7412
7754
3130
9065
2625
6487
9477
658
7617
6768
52
2849
8796
5306
1838
2252
418
349
4088
4790
1819
4520
4964
5889
4779
2900
5748
400
9733
3171
1612
9630
6071
5733
3605
5573
83
3447
8734
6044
8733
216
9949
5584
2592
4041
3844
6717
3628
9489
5118
5113
7418
4538
1816
8973
3504
4956
7292
5953
191
3571
4681
1107
3241
1727
3359
3892
5857
4024
4550
191
3483
7948
4718
8902
98
807
1168
8619
2472
5694
8548
1753
4728
1496
8940
1388
2647
1417
6750
4147
9001
6380
111
4832
3264
8204
3434
4298
9280
2511
2895
8368
2493
4495
4969
2025
1398
359
9064
7212
7595
4199
5741
8393
6840
7108
100
8371
7206
6927
9003
6107
3991
1968
9729
9418
2672
1359
4778
4810
8995
9918
9487
8498
249
3446
1234
9372
559
1981
3039
532
1128
3601
2941
7935
8480
7412
7988
6742
4480
6484
1529
2621
6157
6981
6965
9796
7019
3933
3508
4042
2991
8603
2361
249
35
1525
5214
2706
4546
3917
56
4134
4083
832
8346
7438
7250
3995
176
4967
5545
5658
8764
9725
3871
8414
6382
979
6999
1513
1467
109
6521
1849
9360
9578
7261
6959
16
1217
4659
3564
3753
7158
7584
8775
9973
2745
5571
7325
1837
5004
5894
869
5559
9487
1472
3551
9216
8298
7543
3208
516
5414
9859
2812
8842
3384
1245
1385
7693
8395
9494
1596
4677
5785
3412
4571
4405
9078
5943
7646
5293
2457
4618
6555
7903
9447
2997
156
6478
3118
4319
7694
355
3035
4769
1945
2586
696
2534
759
4953
9557
5838
99
5488
4018
6498
1504
91
3879
4194
4451
2693
4177
8169
621
6247
9017
8402
9689
9822
3265
5924
1743
891
8974
9865
5666
4627
9245
7740
3324
5095
5220
1089
8148
1998
8214
4974
5225
4238
8593
6055
3390
4569
4872
1720
1394
5284
4536
3163
907
99
8938
5353
6958
5440
6836
6685
813
1355
6812
8292
1053
1899
9706
2785
7875
7411
6232
5821
9915
3311
809
779
4597
2461
3043
7930
7180
3625
2234
371
7300
2737
5082
6226
2512
359
257
9010
1149
2117
9847
8321
6510
8794
204
1427
8932
3347
3036
9826
538
3477
6961
9970
7499
8374
5109
5891
9472
3451
7953
5264
6810
5276
6551
8292
7032
4564
5993
2076
1542
7445
6741
2007
4946
7144
4574
9466
5068
8530
7271
3089
5977
194
6606
7920
2452
8166
5090
5847
7570
189
6675
7652
8080
3608
4325
4034
267
9946
5584
2319
2444
7791
8487
3707
750
5480
8787
876
173
8852
2524
7838
1101
2202
3476
2696
8052
5555
719
6667
6965
3924
7858
7859
7098
1321
8151
9152
9997
8158
378
4190
4611
9878
2116
4704
9382
2191
5825
1483
1853
9693
4032
9790
8634
7378
4326
4144
1487
9103
6047
5442
7390
8948
1523
435
508
1267
2833
8610
737
3699
1611
8574
9663
9920
6925
1114
6237
1984
2315
1644
4463
2193
1958
8468
1843
397
5770
8042
6586
4287
487
9152
9904
2464
1914
4070
6475
6714
8360
2093
7692
9726
1958
7203
9125
4448
3608
4637
56
400
6756
3331
6023
9204
9170
9476
4333
4848
6883
7307
7479
7736
5162
9961
4721
2252
2843
8482
9513
3778
7327
1380
9666
162
7553
561
120
1658
7000
7166
9738
8322
3602
4147
7305
2490
1945
675
9707
799
6148
9222
9020
9244
3933
5538
3475
9837
1562
9257
4764
5199
2426
1595
5463
8180
1599
3675
492
1314
8066
4719
7464
2779
7975
2930
7625
295
7054
1252
9283
3293
5251
8897
3884
8673
7267
4766
1290
2615
5131
3311
7047
934
8654
7206
9246
8279
1971
5271
581
9628
1401
4295
9814
1518
4488
3346
2684
1823
9894
5515
7782
2527
7890
6862
4539
7913
3360
9298
2347
669
8146
9610
3006
1849
5455
954
9387
144
4066
9399
775
7293
8322
7207
4120
4560
9401
712
3700
9382
4404
1468
3563
7784
1110
6546
5422
1386
4937
4272
9018
7012
130
3196
3573
4829
5471
1994
6276
3394
6816
5024
6662
6135
2640
8181
8481
8708
6878
4231
487
833
7804
5052
3988
7516
6115
8721
1047
8775
6001
5694
6267
6975
4417
842
1280
6390
8773
1691
9963
466
1121
4437
2663
1631
9447
1876
1478
8223
5883
3269
8392
9954
5235
9982
4390
8721
7821
7454
9740
7363
6973
5215
8545
3987
6561
952
6004
2297
7074
7551
6772
4980
6041
444
5964
7689
7404
5976
954
3733
228
6340
3899
4286
4620
6902
7844
4216
6856
9519
4111
2020
7072
6040
2208
8835
6135
9546
5683
8392
7340
2108
3045
3643
4700
8855
9883
8233
7682
1718
4386
7433
9261
9673
3972
3594
3324
3673
2868
8280
2056
6246
1878
4653
7790
1771
3950
6260
1704
7923
8179
9192
1606
7365
3248
5403
8766
6107
231
4579
3710
9217
5490
1935
2650
3768
5000
4040
6790
6730
9223
7602
689
4248
2356
5090
1852
6382
4621
7865
3638
3576
5271
5118
2533
1231
3465
5209
9123
8412
5700
6092
275
6589
781
9996
8510
597
3721
7453
7215
9933
5428
5885
7543
3048
589
6838
7725
5237
274
6823
9302
893
4275
3708
8012
1532
1958
4889
4175
4397
5719
2982
4373
222
7657
1412
5631
563
7629
6430
553
9078
6941
5643
4445
764
8230
1567
4214
7234
5632
1601
8780
9830
3564
3127
432
1891
5097
8638
2453
4692
562
7798
3529
7897
663
7274
9039
103
4775
749
8971
5658
4295
5536
3113
8582
6385
7520
4250
1787
7484
7020
8379
1543
9348
5188
6068
3413
8486
1165
8395
1219
9883
2705
5042
4945
2942
1395
6963
805
3867
5168
5270
8172
6501
1137
317
4923
3460
301
7821
9491
7114
5147
9273
1043
3665
6069
8188
9191
9939
4905
4179
4511
660
5449
821
5962
8560
9906
6544
2001
125
5817
8304
3504
8860
401
5438
9471
1442
3946
7748
8575
3341
5411
3913
9647
5381
6560
157
5438
1281
4487
3922
3435
5459
5716
437
7673
5553
8972
8232
1230
9665
8798
7533
8683
6992
821
1281
4053
3407
1659
1890
5985
1898
5496
9342
9855
7942
5400
2378
6365
6359
3914
3804
6461
107
4628
6118
6529
2439
3508
9888
8050
5052
5617
6800
4463
8917
9265
5384
7987
7711
7780
3612
6959
5541
381
3822
839
1895
7680
6536
1241
8119
5463
85
2759
8033
174
3261
6518
5556
2943
1324
9487
1264
8120
2669
4706
6062
8216
6488
1211
9750
9289
6917
173
3073
9590
9403
1082
3213
6350
7194
8709
1766
6833
353
9310
375
7543
2877
5356
8941
7168
3135
1546
7299
8374
3865
8648
3263
4702
8789
9058
1353
3262
6193
5837
1939
2584
523
2445
2874
3236
2580
6933
7000
3661
9828
3254
6402
5378
4971
6296
4085
476
1391
3174
4536
878
7031
3299
398
8200
8515
8587
5850
6439
4149
4917
8783
471
3136
5844
6708
472
2731
8429
7264
4750
82
4018
647
2482
5738
205
6817
1910
7551
6409
3571
5958
892
5225
8413
5002
181
76
9023
8984
20
3992
8984
1270
4335
3075
9197
6973
466
1409
9843
4553
2815
1512
1161
3965
1102
7727
3124
1027
1538
741
2280
1953
6731
3390
7120
7911
1521
6423
5723
4949
8547
299
643
8922
5340
126
9435
7079
542
9590
2148
129
7806
5850
3676
9717
9484
7251
340
8183
1806
5423
9644
4947
7272
9492
6317
4164
5385
2433
7778
1394
5573
656
7412
7606
1323
7576
7393
8713
9058
8511
4264
7243
5925
3277
5940
5040
1976
2955
4435
3877
4901
1531
7153
816
4584
9377
2438
5972
5731
6350
2168
9747
8191
9629
7662
9679
4480
3430
3155
8425
4563
1137
5795
6347
8198
6325
662
8193
7028
4894
5509
1681
4860
8316
9629
2235
6382
1928
6655
1996
7873
3154
9538
2989
1379
4277
6150
8232
414
4796
6598
3114
4003
6446
9097
1348
9943
6389
6868
4556
790
3869
7504
7520
3864
9319
9971
7066
542
925
4862
7919
7417
240
274
7906
9192
6381
6480
7606
5067
1998
9084
6752
3081
1772
4925
4618
7178
6210
7988
5956
3842
1054
694
1718
2587
8176
615
8864
1533
9797
7333
6882
3325
5549
4574
4935
1615
3960
8895
5948
5769
7071
6427
4863
1446
1775
3524
4786
1876
992
2936
255
3451
7684
2059
9030
5722
8779
5277
1601
2351
4739
8392
3608
6146
5501
6425
3072
4094
9322
7928
1135
1086
6453
7637
8459
1489
5753
6369
9008
3145
2131
278
3264
8709
5155
1956
7924
1528
540
6458
161
2022
1675
1293
4870
7676
788
9687
7906
25
3703
7135
9554
1132
3458
8464
200
2651
3360
649
5191
4413
7007
9985
2939
6597
4255
2437
3381
6555
7190
8768
1268
6857
3473
3910
7168
1999
6565
1868
9999
8611
9380
8279
3914
2088
491
6255
8378
538
9591
9808
4236
4788
1255
7198
3892
2686
6429
7282
5981
9110
8799
8837
3150
6313
4522
5191
9801
4446
4966
3517
4765
5696
1076
8549
7307
1319
7395
8663
5701
5889
4530
7641
8578
5473
4401
2895
5119
9252
4432
7326
2879
3181
5433
5628
2675
2492
7449
7829
8933
4639
2009
2604
798
9141
3899
332
7368
2907
1296
26
5901
1045
2374
1418
6158
3194
7967
3738
9120
9788
7596
8318
2368
2051
8760
4633
407
9910
4498
8980
7865
2853
7907
63
4168
6101
4221
3618
341
4745
820
1598
5270
9241
8854
180
2579
9490
1541
2337
5867
3626
134
550
5603
7902
5170
7888
5966
6057
4570
8968
6409
8707
2455
3832
7645
4981
2623
952
7815
5220
1812
4037
1892
1138
4294
9374
454
5132
4025
602
9108
6960
8641
73
8397
9216
4121
2453
9292
1308
5044
868
9432
6831
3003
8653
8595
3752
6004
437
9842
7682
5539
6453
8043
7954
7771
9834
4234
5134
3645
6904
6703
2229
5345
8044
7473
7822
723
5532
2342
5136
8324
7133
1546
2011
6689
8962
4508
9426
1889
9515
1673
3686
7575
3121
9344
8192
8791
9324
5876
3338
1526
5504
4112
5642
4203
5298
8548
2796
3665
1834
5742
3451
1278
615
1908
508
4190
1993
1662
3768
7304
9503
7697
6724
7282
1341
8965
2718
8193
5866
5047
9365
6600
8036
155
7669
7201
464
6170
6830
2666
8386
6825
9537
8583
6405
3530
8150
566
5879
3435
7453
4319
6324
2637
7439
2569
3326
6703
1680
2906
3478
7464
675
423
777
4036
8025
937
1546
1734
2984
9505
7944
5323
2453
8962
1724
9743
5406
6668
7009
4329
3301
7577
2112
8193
4860
7952
6518
9458
5194
6423
1605
2363
6040
5350
9508
6527
779
567
4691
6908
2142
5993
5392
4905
2699
1555
2847
7064
7477
4005
7786
3643
6885
2955
5588
2355
5344
1531
651
9411
449
301
4250
1619
488
8714
5560
2416
5982
6733
9137
7937
1796
4343
9902
9797
8984
2607
6563
2632
4082
5702
7429
3092
9985
3623
8855
1444
6717
4333
5936
3476
2585
416
3610
7188
7191
5079
5001
4284
7639
2705
2853
9945
6350
7423
9270
1716
2255
8632
4076
1444
1544
4432
9401
4090
4124
6419
2955
7547
2024
2220
9881
8699
7396
7090
4360
3843
697
4497
2523
2261
1849
8950
3686
1175
3343
7764
5421
3643
4356
8021
382
6527
4571
3754
3751
5312
474
4675
8901
2313
6453
2986
2410
810
7816
9977
1626
7396
5345
7772
6706
7696
5880
8865
8358
3583
8493
1740
5734
7676
6908
9111
6092
3374
6702
1943
5156
1690
3615
9465
3016
3445
8584
4011
1495
4950
3161
3976
3122
8346
3269
4331
8227
7394
9177
3701
6842
1606
6650
7209
5541
557
9146
8596
4602
20
3143
1930
5877
5580
3424
8395
3017
6609
6581
3477
9925
7796
394
4499
5924
9130
5687
9683
5664
6349
831
7830
1205
5392
9691
1744
8206
2320
1523
5455
4670
8806
9560
8216
2636
5706
817
4428
7724
6385
7760
9290
5030
3734
8031
5663
4710
9495
3789
2648
4383
9174
7103
4968
8748
2208
452
3380
3797
5451
2858
620
9962
3528
4215
7173
1135
5575
8917
5089
1028
7242
1340
7935
2512
3266
5709
2287
3674
70
9257
7022
3011
4610
9052
4735
2323
8795
5226
5595
4270
2576
6772
5007
1315
3933
1462
7156
5297
6841
6192
3596
7606
832
7279
3864
3222
987
7463
2119
8164
5002
4512
2760
8272
5075
7514
1120
3309
4468
7023
4807
5486
3717
7203
445
2444
1961
1290
5530
630
8611
1494
3763
310
3190
4635
9625
2972
2020
5010
8219
3513
9016
1526
9835
378
5663
7246
9390
5167
3408
2807
3997
4919
5725
6862
9913
1882
8849
8471
7388
8675
761
941
7082
3767
4736
6022
6533
1782
9107
2161
6160
4653
4611
3999
795
294
8168
6652
4094
8013
9586
9608
2369
543
6811
4758
7976
8369
4921
1393
9292
6378
9551
9526
5331
6014
6531
1586
7970
3448
6250
7352
6793
6452
9088
1887
2220
6614
5508
9382
3618
1882
3455
133
5719
1065
6789
2898
7820
708
9428
1324
9310
3041
2650
935
7012
3631
4739
3668
4978
5367
5727
6364
6538
1185
4290
7402
7714
9856
229
2338
3136
6427
5995
9026
1090
1801
638
1363
9307
5672
7543
539
6664
3946
5644
8307
496
5853
9587
48
7193
7862
2597
6929
9720
9561
78
3235
6144
8119
9761
9316
7756
3076
1688
3218
247
7315
8729
2431
8216
5649
101
6292
2124
619
4314
5215
5340
3005
9704
9626
2557
1881
7984
8809
7349
9695
4855
6976
9531
2047
347
6463
9464
2552
621
1979
7434
636
252
8489
8392
4466
9682
4586
735
9655
5560
9358
3962
3091
1077
2230
4928
5252
2691
2250
1736
9641
4418
4099
4423
4684
9478
1495
9818
396
4220
5647
7839
4774
1658
9110
8605
4848
260
1552
5413
883
570
9044
6208
8114
447
7208
3319
9323
3108
8248
2002
696
7043
3378
7512
754
8904
4849
8181
5140
6345
9475
218
4343
4535
3689
1502
5679
1420
1931
3681
4097
8404
5350
1313
5855
1433
3444
5382
1202
5686
8950
6377
3203
3117
991
962
8950
7892
8112
4765
3539
2617
2507
7646
2178
2151
5943
8076
2786
8865
1632
1641
535
6411
9639
7474
4078
2392
8029
7921
5565
5469
4472
1744
4188
7492
8815
4808
2698
717
5336
4759
7518
1440
5212
544
8075
7310
6675
3420
9662
9477
7137
6607
7511
5521
412
9638
9250
9839
6489
8012
305
3325
9842
6315
1960
3550
9655
2719
9476
5353
9870
9958
7353
3265
4984
2292
6870
6992
8529
1651
4279
2668
9251
3208
9687
6971
7400
1249
1472
7123
8010
4922
5265
746
8362
4158
666
108
7465
3883
8599
5435
7589
1486
87
6145
2979
5486
6872
6544
8886
4677
2192
3595
7210
168
2426
5790
3104
7991
2844
8663
1286
7920
7649
3352
4145
958
9223
3572
6410
7311
8375
6135
3074
7188
4317
7635
9763
8769
5875
3364
4741
6628
462
5349
2538
2178
4612
2876
3463
8061
3929
8624
1711
6770
2277
7499
1085
7166
8323
1162
9501
2273
7272
7905
4760
5771
1022
283
7819
4434
237
4592
5859
7670
8549
5727
7047
1643
9914
3850
3137
8086
12
2321
6490
9059
8513
999
3825
5907
3570
2081
7704
8563
799
6013
5868
903
7119
4415
7343
9301
3289
9014
8835
5102
7448
4861
6804
5512
4798
2029
6403
7462
4632
1247
2043
5625
5690
9648
8674
2047
8583
9774
4286
890
4158
1343
7009
9356
1540
8960
9842
5422
8699
1915
3209
3024
5804
8242
2135
4682
6758
871
768
5633
8194
8942
134
7398
3442
570
2883
488
5174
4004
7746
2282
3451
4539
9035
5583
2961
3365
4073
8657
9527
9667
5658
3889
9541
3442
7235
8504
229
7726
8908
7660
6686
481
5487
3871
4063
8793
6697
5617
3365
6600
3514
7958
9817
1285
7695
6563
1129
111
8025
1537
6689
4562
7177
2131
2374
338
4875
8196
5423
5412
2508
1914
2768
8349
1178
1352
8004
513
5526
7279
2246
8093
6232
1875
1308
9041
288
8620
3361
6565
5940
6835
6893
1964
235
3469
1476
438
3428
3604
2152
4031
3476
9712
8731
2741
7274
5412
9637
7703
3953
3317
5150
6136
690
7382
8520
6931
4130
6270
8284
5673
3151
8123
800
661
5139
6144
370
8081
4515
3338
1156
5201
7878
8832
2772
5549
4677
7720
9686
477
8092
4167
7424
2925
6042
7712
6194
4127
8778
8574
288
4095
6078
8205
7005
818
3797
9730
4405
7784
5674
7434
6647
5712
89
9920
8894
7018
7485
4361
4395
7160
3435
6729
7825
8174
8805
1672
2220
2457
6540
8335
2974
5548
1669
7372
8136
3365
1622
8582
6033
9934
7182
4218
134
8879
5998
9475
9310
544
2456
3944
8537
3740
1874
1104
3205
4626
7255
7265
8028
6565
8507
7989
8733
6163
4024
4125
8181
2403
1545
144
906
5463
4963
620
868
6385
5499
1262
2232
1090
7112
1804
9746
3038
9734
6735
6815
987
8116
1326
3669
1000
4283
6453
6495
6009
4923
8293
8280
1873
6995
1556
8371
5913
9405
1301
9333
8652
5924
531
9456
9045
1042
3975
2236
5968
4987
9530
2868
3757
7616
3588
4283
4852
2768
9010
7369
5202
1409
2149
1045
9697
4151
4631
7249
5301
8383
5689
1133
2979
27
2200
3801
396
5162
5375
3466
7799
4531
1093
8104
957
110
7687
8562
2382
2047
992
5758
4545
7536
1236
7937
5256
714
204
599
4818
2671
5708
2848
7514
6951
81
3767
8700
2276
3302
8560
408
7012
8117
7854
9455
2020
1882
350
1322
332
7075
8355
7931
4794
3172
5039
8107
46
6264
4826
2
6368
6833
6530
4757
7721
6288
7920
9721
4660
7840
7555
6565
7586
8349
4651
8534
8868
4146
4131
4333
6953
5440
4028
1971
4005
4282
2019
6252
7370
8973
6014
5337
661
4430
9000
6423
775
891
1078
9750
5774
6643
5925
9412
6336
4961
4034
4487
212
9668
822
7193
7117
7418
4412
6573
483
8810
1249
2961
511
3953
6950
524
3555
5173
9653
9606
4981
9973
7534
9303
4278
8497
4300
6791
2290
1014
3721
7797
2390
8129
8522
2035
5753
5653
1624
7215
7017
5944
6461
2316
9876
5048
4904
3214
7391
1050
9420
645
4437
5571
1483
1313
3248
8447
7674
4164
9325
2447
8210
1221
5391
4352
7091
9200
2435
582
3156
6394
123
376
7099
1427
6618
2276
4805
8836
7867
5747
4723
2184
3486
7799
8130
231
7103
4529
1365
8045
4836
5760
2289
1530
8484
468
9445
9410
8223
9888
6596
4901
9517
2429
4784
9480
7335
7403
7652
3234
2620
3602
685
6051
2545
6151
9303
6574
1849
7819
3504
3432
9484
7613
9851
265
9143
4288
7748
111
7904
1687
5995
7793
2755
4428
5598
4529
606
7744
3367
2523
2246
3660
5695
5674
8756
6503
3389
4138
9504
5040
7920
2568
6056
8427
9844
7205
621
4617
788
4009
2538
3519
4541
9253
8497
9465
8139
3345
3700
6647
771
4691
8173
5349
8875
4449
2043
7417
7897
6302
3017
7190
8279
5120
8461
605
1184
6499
106
4515
1658
3542
8210
4125
3344
2962
5883
7223
906
8187
1948
7749
2827
304
149
4785
1607
9868
9497
4739
927
415
9961
6127
602
9574
5245
631
210
1046
8353
2449
8505
5657
5083
5492
4758
7967
4293
444
7343
8405
3819
6717
5476
483
3410
820
2086
3599
8018
6552
3506
4096
7650
3663
3518
2381
7023
6862
8991
4947
6136
9641
5588
5349
5497
5112
6291
2510
4754
3850
2110
4354
9604
8659
802
226
4519
4545
9212
4750
7035
3597
711
1381
1513
5788
3238
345
9236
1061
1578
7725
8642
7997
5521
9520
353
2030
941
7123
9848
7366
6636
4518
6619
4779
4600
7233
7834
7469
461
8014
5831
3700
9186
3492
3122
1272
742
4157
594
6576
2873
8633
7506
7762
52
9452
9254
393
2693
6643
6201
6388
4267
9284
9909
9290
3819
659
1453
2332
6509
5937
6490
9907
742
6734
5120
3529
6514
5295
8861
4851
2861
2603
5390
475
9327
4687
1645
6797
98
8642
9130
807
3761
754
3925
6515
2991
6205
9334
833
7824
1612
9561
3437
4120
2330
3929
5089
2894
6770
5704
8579
637
7222
5480
8814
7815
3628
5225
3374
7014
7267
7039
6629
1297
5555
5247
4475
7703
3954
5591
7522
4491
7251
8039
3175
9180
2425
8528
1684
1279
890
9975
355
2843
5006
1653
1741
3297
7303
5486
2785
3190
9722
7276
1744
3791
7339
7224
2436
8952
3367
4965
3425
8001
2235
3257
3508
4789
4386
536
8008
7752
875
2751
9863
8380
4809
9097
2077
7920
2691
8881
1657
6486
4636
7845
3357
6959
7694
1876
356
3590
5615
6420
2067
6149
5286
9906
8824
7256
4103
4151
1311
7340
3945
9859
5748
2003
9592
3704
9250
8808
7318
6982
2410
457
3069
9886
9695
1974
4032
9254
7694
8356
3071
72
9948
2861
2473
4855
823
9752
2860
4543
5742
4817
9336
2519
4940
3237
1329
6518
8240
6957
3411
1695
4344
3588
1280
3179
5948
518
485
7714
4247
135
2491
7381
2927
1805
8393
506
5190
2283
3350
6117
7225
2234
4012
2768
1270
1606
8744
2359
3578
9331
5214
9586
6760
6587
9914
528
22
1141
3889
8940
2929
8722
6294
2783
3425
4119
1416
5602
6616
8994
5592
2061
19
7724
7897
6177
4355
6106
8528
2687
7781
6671
331
4547
7693
7681
4942
832
3474
9542
7368
8345
1874
4059
1060
7642
3654
7232
7531
4209
4945
6980
8359
9979
4770
7257
9507
6399
1305
5588
8462
8865
373
9779
8814
5925
2923
571
3953
6321
8484
29
3470
221
5902
5156
8842
8473
2242
5901
4599
8507
3317
4179
8615
1651
1752
3079
6638
6317
8698
2569
9541
2499
3918
4357
4395
3116
6951
4844
6214
8469
7423
94
9623
9339
9879
2417
6508
6546
1481
7169
734
4356
2025
660
8347
633
2090
760
1918
80
205
4172
5290
3464
5236
8776
886
333
1412
937
1602
7266
7529
5213
8423
4343
4163
4487
2365
5271
7150
3776
3926
6881
7888
6171
1303
8577
524
8210
9767
667
1651
5682
9392
4883
2810
9584
9651
3115
5590
4854
3304
9162
1684
7710
7539
5013
6645
2138
9185
6397
2487
7966
6722
854
5823
2139
3345
1151
609
4248
2814
4002
5378
287
4028
7689
3845
4417
6838
555
8018
1895
5869
8242
6325
4902
7277
4026
5810
4798
3437
5753
4726
95
9445
7317
3224
6169
6346
4566
2415
2782
7957
9418
3933
7782
4642
1310
2921
4527
5459
2912
9098
3791
9604
6206
4383
6712
3178
5290
4044
6006
101
1437
9567
1160
3893
5012
4529
4632
5848
9820
888
201
817
7478
8456
1356
2837
3814
6777
6479
9678
9406
7652
4035
4914
4626
1704
9048
4382
3128
2089
8679
9100
3326
2552
1195
7444
1815
7901
5997
3071
4835
5777
5659
9958
7114
2760
7797
6521
885
8811
3459
4204
1530
8612
3782
4875
8722
7810
2058
4318
5336
9965
372
967
7856
371
6062
4824
5313
5617
8604
3378
2561
7629
5402
9497
7163
4800
2132
6419
1679
3345
1297
6703
3703
4380
9597
9506
4354
9890
2258
9996
8031
922
930
5065
7639
6261
1860
6756
1766
4815
6472
998
7784
7234
6457
8652
45
6676
4878
646
3384
2320
1260
732
9450
1122
8252
7339
997
316
4132
1741
5184
8230
4725
5159
9190
738
7857
732
7723
7357
5783
4654
4493
2898
1532
6164
786
6489
6423
248
7252
9996
9448
7223
4102
4249
4998
7867
8065
9268
7493
9638
9135
1332
1761
9428
899
3838
8809
9619
963
9103
4106
3231
6548
2114
8823
7062
2657
7777
4834
4682
6983
5480
1082
949
1135
6822
9025
3046
8968
8061
5128
5001
3905
8488
3113
3237
7217
6220
7553
1439
2339
5719
4776
3980
9713
7414
9374
7940
9083
6354
9044
6386
7636
3274
1508
4728
4090
7276
6030
5087
5696
9468
7153
5052
7721
5143
1842
6350
7811
9074
8875
8867
6814
6843
355
3594
7000
7553
166
2708
8534
7424
993
5284
545
8932
8332
373
7658
1007
2452
3435
6795
4149
5652
5185
7404
2420
9999
7490
1871
1938
3661
8019
5528
7710
3136
1005
9148
8296
4881
9672
8517
6445
3020
1427
8752
2747
1205
9137
7060
7507
453
7901
8446
7724
5077
8094
1965
2291
981
3349
9255
2160
3370
6963
5174
1973
5554
3736
4643
1232
9461
4502
6877
2991
6106
6772
9398
7603
1922
3614
8347
7836
3749
9226
5293
8548
7528
3317
8065
6393
4456
1164
2208
4034
5734
6343
5691
5506
2222
6111
5808
4074
6149
880
3281
6585
2414
490
2983
2143
9354
4434
2531
1295
7722
4037
844
5187
4738
1756
1978
1641
4875
4106
5806
4970
3493
2307
684
8699
5528
2903
8086
5357
5157
684
710
3648
2334
9770
4039
6356
1966
9343
3345
8655
5894
9811
1151
6347
5749
2373
9775
2199
5139
2948
2613
5949
7051
731
2636
4324
2851
7412
5402
9660
8473
1853
9839
8310
1355
1447
570
8694
5187
7211
584
8369
6110
8007
3594
3344
4951
3990
4002
1767
8436
5822
2297
5359
2060
2803
7072
9295
9108
521
2353
6282
2101
9430
8833
3393
380
886
4084
8441
4606
7000
8973
8391
9429
2614
8945
3144
8635
3730
7639
4238
770
1675
5582
5348
9037
143
6106
2962
6447
8778
7885
2236
5038
3357
5214
4309
8691
7226
9081
561
5761
2604
5315
7335
4256
2275
8408
4870
1781
7853
5506
9007
3424
64
4104
5087
5201
9395
3777
4688
5623
9677
4995
4902
327
6725
2205
2308
7653
4936
1501
5665
5186
7241
7518
6645
4947
9715
1362
6893
7961
8298
3880
3022
1522
3568
6234
9382
6588
7299
6038
6206
1697
2435
8135
6299
6499
2674
8895
1476
2486
5380
8387
5294
4516
2773
9203
1283
1057
8394
1733
8210
5004
9855
2028
3711
1710
1136
9882
3243
3202
643
2671
8670
5185
2338
3117
2561
7448
7031
7722
2360
169
6449
4625
1372
1259
3171
9829
9559
5663
9978
9395
2408
0
9391
7491
3239
7686
3235
8554
3571
8087
4935
9264
838
2938
5982
8377
6778
3498
9722
2002
4884
8259
4099
5609
3679
748
70
4873
2404
7152
5530
6817
261
1963
6526
1392
6473
1214
8750
3328
9633
1328
2548
1100
4777
8945
4666
4958
2459
1979
7454
9130
477
5239
4655
7681
9738
3929
8964
9762
4494
8074
6556
5203
5035
7472
3792
8440
25
2876
980
4558
6059
3375
1212
6183
1628
1337
4107
4338
5895
768
2215
70
9958
3546
9017
9211
4483
9048
9232
2101
2122
287
9781
9389
1839
3971
5400
6958
6204
1810
9034
9497
6387
6954
4004
294
2322
2024
9589
2264
1844
2142
2121
3563
643
608
1284
7564
9628
7276
3870
2117
5611
5411
8136
6019
9685
8760
92
3606
3317
9924
4675
8709
8318
996
7793
7404
6463
3344
1082
8547
4468
1480
776
7692
3673
9724
7396
2120
121
8713
482
1398
1189
4155
4521
473
9473
8340
1647
4485
1832
3079
8212
2038
5871
449
4933
5773
4279
2885
1105
9224
1596
1826
9928
9693
9739
852
8318
6947
3008
5043
9007
7149
4829
7419
973
5187
3622
8985
6181
5518
537
6863
2544
672
6764
4469
1669
2238
4159
860
3356
9260
592
6816
4157
419
5853
2985
7702
9409
5124
1486
5435
4733
7990
871
9656
9429
2698
8493
7234
2742
1261
9344
3548
9575
7767
4132
3430
6643
5018
6329
5983
321
2132
9462
7099
6097
2403
7394
2207
8421
3336
1070
4953
3034
2884
5634
4669
3298
2735
3747
7514
4704
9127
1933
5916
9791
6101
8531
474
8110
5068
7056
223
988
59
1193
2534
6636
1250
9745
1022
1477
8081
3608
6493
7161
3163
8113
2033
4944
7673
7695
2082
3008
4891
8299
9795
9227
5162
9444
311
4165
4601
1860
832
1905
5626
5803
2290
4871
3165
8491
1558
4836
5794
4159
4011
1262
7648
7688
6967
8353
9790
2021
6428
2955
1054
8558
1125
5073
5466
7229
5183
7228
9766
7418
9189
5252
8629
962
8195
8583
9960
9443
9756
8965
1937
1734
1863
9499
2438
714
2868
5307
4416
3817
5053
9748
3699
5161
7367
1171
9800
6913
8088
1126
2934
9445
3730
7400
1984
6385
7197
7231
5015
9310
4931
670
3856
8436
7861
9158
9585
3468
3115
2368
9828
7135
9529
3856
814
4065
445
5143
9129
228
84
519
4190
6443
7516
4819
4270
508
2420
5107
4975
6368
3568
1409
6004
5994
425
3539
8613
9505
9041
9461
7774
3004
6932
1938
6339
5833
4266
9519
1
3258
2745
9396
2112
653
4071
5176
1941
8423
6317
1784
8771
92
4135
8787
1345
4637
6119
5221
7431
6782
4378
6062
8354
6083
7890
6926
8935
6487
8515
9104
3524
8136
825
8832
4738
2402
5766
2506
5847
70
8938
1809
5240
6039
9899
1272
5243
3954
3988
8304
682
6615
5993
863
8243
6264
5944
25
6349
2876
3371
9518
1382
9537
6426
8416
2519
1644
6014
1103
7561
2398
7488
882
2528
6165
7360
2692
821
8651
3106
1705
6418
7807
3682
2700
439
2319
4504
4566
8281
511
5095
5613
5178
3336
9855
2343
4292
9376
2114
2777
9886
6369
6276
5616
1505
8857
8091
8891
9637
3742
5862
5331
340
9788
7194
4009
1120
3196
2551
970
2016
6850
7946
3905
8357
4659
9148
9177
2411
8833
9207
6365
5404
2533
776
6255
1086
760
1600
2401
173
30
8228
6243
2003
9279
9605
2841
2499
2307
9818
4376
4789
9754
617
2862
9563
4437
7236
7227
5490
5732
5824
6015
2853
8605
4801
1217
8380
9254
1730
2922
4353
4431
8464
396
8467
4911
2518
6466
3731
1225
5043
3381
6220
458
5351
9223
1280
770
6013
3584
3949
1005
1362
899
6958
3853
4484
4477
8990
4022
7605
1225
9175
4245
7279
7202
6392
9950
8433
9062
6870
6497
6552
3332
4649
887
9817
290
5447
7983
4266
6893
8574
5280
7984
6413
683
8202
4547
292
2952
5629
942
7108
6353
1797
9251
2378
4279
8513
2235
875
4526
8447
2379
9785
6369
9013
9778
4001
9765
8590
8991
2965
139
6800
9855
2209
3631
5430
7620
2540
2718
4943
481
9821
2500
1137
5585
4423
9507
7067
1736
5235
8112
8631
7058
5577
519
5032
5463
2282
4622
5669
1520
5884
135
8385
9507
6307
2880
5687
7721
7881
8660
6863
209
8906
8260
7823
9198
9518
8224
3057
859
1507
6719
1981
4431
9943
8767
9107
7788
8655
9766
4615
2305
5607
4455
5001
2479
2391
9952
1023
5032
6093
1903
3138
115
1149
9861
8994
5596
8162
3683
711
9305
1311
3057
4901
776
5719
4174
5467
3811
8053
3489
4232
5238
5641
8189
9546
6391
2240
228
4964
8355
6143
4802
9483
8842
9835
2202
5582
561
5639
2015
6672
4725
4443
968
1700
9359
6830
374
2659
163
9136
6962
4636
7794
4391
543
2905
9104
532
5791
4153
1696
8592
5106
4368
1707
3640
841
2119
95
5298
9160
7281
7732
8891
6233
7788
8954
7503
7245
9088
1102
1636
142
6247
9899
2116
3697
6681
4142
9237
3415
3907
5698
4438
6818
4115
6025
5112
4564
2322
7180
9990
6994
1214
5897
3251
5432
4051
7436
9887
1351
246
8329
549
8361
6414
9429
6148
9077
5727
6020
7096
8686
564
9676
5957
1094
7784
857
687
6863
3089
1610
3752
5202
3770
9641
1479
3497
7036
2984
5281
4758
4056
8951
6423
2247
9139
6434
3356
7457
527
2966
577
9865
8561
2980
5727
2082
8244
5006
289
8944
762
5823
4347
9643
2874
4279
42
2975
6667
8484
9178
1344
1435
4380
2494
2923
7724
6839
2879
9288
6796
2121
7204
4236
9711
3293
8491
5498
5979
381
8337
5145
4848
5566
6868
2817
5778
6792
6466
5631
724
3651
8157
3225
371
9965
8734
5947
2396
2968
8818
1567
2107
7665
245
3242
8273
746
6714
3907
8017
8074
1765
32
3063
3850
8325
3529
4773
6048
6625
8461
1308
6584
5054
1155
8995
270
6394
3225
855
2601
4824
4936
1487
6017
2248
5657
3515
1553
3586
3920
5945
2632
7551
7894
1139
9753
5061
4054
8200
322
5325
2045
3605
8585
6930
468
288
5906
5944
153
6513
4862
4310
6377
5710
2894
2641
9403
9953
6629
1479
4566
9176
2571
9029
7442
3944
6846
6549
284
7631
3938
3736
3315
293
2041
