4244
1730
4992
9224
7839
3284
9726
8095
9384
2436
6242
9413
2739
2296
6160
107
6754
2000
919
7674
8991
5283
2182
5453
5932
4757
8107
6940
7956
7558
2010
9748
7901
260
7446
82
5325
3584
575
4734
7190
8078
9800
1780
8080
3814
5283
493
2289
8983
5964
2860
9099
9659
911
853
8706
1638
1558
7912
9864
6888
2483
4955
8215
4594
759
2405
3291
3621
8428
2039
7082
5782
8213
6197
1920
6237
9088
5954
731
461
7237
6458
9632
4590
3327
4712
8072
3990
3187
696
7818
4918
9489
471
9286
1344
3510
6006
5963
6183
491
8158
8118
5726
8318
4205
5017
9315
9244
3534
2595
2037
8647
9543
8657
9727
9577
7948
49
9929
8902
9457
3134
2788
4359
4140
6957
3843
9128
121
3203
7961
1071
3223
8209
1197
1111
6351
2397
5354
9561
5141
6942
499
6598
3304
1347
9988
1924
371
9489
2915
9378
1606
872
4565
73
9134
2864
2909
289
992
6069
7616
6445
7334
2492
5652
1764
9360
9185
4231
6093
4236
4959
8699
4694
3872
3899
4735
2465
8435
7709
2553
2732
6363
9003
1359
1979
1714
372
6836
9316
8338
1910
4368
23
7295
205
825
6824
7764
521
2877
3738
2005
122
1634
4666
595
843
5012
4789
6287
7496
5565
6231
3158
9069
2324
2289
1274
1516
9836
5974
5601
5514
2844
466
8134
2407
6031
9480
1006
2937
4338
3334
2149
9204
7179
9815
2663
6376
4041
6901
5226
5430
1478
1448
4648
7440
1000
8672
6267
7725
6055
3963
33
9909
218
227
3375
3471
266
9175
7842
5365
3064
2548
2448
2560
1674
4800
1869
5430
7520
1588
9178
8876
6709
9267
9719
9705
9489
2155
7817
4122
2059
8326
7383
5803
7836
4333
4814
3560
111
2938
4197
5249
2612
1721
6827
5395
5572
8763
5500
5241
3678
1846
578
5822
5264
220
2727
1197
6066
8997
1913
7735
8524
8172
7479
5264
1495
420
7144
3927
1361
1061
7499
6992
8506
3639
7720
1824
7579
3033
9125
3828
1239
95
7557
1967
5946
9270
1900
7934
4286
1060
3885
1993
9452
4641
7812
9576
5263
3596
4095
3199
9988
2732
951
9160
1870
8132
9884
6267
4406
8529
8447
3565
8895
5971
5193
9843
4279
8501
1288
2769
5530
3787
9707
2291
8849
1480
978
2150
7591
9849
8488
132
2364
8722
5917
6715
7283
8834
44
3177
9814
9493
9291
4359
6473
3446
6289
1534
7436
1679
2690
5594
8570
1743
5797
6217
3966
9110
7286
5616
9221
6992
8264
9115
2110
7547
1538
2015
9390
2071
4202
3150
6577
6106
3136
2869
8426
2061
6225
6133
7516
4822
1244
7805
9745
4466
2944
3776
1415
9535
276
5848
5131
6851
1953
1319
5261
3405
826
9078
3987
9670
4572
76
1386
5203
8768
9452
4422
9114
989
9036
7707
7711
1818
6365
7460
9882
3457
4156
6337
966
9295
5588
3694
9592
5544
365
3821
5690
1032
1077
1382
5779
8628
1977
9013
9861
9599
3969
9681
2451
9145
438
2333
8829
5425
3888
936
3561
6763
5200
1599
1536
8636
7702
3649
7394
7970
3632
6819
8407
625
2048
3290
5731
4136
169
374
8036
770
3782
6879
8795
8057
263
4375
8277
5604
1016
1518
4597
129
6720
3701
16
8190
6275
8154
6741
9617
8084
3394
1287
536
3707
1189
6200
8187
6575
8898
9123
1773
3328
8611
8902
8513
8643
7692
6139
5656
9419
9069
3553
9721
1104
7895
8332
7962
7343
8539
3589
1483
9038
9614
7967
6482
9066
9017
2952
6672
4911
7148
5928
9939
3299
1554
1097
7253
127
4016
3282
6785
7083
904
9986
6645
6693
7178
9318
579
974
7849
1735
4514
737
1099
467
4738
337
3818
5158
9661
958
2697
6436
9320
9379
4832
7030
8841
9791
2888
7615
4386
574
5938
5562
3467
6819
4145
6146
1998
6772
9496
1357
9596
3394
5726
3430
7101
1876
6014
7430
9909
4687
603
2766
9617
7076
6305
1363
2609
8486
5414
3718
656
8646
7616
7567
7470
5133
4960
6181
5870
7077
8524
2525
8667
5812
9306
2909
5782
4582
8679
6668
2683
4439
552
6264
8610
9754
7784
3538
2721
8232
9089
8746
7230
4712
8390
2723
6145
4839
8892
1091
5032
7109
9752
762
6485
6236
531
3020
8178
2637
5515
8252
4261
4712
7075
726
9230
3576
747
777
4125
6746
9258
80
1312
2424
4999
9516
2266
3270
5367
1264
2192
6583
7585
2984
6221
5133
2542
790
7237
5339
5932
3530
7142
7641
7953
9070
1898
5780
156
4235
2569
1167
4359
2636
3724
106
2345
2589
236
7661
1192
1071
9625
1793
3643
9147
1110
5259
8221
3472
4402
2230
9774
4891
6642
5628
6644
8930
9737
9728
1488
8013
3209
8219
3211
8993
2323
3842
3694
3882
3787
2624
6224
7621
8759
1045
7002
3319
7366
138
7655
9454
7085
8720
6455
4706
9740
245
3843
7254
3648
2482
7626
7681
577
2627
3370
1076
5340
2931
9611
3144
3195
4228
37
4821
8079
568
1313
2353
3008
4288
7421
1635
3435
8654
1961
7395
8826
4056
4815
8416
9186
908
32
3677
3494
3850
2488
745
4792
3187
6611
6937
4784
6844
5274
1748
6325
2831
9942
331
7016
9966
2997
2644
688
3732
8265
9954
527
6122
7757
9298
3428
1251
468
6787
8634
2837
2490
8547
6174
7060
204
7971
4414
9997
1987
4694
2940
3564
811
2379
4529
4042
7586
4276
1631
1750
5323
3715
4847
7599
8754
7216
3641
7243
4427
1209
802
7095
7699
5847
800
9852
8472
5624
552
3642
4084
2575
4072
2020
2788
7892
5073
7607
4872
4185
3836
5224
2771
8218
9390
9257
4225
9280
406
7080
1464
7938
2803
3077
5784
5112
2786
7341
6396
446
1332
7911
530
354
7455
7227
4615
5018
3051
4762
6443
4212
7005
7070
3140
2668
1184
4511
7151
8099
9023
8126
5345
3970
7551
4178
9003
8988
6809
5724
8956
8088
6725
6697
9344
7027
130
1253
774
2673
3283
5222
9488
3148
1187
8556
7604
4091
1705
8002
2671
1904
2534
4001
9336
5358
2363
1458
2866
9412
8600
2158
7676
731
928
1236
3779
6904
5192
101
2615
8398
7741
9616
5514
2883
5013
7829
533
2141
5981
3352
9221
2633
6690
1285
7666
7016
3724
5386
7664
6471
1764
8549
5007
2537
5399
234
4941
9091
2994
9857
1004
1859
9213
1307
3933
2766
196
5311
1995
5189
3008
2821
933
3027
5701
9549
2131
9222
6116
1373
3082
9863
7329
9478
9450
1784
3055
2705
4708
6761
4215
3292
5993
2438
8055
91
8430
65
9703
3308
1772
3879
5654
715
36
8994
2515
1823
3919
8843
8505
2559
6499
2937
5026
3493
5809
5946
3932
7341
2379
2605
1976
7001
6260
7050
5743
6885
896
7551
4079
3441
2250
6920
7412
3185
8756
4617
1906
2973
2473
4683
1357
37
8831
289
4603
5701
8888
3589
2946
1889
679
8788
2988
8189
9199
5571
5161
8524
1927
9213
4019
8163
4730
810
1340
3640
5820
7853
6051
5820
6742
4858
1190
4915
6898
6034
3458
8332
2322
8268
3717
2721
8331
2146
5044
221
7967
1093
7817
8964
520
1198
1221
3860
7184
3443
5859
6326
7725
3457
8476
7873
4538
7212
3895
1467
6977
2945
5112
7181
853
1939
7193
9810
5499
7402
9079
2283
5656
8725
7667
2482
1397
8999
9129
3465
4608
1765
5437
3759
9341
4715
6017
2142
9561
5542
7475
6596
9343
4961
8611
3195
7731
4031
4451
5543
7691
3057
8391
9580
2766
165
107
6794
2356
7292
8196
6054
8125
2374
9070
5014
4687
1580
8069
4936
2071
5210
8848
9551
1296
7863
8759
5483
6513
1778
8069
7189
2528
4347
2424
5060
4388
8459
277
4654
5593
2241
3849
1487
1149
8873
2715
3295
6087
331
7645
3267
1815
6334
9361
6082
9416
4263
1863
1218
8802
8242
9316
4015
9437
9691
559
3431
9999
1482
2886
789
4582
6457
877
2855
2530
6755
3158
7182
809
6794
7820
51
4478
2709
3305
145
5708
8516
7736
8850
156
2274
5925
4537
1398
2454
3968
1177
3779
1830
9584
9056
9409
200
2148
9508
4065
454
437
1033
5130
8510
9991
2571
1456
4787
5150
1918
2031
9603
1661
8224
8161
7110
2842
7352
2319
5376
8430
749
8356
1795
9624
2373
5885
8756
7521
585
3101
7928
6154
9185
1421
1290
2113
625
4785
5564
3539
2319
309
7576
43
224
6918
1986
1689
9519
6461
9244
3453
9001
8262
9461
2658
4504
2175
9695
9801
5481
2204
1995
1290
6492
7127
5652
4159
3336
7412
6868
3884
4888
4675
4327
7782
742
6527
362
612
7586
2547
2479
6819
6960
2348
5984
9283
8379
6506
9966
2639
6586
1344
149
858
893
1354
6701
7204
1059
1198
5040
429
8636
5612
9811
7440
534
5071
4003
5552
4278
3573
8733
1777
197
1195
2361
6557
8997
7794
6516
4663
6366
7966
5465
4396
5017
2412
2140
3381
1496
4851
3235
1625
8272
7108
2464
272
6564
460
959
834
3359
5896
5145
7101
1613
1719
3731
5734
7303
9243
6742
22
250
393
3531
1430
7123
257
1827
2166
6297
4183
8656
6614
7270
1215
6964
2552
3011
40
9284
2236
4624
3071
632
8715
6445
6900
7634
3200
3255
3913
2472
5152
2914
2887
2112
4650
127
4475
7351
4826
9179
9470
9117
6903
8197
82
769
5660
9993
3720
8421
340
845
5326
2942
7822
1575
4341
5338
6336
2697
8673
9181
4792
1434
9450
4122
8062
3618
7056
8571
9797
882
8907
5470
7392
8702
1872
6124
529
7480
9455
1734
685
6474
1081
5742
7099
8960
9136
6175
1643
2336
2950
4282
5043
3478
231
767
8261
5840
7171
6516
6092
5634
6339
8773
5173
2071
8621
840
3131
7878
2243
2123
2570
8429
3157
5421
549
6876
5559
6709
2371
9488
3037
6051
132
8842
3842
4082
6210
1243
9800
8790
2227
3519
1434
3335
9690
6020
8926
8186
7037
8261
7238
665
81
2279
1621
2382
9665
9871
5774
5745
8430
3693
6728
7035
9184
2378
7807
2599
2971
1786
6372
1204
4253
6237
6964
1785
6899
7112
9862
4742
7963
1274
7325
6450
8101
398
4973
8534
1363
7485
5611
6870
1199
140
8925
4583
5627
8377
5873
882
2275
2846
8298
4755
2703
2416
9348
3310
4788
8839
8201
2639
4443
3929
6700
1340
9609
9285
2434
5497
7757
8025
1808
2248
9801
7921
2976
6667
5656
5533
4269
295
9069
1005
766
8823
7820
5243
6304
2042
5730
8837
9099
9898
478
8710
2422
8618
6211
4257
5511
75
3126
9225
2691
3003
8514
9967
1347
2122
5819
2408
3063
7418
3711
5626
9428
4179
3832
5316
4234
3201
6415
5432
8673
6907
5274
3397
2929
5616
3590
2373
8912
6671
0
2191
4085
979
8461
2282
1788
2537
8713
5248
1875
8160
1436
1354
865
460
2201
2973
1654
1271
1104
2241
7566
9237
4003
5082
5455
242
3718
9077
9793
1562
7855
481
1245
2500
5037
2407
3886
9500
5909
1831
9877
8572
1944
7120
7016
9798
4032
7612
602
2976
2457
3062
1238
5661
6588
6553
6773
660
2119
2262
8111
5055
5528
2337
1550
7026
1256
2329
8413
790
8181
6722
8256
9601
9671
7009
8798
8564
9716
4851
6904
7137
4606
3050
301
4262
5642
8629
5542
6043
8237
5451
7197
915
7167
7236
8619
5234
7889
4404
590
8156
2010
6213
5081
2198
1597
9392
3557
5275
294
2311
8310
4605
6772
7346
5688
2934
5249
3108
6216
7769
1675
7465
1791
5562
1783
4654
1801
1047
5884
2669
724
5106
2458
3716
7348
1756
3726
753
3731
4719
7005
4188
1478
3191
1693
7073
3994
4319
9715
712
1725
6292
7079
259
5354
7112
117
9843
3420
3909
6396
5272
3363
1691
553
3091
5301
6568
2526
2249
1915
9315
7275
918
6012
1989
7310
763
4824
9605
4119
8711
9610
207
292
669
6720
2560
2268
7367
6807
7840
7687
2295
2880
124
5146
7830
287
2911
9505
3659
8082
1036
2276
3865
5470
9611
7980
3285
7492
9597
2111
3667
7875
1934
5046
4796
4152
8327
1824
9758
6688
4380
2464
2944
2974
4808
5778
8176
8663
6835
2635
5612
6042
7982
7421
7929
2702
1819
3273
3843
6900
6395
8223
81
6044
1957
9041
6164
8723
8944
2519
284
345
4894
2779
3527
9089
9429
3524
8695
865
9898
2672
5551
4633
1516
2650
9994
2177
4971
91
8647
3355
1411
3788
6053
2296
6969
7850
9479
9703
5584
3138
2725
8439
5128
92
3855
8269
3988
5557
5534
6657
4295
2676
6440
3683
635
1886
7183
2987
2493
8708
9144
2510
6824
3706
7539
6748
5628
915
748
2918
1659
9688
668
2830
3600
183
7276
5575
6204
9704
5080
955
8286
3371
7452
3754
8910
2413
7310
1536
4343
2010
2071
1952
7839
2364
3279
1756
932
9969
6628
5575
2852
1082
9223
9713
7641
4864
883
4417
15
3410
8666
418
8324
9945
4686
8916
4891
588
4537
3155
5036
9727
618
4261
2027
8518
9261
9180
9380
9544
8389
5947
8000
335
9080
3286
5159
2315
8407
6978
7634
8230
9609
1435
6059
4562
2931
5044
4260
6655
2774
697
7360
4921
3764
2129
3122
1085
3728
2911
4864
4364
4162
2232
3331
4809
9348
6479
6766
8812
589
8539
7769
617
759
4410
9225
4906
7454
4799
2621
8601
8743
4630
9255
2634
8474
6425
1893
8613
6446
4715
2060
8961
8496
6273
1200
1836
5312
8705
9970
8951
2824
7442
1031
5406
8985
9443
9280
7622
4131
1783
9227
5934
7377
1182
8134
9976
8319
7136
5131
2241
6618
3570
7372
6748
8450
90
1372
4349
9678
671
4680
4560
2044
9770
576
2890
5699
9129
6582
7656
8663
1378
4034
8980
3240
2805
127
2022
4952
8202
8054
2342
4935
1849
9253
5087
1453
2696
4907
1055
1459
6079
9827
7644
9118
8839
4522
4129
6889
6529
9486
7093
7773
1700
7462
4444
4272
4926
5144
3607
472
1579
235
6071
3594
3235
1609
5231
8884
6190
1536
151
4563
3219
7654
3773
8593
7534
7239
9718
1086
4719
9341
834
7738
7455
6314
7325
7917
430
9428
9777
2771
2488
493
7529
7607
2070
6590
3665
6827
1072
8704
8521
2385
8048
1015
6808
7610
2738
3244
9629
5080
3271
4693
7169
4769
9593
515
1912
4163
4073
279
2935
3534
9300
8001
8831
7603
6196
5863
1959
5255
3666
7743
9064
5635
8794
5497
2177
6748
8967
2796
8267
1082
6445
3276
2503
2855
6773
8708
4548
2725
2867
2053
6893
3676
1907
1419
5806
6880
8530
4920
9926
8971
57
2656
7976
6156
4052
7393
7965
3691
5041
1852
1540
8119
3716
6852
4617
6158
3575
9266
1827
793
5327
6899
9382
1570
5674
1535
1641
2531
244
6822
6339
2396
6600
1448
2991
5871
6884
8257
9022
6940
5365
7376
9147
9348
6481
2899
8185
9693
3364
7457
1497
8561
2354
8659
7000
7763
220
992
693
7167
6445
9907
4704
7053
4244
3707
8734
7138
5100
1663
1593
5986
1542
652
6053
886
872
1036
4381
3733
5871
3428
4219
9923
7792
2459
374
595
8253
4002
5782
7546
4291
3877
1203
194
6719
1676
7643
919
7553
4782
1091
6130
9544
9603
1189
2911
3917
3459
6375
9213
1452
6352
6252
1761
8733
1918
1764
199
4769
9371
5519
8263
9944
7262
5918
7888
9839
9344
7994
8259
2150
7569
5662
9759
8032
873
7919
532
9460
4717
9741
502
9936
5737
8417
2992
4685
2992
1126
7042
893
797
5252
5049
8913
3268
6103
5594
3719
5963
1134
1338
4337
9487
7632
6733
8705
2804
9033
1385
2016
3724
3345
7286
4382
4435
3278
6804
2835
37
8128
6969
7012
3324
6970
5974
5233
4170
9217
5093
4220
4880
3132
4177
4
2057
603
7713
4975
3574
8085
7586
390
4182
3385
3952
6730
5985
8598
6161
292
6609
9110
9023
1626
590
245
3056
6734
6917
3407
2548
1088
1268
5495
4810
2644
2612
789
3758
910
6595
679
9011
42
4398
8728
1593
7288
2839
7133
8987
6196
3081
6348
2472
7604
7397
7544
28
7386
8103
5879
6443
3433
7994
4084
9817
213
1989
6016
3465
4851
7553
5748
6208
5343
2935
6689
1172
3661
3387
3768
9318
3383
751
3078
9321
501
2965
3287
5919
6554
2982
7068
2191
955
2152
3447
8436
6362
702
1410
965
6945
322
1359
3948
5051
2728
5658
5782
6908
9855
1563
8950
8160
1017
3656
8854
4289
5988
3623
7483
6274
8308
689
4851
8040
6079
162
3614
9497
6373
4765
5926
5004
4666
8637
1581
4016
4530
1670
2994
2681
8792
8793
8831
5172
9274
3942
3889
7388
4004
8188
8533
1909
9223
1484
7452
790
6342
7148
8186
7140
9629
4007
1713
4153
6463
7505
4837
4595
3562
6425
5484
1480
1353
5031
4468
2008
8214
1412
3664
7867
1753
1641
8801
8825
4562
720
1197
680
2607
9671
6926
1776
314
5155
2841
7755
3219
7840
106
3224
2661
1142
9049
7406
9815
3496
9323
7261
5169
7383
7607
1649
5737
2595
2530
5264
3497
3857
330
1026
1903
8679
4780
113
6769
7092
3299
6470
5898
5150
6382
5874
4966
4435
3356
1566
374
2577
2214
3754
9664
6001
4665
3666
3158
8797
4846
8543
7777
5971
2536
7385
761
9489
8154
2058
8116
368
5106
7774
506
2606
2390
2327
5008
7091
8329
9388
281
3621
5418
1425
4069
2903
7306
2706
7204
6876
8664
3802
7180
1225
8458
6288
8275
5081
5082
416
8681
1850
6795
8200
7732
5716
6918
8377
3802
4394
3269
3533
325
6825
4075
1048
3654
509
127
1222
4697
5635
3027
532
4224
921
1349
8731
2574
162
8577
5703
3651
8950
5777
7671
4383
7941
9730
508
7861
2652
7012
3412
9885
2704
2637
1136
3254
3800
3947
6945
7494
8503
6581
850
1135
182
5964
7535
7153
2545
9683
739
6870
9704
3336
6815
4493
9893
1230
7558
1286
8797
8120
7605
2743
8831
8980
8384
9817
7450
994
3928
8978
1292
8816
5544
671
7812
4628
2975
8030
9065
7348
488
7990
1475
805
8948
5875
295
1630
4026
834
7713
1656
5588
7349
4858
9204
4123
6979
5208
1929
6461
7807
53
8217
9034
2723
9255
7263
6063
8874
7742
7064
7897
7287
4573
6603
9499
6485
3360
5349
1195
4987
7228
4901
8710
2315
6452
97
4180
920
7799
2068
8646
8770
7894
6420
3180
3136
7315
7652
7267
2376
7318
9155
5931
1597
969
686
3063
7030
6035
457
2606
6967
5426
9797
7774
3663
8465
9583
6656
9197
3193
6741
2374
9839
9060
6566
5281
888
8684
9876
3824
9709
1138
296
5730
1565
1451
7283
9532
7051
8021
4029
2055
9849
7383
7036
816
1874
7014
7537
8627
1796
1764
1394
5426
4553
338
2128
8702
4785
8231
8550
3433
6109
9369
1037
5298
9194
7879
8557
2447
6295
3545
9028
3929
9269
7871
2268
5601
9771
2551
6349
2401
1523
5562
687
7165
4261
9606
8185
5799
397
7334
2619
1010
75
7436
4788
1743
8344
7649
209
7363
5104
1316
3587
7962
128
3486
8572
3252
2892
4679
1973
7181
2013
5185
4223
4347
2038
3457
3156
9824
1922
4446
1193
8303
7756
4434
8227
3100
2011
3133
8130
1500
1847
6233
6142
1852
2636
7097
7373
2957
1642
6890
8255
8524
8726
891
3174
752
1873
6697
8389
1965
643
643
4835
2789
7300
2477
7756
2766
4439
8735
3221
7055
323
5629
3098
9940
479
898
1989
1456
9593
7765
925
2130
2163
8478
1513
705
6010
5378
111
6289
4660
7401
6990
2263
2982
6017
5492
809
9888
1292
909
2142
6902
9156
7753
2709
331
8014
2328
4546
5308
6556
5684
8259
9462
5757
3803
65
1077
2511
984
5361
3466
6661
6413
1418
4711
7395
6847
7889
9883
662
4366
7295
9397
369
2704
1269
8774
3649
8681
6886
7624
6994
7848
4130
5525
2971
1121
980
613
7461
370
6593
135
8521
9605
6816
955
9766
9393
4297
5354
3666
541
2166
9459
7496
9858
2662
563
4912
9260
3952
9984
9260
2429
3301
9810
4638
3534
3294
2735
3415
691
4549
6481
4874
2489
4799
1637
4511
2382
6886
3619
5636
3533
4261
4805
4958
8389
9341
1719
5469
7766
8645
9049
3693
4839
7486
771
7209
9894
4308
9606
5834
5069
4928
1355
5261
2221
8602
2570
3058
5914
4076
3897
2352
5379
9778
9439
1367
2316
1230
2900
765
7530
3560
471
9962
9322
1842
6907
2623
1358
473
5823
737
2949
4631
969
4068
5286
3126
9854
1554
6857
4031
2128
1611
9586
800
2885
3686
9418
9244
6784
6309
6508
749
5550
2566
1657
7156
2750
6870
9513
2161
6590
4913
1599
2430
7775
6308
3143
1493
4996
7252
9134
2803
9868
6935
3838
4724
5658
2463
1797
461
2077
3687
5201
9848
2097
4502
5946
3738
1473
3489
2828
5777
5878
4205
1807
2201
5137
9330
1461
2910
817
6667
8063
5643
2482
9033
7468
5585
2674
6871
1279
4739
9649
6137
7308
7342
7125
9966
2960
7622
7830
6548
9466
700
3436
3594
7833
9467
3140
2160
6771
8786
1721
8283
7982
44
9525
8582
1487
9243
8435
1634
3774
7587
8127
4413
4130
6898
2109
1568
686
8477
5971
9635
6663
8166
1652
891
5073
1322
4778
1732
8597
2742
2991
1625
5009
2074
7256
8512
812
3302
9327
243
7652
1777
667
6937
4534
7192
6174
4835
1033
1715
2043
7842
5528
4979
9634
469
1034
9784
1529
2144
7248
1711
8920
745
7546
665
6865
8572
2694
8182
9339
5471
6358
1424
8362
6463
4077
9045
6572
6265
613
9468
850
1173
1456
2808
8905
6828
6858
3002
1060
810
2487
3616
5496
558
9214
3436
6707
5743
865
8336
6666
1577
8824
8597
3182
1973
5097
7211
6138
9622
263
8603
12
5664
6452
424
6189
83
259
4483
7967
6821
7743
5214
3682
2061
5889
7768
8499
5979
8722
7319
6433
5702
4110
7796
1085
6270
4209
5264
4397
255
2417
4773
6285
8503
9639
1655
9828
3182
3611
169
9358
6068
5451
7452
9963
4985
1511
9761
2803
998
6332
4896
6068
953
3724
5665
58
1373
758
8648
5641
2232
8040
5390
4922
1806
5213
5210
5856
3618
8852
5294
5349
3181
8623
4638
7606
5687
6244
3851
2248
2610
2964
3405
1382
3143
7349
3168
9400
6104
2687
9061
3361
5396
2351
4986
3893
5929
3179
7636
9605
643
3891
39
9817
5747
2736
2888
5065
6123
5164
8554
1335
2229
5069
3460
5308
3811
2735
8404
9230
6866
7821
3373
2602
1464
7404
3148
3860
4012
8340
6265
1561
8740
2316
8616
4173
5225
5729
4270
5093
7112
9299
1921
3843
4274
7212
1609
8282
6082
7789
2835
1341
6974
5398
9268
2312
167
9810
1193
6650
8891
6669
7053
6718
2010
819
8085
2469
2037
9015
5637
193
2690
8140
4069
2368
7324
4803
30
1155
2088
7090
7199
2058
2834
3021
5548
4670
8902
724
3173
4075
2186
2633
9829
5752
6696
7228
7777
3045
986
3205
5856
1471
7934
7213
7530
5458
8489
3305
7385
6236
9704
5075
1788
1850
4193
8311
4459
8065
9720
984
1156
2427
6573
8493
4660
7677
8275
9083
1281
7857
5324
5663
4212
3700
7743
8056
1156
6877
796
6655
3453
8153
854
8101
3712
704
9231
5991
6084
7045
4418
5920
4842
143
7529
7259
222
4303
2094
9988
3497
7533
1279
9946
723
8515
986
7730
5366
5174
280
9339
5742
13
887
1546
5677
6495
3040
9794
1931
8621
487
9665
3562
4793
1904
5738
4231
914
1278
154
2141
3981
8390
1785
339
5570
8307
5328
8246
1728
4211
4977
1905
3981
463
9191
7304
1005
808
3323
2485
3790
8940
5616
4505
1231
567
1355
4932
3083
6422
9315
4320
6150
4903
1425
120
6290
6237
4484
9462
7342
5360
436
3993
7148
4865
6944
2549
5278
7098
5734
293
8108
1108
2735
8731
9316
2338
9893
56
6174
6203
6529
135
507
1669
5205
9220
4778
4029
7235
9371
9078
9299
5400
7578
64
417
3305
9528
5332
908
8264
1487
2890
2724
3427
7060
9964
6582
4297
616
7343
6944
8713
5255
7376
1108
794
3757
1308
6790
2113
7960
219
448
3122
9193
7723
5493
2294
1988
9109
7505
7332
263
61
2511
2784
1992
2539
7093
2637
8390
5633
9578
2416
3905
1177
8328
8018
4470
1085
1341
4658
3443
5890
9259
9205
6745
4161
5102
8650
478
931
765
8495
4370
1273
8058
4809
9370
6101
4645
6068
1896
6457
1917
6200
3676
2874
9189
7940
8323
1136
6613
7449
6094
8157
983
1573
958
5047
5490
1851
9626
5444
3109
8860
9091
8785
665
5428
6207
111
8936
1603
9825
3227
9132
7094
8970
7144
6751
3873
7497
570
7586
9852
3630
562
3690
9543
5324
3745
7717
9691
652
3659
4171
2111
3182
7098
3007
4356
11
4524
9331
4765
950
8778
1435
2238
6145
3637
1963
7824
8667
8975
2010
8222
8183
3763
7863
3823
8840
8211
6778
5152
808
5644
5188
109
6824
8920
8480
3756
6977
5695
411
7047
2570
9483
6319
5540
1891
263
4747
9938
9677
4658
3359
418
1164
2502
4434
4928
2661
9472
7830
4716
881
859
4004
8169
3412
9310
7825
7522
3575
8846
9826
1492
7185
4561
2588
7644
5188
5969
8132
3245
964
7256
7525
7949
8786
8270
6032
7934
3319
1885
2541
5380
8684
1485
2143
440
7958
8625
9446
9224
8751
9164
8398
8488
2175
1729
3413
8201
4266
1895
1146
3300
4498
4773
4801
7956
1005
5999
2323
4573
674
1325
2546
2301
2365
1509
6969
845
3794
9044
7698
8803
6830
9470
5218
7928
4185
8047
8479
2401
5239
269
7457
3116
3838
2285
1942
1881
6529
2814
2096
4626
539
8805
1145
5001
1592
5286
9687
348
3181
972
5002
6167
3736
982
5809
7799
6514
7103
2445
6150
4128
4375
894
168
7913
4131
7769
9393
306
5261
2139
4529
5813
2025
2231
2461
6672
9974
4651
8154
3514
4653
8273
6232
1200
3482
8129
4810
9326
4100
2500
3630
4889
4378
3187
701
9704
2363
6957
6416
1667
9682
2040
8924
2292
1405
7327
5948
8379
9192
3706
7338
6493
7195
7292
7226
1596
6685
9733
6723
5569
8226
5879
9035
7302
4344
4821
7742
1360
5035
1959
4634
1306
6464
3899
3082
4621
5940
4454
7772
1115
689
1832
5233
4779
6697
222
7729
6158
3714
3728
4969
6192
3871
4586
7986
9114
5943
6345
8303
5957
7909
3115
1459
9849
11
7960
3660
6227
4355
6992
8032
7604
7939
8634
4722
1478
4364
6476
6033
187
4975
3192
846
1886
8045
1971
2999
9674
6986
2913
7941
7593
7085
9596
4302
9732
7319
5044
1416
9274
1613
7888
9867
3404
8323
7618
2994
901
4791
7545
6478
3526
8584
4240
934
2367
5969
9204
7806
8890
293
2690
1795
9890
6808
4895
721
4209
4968
9361
2945
5894
9783
4810
3
1989
7254
5782
7556
6601
463
6250
3515
7077
2143
3228
7173
296
9086
9969
7627
3086
9293
9553
1102
2819
6298
5031
5567
5058
9187
5428
844
1324
613
9828
9674
613
6047
5576
1468
7992
2664
5714
2750
9994
8378
1536
7904
3676
8537
6943
3570
7946
2868
592
777
4416
3655
8472
4955
3788
5274
9010
204
4543
698
3551
9782
7550
9394
2590
5022
6949
1190
278
3353
2106
2923
9071
5339
4783
4710
1
2167
8481
720
9557
5176
9758
1490
7960
1706
3427
1987
3101
5286
7299
9179
3809
5737
8356
7523
7498
5696
276
4940
4505
8401
537
2456
1711
6825
7445
8600
7164
9982
8664
4323
754
5872
5760
4224
6744
8673
971
8801
2411
3469
6989
9916
8910
6408
8109
8775
2786
8195
4057
3198
7648
3755
4378
6740
2051
7006
6387
3844
100
2410
8211
5571
2413
308
666
7925
2142
6114
7847
7320
3822
2086
9680
6192
8009
7223
9819
4288
8200
4541
8201
4962
9855
8633
3571
3715
5855
1071
3980
5022
5884
257
3494
4787
6857
2473
992
996
4446
7906
9021
7324
4540
6179
7936
4364
1607
9386
1667
2980
4754
5185
5831
9082
4777
2848
2054
3098
6407
2543
4596
8522
4264
7797
1956
6296
2025
802
1399
5522
3148
2741
1183
7906
7847
5499
6081
1108
6443
3125
1225
9573
9219
2052
7336
5163
6627
196
7144
5723
4559
2162
2592
8731
7533
1323
7138
7140
5219
1747
2962
4051
3114
1455
8642
9596
3029
9711
2968
8539
4042
3403
4033
2921
6222
9785
6430
2440
3632
3225
2108
2348
3851
7661
3427
5029
5903
8359
4372
2284
1834
4225
4373
682
1599
6516
5465
7936
7496
6501
4888
2934
1080
5202
7278
9268
8137
9861
1951
7654
9588
6738
6856
2655
2400
8275
6657
6686
4673
9934
3438
9445
3617
9727
597
8412
4381
6823
6394
8977
1190
6001
5989
3337
3272
317
6069
5672
3511
3851
2478
3737
868
1861
62
2906
4320
2857
5582
9623
9480
9058
132
7698
3678
3314
7156
7260
2744
1022
7527
4339
4945
2694
4372
8103
270
1839
7514
1210
2348
8607
3040
68
7060
7892
1987
2848
6976
6370
3359
4743
4279
1447
9385
4647
4660
2029
7417
3119
4997
7883
6725
1978
6671
1896
6504
5925
9487
2989
2801
95
6283
3302
1128
8140
7879
3781
9803
2086
8708
8226
5767
8800
4835
3139
2578
5736
151
3380
4549
5625
6120
4388
7431
7194
7027
9932
5557
327
9982
3628
3565
6218
5610
275
2778
9733
4658
5626
3482
5022
624
5230
2330
3447
6575
8713
179
2937
8187
2060
1902
5806
7364
8043
4915
5016
897
6309
9823
3104
816
990
6132
7854
6732
442
6330
9554
9048
153
8787
9598
9688
3786
316
4944
8896
5469
6816
1935
8931
3208
8999
1809
1405
2437
3227
7286
1196
3111
5995
5829
9465
7288
8280
7313
9989
3328
716
8632
766
3268
6363
5544
5873
4824
6274
8254
7609
2674
9660
6925
1877
1085
6884
887
9080
6086
4580
186
6714
983
3468
2058
924
9774
4830
3575
3449
1785
7781
9339
5384
5536
502
210
7085
3406
5039
8422
5471
9598
2077
5670
7908
1582
4505
9331
7209
8162
7554
1991
6750
3272
1622
6786
4302
8484
217
5282
1532
7688
3721
9406
2920
2737
488
5535
1681
4816
7912
668
2741
9427
7061
9472
1012
7440
795
3258
8947
7517
5145
1137
8844
7583
13
3778
7394
9150
1775
4024
6082
3137
9018
5814
1893
2395
9732
6371
2402
6961
319
3299
2304
6566
3928
7982
8505
950
6973
5584
9691
1291
4220
1948
3432
9263
9654
4733
5789
271
6354
667
6735
9928
3982
2134
641
3633
5728
1715
6130
341
1354
1232
2804
1707
5740
9749
6311
1124
7124
7368
8340
464
2112
6077
8758
7581
8148
9161
1154
2525
359
4689
6439
1010
3592
4804
7632
3817
3198
2689
7783
8785
8076
3958
5524
5558
4692
9495
1810
239
5474
5479
1283
2288
1097
5126
6362
1260
9563
3128
9334
3274
8530
4797
9102
83
2540
3922
3639
1350
5363
3571
2723
456
6410
6139
4820
7771
7171
7482
4574
250
5597
5441
2683
9662
827
2765
8712
4816
8160
7086
4924
4364
2614
6195
5912
478
5935
4612
8426
1611
9346
9436
6012
7055
3159
7104
7577
878
8542
7360
2784
8585
3480
602
2081
6448
7705
8021
5524
6958
3206
1632
249
3125
7849
9015
5673
3127
8307
5743
8236
1630
8625
8736
308
3032
9079
2044
935
2947
9608
8943
6586
8401
760
5669
56
8776
457
4290
4930
8969
9409
1394
2576
8554
3789
8110
166
3810
9359
2855
625
7201
7170
2499
2241
5962
6718
5745
8913
9022
7271
4874
9969
9029
3712
3734
5797
3371
2637
6952
8870
2326
8566
504
1270
3407
1191
3883
817
9492
4228
2912
3743
2265
7674
9273
4853
1383
8497
9908
4603
4802
381
3973
7689
8314
8628
8611
8139
9854
4986
9404
3332
8183
343
2549
3054
2281
3243
2721
271
1105
7800
2445
2007
9786
8765
5062
278
6915
3075
8424
1387
9237
7215
3077
3414
4067
5784
1598
1215
9235
3779
7568
3632
4211
3466
3998
8285
1273
3788
4822
932
3788
1774
7395
8943
4073
7374
639
1191
7330
7496
5283
4050
169
3553
140
4813
5653
2497
9915
4645
1935
5374
2954
2782
9772
6851
8326
7911
1622
5311
3373
981
745
234
8357
59
1767
9027
5735
7083
3353
6676
1382
2711
7011
8727
1248
8912
3875
178
384
9024
9030
4045
1485
4898
1974
2084
8338
623
3155
9320
4907
3716
5373
9872
5513
8414
763
574
2498
2024
9660
7724
1272
6635
5784
8628
4292
6164
7217
2367
2191
2436
571
613
7101
6289
1013
5043
5414
7049
6308
6619
882
9094
6315
1413
5440
4701
3192
2740
5700
881
4717
8083
7851
8037
9162
3037
5740
5854
4628
2172
5724
6854
5124
1530
7614
1453
4622
4131
1541
2250
316
3500
2327
8336
9719
5692
3025
1771
802
520
5041
6090
5363
4733
3348
3190
7134
5446
5836
5488
8303
7982
3197
9082
4612
5231
8036
3243
2629
7785
2868
8086
1729
2414
2879
6388
4422
3642
7950
1101
4540
3392
5021
7478
7679
9103
9206
7045
3608
6259
4184
8832
3959
4936
1812
9827
8622
9770
8867
1584
2509
1304
3207
5648
37
9510
9597
8280
811
4577
7356
1815
7340
670
3389
1691
7207
3980
9542
2452
9980
2008
9173
2640
4623
1022
4949
4613
7544
1357
5504
6222
458
5652
8242
3917
8221
1112
8405
622
6139
5687
8238
2460
9348
2087
4323
5612
6399
600
4328
6535
2765
5368
6965
6374
4747
6229
5077
2822
692
7021
4366
9930
8048
9233
3336
5776
7582
8952
955
652
3513
7120
7209
64
5418
815
8437
2093
5865
2327
8031
6275
4673
1192
8798
5204
544
6320
7384
9383
567
3453
8513
4921
7108
7987
2861
253
7610
6105
2596
1236
4762
1790
7169
5464
9632
7241
6566
2386
6524
5806
5280
2044
6907
5916
1491
2480
6049
5075
7842
143
7509
4691
4317
3229
9242
2111
423
8474
3670
865
690
8140
8609
919
8505
9559
6555
475
7674
9119
8361
3168
2799
4949
9502
9464
7208
2652
8243
3986
9286
4463
4947
2209
4918
5724
5461
9336
9784
424
1606
8482
6875
8534
7314
3342
1927
9491
6815
1671
550
7736
7270
7249
8495
370
7487
8767
1841
6366
4121
3938
9225
8670
7059
9388
9456
744
5865
3763
7508
6254
9214
1793
8721
8248
6050
1367
6636
6685
9536
3202
5964
9425
3911
566
5749
8824
9539
6358
8178
8841
9655
1638
3775
1325
9609
1096
4368
2055
9435
2322
9953
2974
2881
7009
9930
2965
7780
7831
2847
3883
3442
2351
3570
9806
9007
2
8629
4907
8812
2465
7568
1232
9762
3570
1563
5699
3195
3993
5993
1963
7518
5851
6561
4876
4613
5688
746
8976
8300
1457
4226
9441
9528
9092
2779
6275
9602
6201
5954
862
5455
6772
2846
9881
2861
6459
3762
8658
6140
3842
9710
9290
1078
2258
2920
4637
7996
9976
6083
8015
8543
4233
2921
738
5928
3795
395
8532
9045
7727
5217
2694
7648
8147
1519
4887
5629
660
9495
8510
9679
6120
3221
2375
7992
7129
6476
7316
5372
6742
5642
7989
2577
3572
3450
4739
8933
3617
1158
1285
9819
873
5478
86
547
9569
7513
6574
8565
9249
5615
5628
1034
4703
2706
6117
455
4550
3887
582
1239
2406
9028
4022
2740
2836
9287
8599
8098
578
8688
139
2808
5994
7412
626
5772
5491
3168
4930
3641
4502
7262
8496
6063
8315
6647
7578
2440
2652
6453
3111
515
171
148
6470
2366
8415
4676
259
6436
9258
2173
9784
6577
1382
6800
3248
7726
5341
8854
5046
1950
5608
3736
1469
7924
7759
5369
6681
8206
5727
3540
2042
2082
7018
7437
8297
3875
8809
7255
714
5760
8892
4274
7953
7801
3665
2462
4338
6943
403
144
9312
7767
5530
560
791
7195
6448
5533
6294
9918
8372
6766
5907
2729
5928
789
2946
7030
2148
8722
9105
632
7917
3010
9914
8885
208
4929
6460
4722
9544
3539
6419
985
864
5099
2323
7065
9827
8454
116
9962
3486
8679
1079
3548
3270
528
1703
9995
3846
4441
1371
9361
7249
9328
2376
8488
6278
9566
3523
9386
2786
5154
5235
7719
6511
8364
9285
3634
5385
6088
7241
5081
9473
6660
8282
8607
4139
4976
1547
2311
9026
146
7949
3599
8028
6898
7933
3959
1512
5833
3146
188
1139
673
2916
7398
6729
248
9952
3978
2521
7319
5464
9788
7778
2121
7215
5141
9193
6427
6962
6077
6973
9455
4218
2150
9857
9468
6223
9253
6552
5589
5350
1885
5104
4740
6938
4505
1141
9315
8073
6629
7445
1783
3973
5258
1380
9658
8411
612
3222
4755
5888
3650
9417
9444
4455
1754
7030
5728
2784
2998
8988
4839
6682
6143
2140
4191
3945
1268
756
4128
4995
7111
5235
3181
1140
1012
6331
6906
497
3039
9556
4974
2457
8137
3548
3254
7720
4654
8205
2819
7461
8399
407
1682
4315
7143
1981
9910
8181
5948
9772
6308
4643
355
709
9179
1689
8560
731
5166
4822
5497
2680
6895
3746
3926
5210
873
9952
440
1115
4506
3219
6931
2750
4187
2877
3193
789
2526
1202
2068
4816
6195
8316
7359
3487
2567
2616
545
5673
5321
1709
7544
1285
618
4253
142
6005
8721
2467
5610
851
9880
1788
7526
7540
9878
2067
649
4233
5786
1989
7712
1588
3761
6803
7773
2951
68
2133
8188
104
65
6779
798
3040
7651
6287
4948
5059
1057
4086
4714
6827
3089
6902
7661
6301
551
6194
4794
5629
7422
8464
4133
6380
369
9739
8499
6431
4038
68
4244
3068
8583
2675
1456
5342
5279
9836
9133
1031
7486
1293
7322
3189
7113
7187
9116
2909
7889
7197
1266
6644
398
4824
6054
3101
3079
6745
1043
6364
7361
1289
6014
3513
2146
2618
2370
5888
7377
3752
668
678
4043
5803
1167
2630
7876
6649
1045
2537
2521
8648
7012
3203
830
7569
9528
2474
9673
5808
6642
8914
9465
7880
7645
8420
2148
3828
296
9373
8476
1959
8421
3074
8622
6517
1118
818
7687
9275
7727
3604
1170
4184
1923
174
9810
9103
3374
5799
3641
3445
148
2373
1763
7045
2357
2016
4466
8307
2710
6568
8870
4622
493
6737
2681
3342
9721
5980
9956
3116
7259
7010
897
9617
7301
2201
9199
39
8989
1833
4363
9404
8029
3512
5281
468
4907
4385
2751
4446
1552
4116
8370
8799
888
9703
0
939
2773
1129
4193
2146
6703
9447
6842
1366
268
4264
6855
9195
4680
5523
8197
5848
5137
880
7593
9530
5858
4684
3312
3143
8426
502
2053
4063
7976
6150
9960
9743
9030
9422
4977
4752
1950
6696
5297
4796
3389
8382
4896
4880
2019
4329
7449
8381
8420
8881
2878
9961
2319
7396
7305
9346
5784
2466
7361
4083
5891
8692
565
8799
607
396
8504
3786
253
7224
9337
8998
1996
5457
7261
2107
371
8288
9323
1552
8330
3263
3172
2486
4261
2381
7086
2709
5917
9611
3195
7629
7709
4500
7754
4798
2806
8538
4874
7715
4783
5083
7079
6889
7533
547
2322
4734
7899
362
2881
7957
9062
6446
5328
3845
8120
3243
5410
1
5935
5815
7656
7315
1561
9802
6349
7649
4622
8939
7131
8737
4681
2982
8846
8105
6980
3288
5620
6255
3584
5133
1245
63
8382
4385
3876
9083
7869
4211
6090
2876
2432
7752
7771
4231
2187
3627
2687
8603
7050
4466
512
6711
3358
6412
9667
1800
2629
9990
5749
2800
2069
3997
8307
227
6148
1389
422
3530
7831
4392
3721
6698
9317
9539
5992
4783
4472
3690
1735
7489
9119
9092
2092
7097
530
1729
7978
6717
5364
4383
5099
1143
3038
6124
7977
3300
5262
2822
1640
5928
4859
6766
6884
7294
3571
6124
1507
2605
6067
1403
4807
6279
9138
6373
1587
379
4394
697
3302
3034
8292
8296
1720
2566
6256
2288
5088
5670
3070
8464
4752
5703
5900
1978
9343
2429
7804
6566
3729
1607
2000
3619
7300
816
5429
6792
6201
2657
7402
7097
6492
4195
5515
6517
3474
7139
6670
668
3455
2431
8841
9294
8897
1644
4798
6863
253
4026
6165
7830
2356
1519
6612
789
6225
1584
2285
4851
4738
5839
7716
8036
1648
1469
8795
506
5068
8448
4925
245
6520
848
6291
9397
3984
828
9206
4945
8723
1338
8930
9280
8802
7275
994
5381
5731
9932
7294
424
9410
7369
7918
974
5189
5644
3706
5482
7371
2387
896
6045
560
3856
9344
6826
6255
9
3895
3556
3733
400
7606
6056
7837
9006
7887
2375
6206
3336
108
3516
7037
9427
204
1804
9312
7939
4618
955
2321
5455
4395
218
1435
3489
5780
4046
1460
6329
4182
2925
1110
1729
1559
6674
3179
6811
9246
1648
4069
2471
2715
4226
9576
4017
8016
7697
8949
4407
6592
9087
3763
7111
3363
2256
3884
2455
3171
8296
2849
3999
342
4591
4107
1472
6904
3153
4367
9800
5860
4323
2445
29
2911
7872
6870
359
1473
9249
8519
3067
2208
6506
6710
5297
2059
9505
8840
7543
1761
8810
5836
6910
4843
8142
1032
3634
7868
1722
2046
840
6932
1012
3338
6880
6571
6264
6027
7097
9088
6448
3259
1955
8254
9490
7805
3296
1208
6019
3410
3860
7873
5721
3960
7916
9626
6463
6352
8459
2185
6993
1834
46
9826
375
8927
4433
3125
4143
187
1531
5187
9347
9269
9781
5470
6105
7052
5176
7325
6153
6991
8211
6969
5017
8681
9564
1735
1877
3576
9998
7185
4010
1193
4928
5315
4161
2609
710
7935
1769
3098
1777
2798
6333
5432
1266
9908
916
743
6221
7518
1096
5459
4120
2635
5038
7780
1505
9812
932
6068
9023
9929
8233
7453
6561
8394
7029
2676
8147
719
6313
3084
6768
7508
6978
537
4977
5588
9351
114
3826
2656
1090
4322
2470
6172
1868
4875
9361
4487
9136
5991
4179
3446
7985
3564
2421
7308
1095
2219
5099
3575
7525
8230
6602
2345
1542
1196
5827
5121
3686
8626
6909
1414
461
9007
2849
4945
9910
260
1199
5028
1502
1190
4830
1594
8487
3113
7008
2731
7964
8843
2611
3164
7727
6363
2500
2802
4366
5092
7503
7985
4229
1194
7665
6341
2108
8575
5918
9308
1233
4738
8991
9886
6001
7492
4851
4506
4703
8473
3718
9758
6423
5192
3119
738
3388
3679
2514
5458
3661
9494
4839
406
5639
2045
8194
8096
3860
9397
4721
1138
6577
7352
7812
809
2573
6247
6358
7370
5773
6462
5451
8967
5740
229
4546
9965
3600
5334
7785
7693
2616
3333
1647
7494
337
9249
3124
7116
8760
4966
5133
1879
7833
3549
9076
2602
9766
1745
4381
4125
4612
782
1875
426
6511
3095
672
721
1198
3732
2795
6536
8657
903
2156
3203
7991
7609
4395
8044
2748
1078
1735
1247
8543
5330
6914
3876
8689
4006
5929
7337
1801
1019
3538
1371
7109
5954
9726
6210
2556
7965
8750
3063
4030
3582
6945
3618
6556
6602
1915
6996
9924
8088
9042
861
2213
5500
5890
7787
9057
3083
5552
4865
7472
3835
3708
5743
8497
233
191
9700
1772
3654
6612
1468
1010
606
2499
1591
342
6678
3800
2537
3317
8546
4643
6775
2304
3904
3752
3892
8219
7092
694
7992
1005
849
3285
3882
7480
1041
2952
3514
3666
2049
1251
9918
1826
1388
8902
2934
4215
9539
8838
3134
4178
8245
9453
576
36
449
5384
7283
6609
3525
4478
3780
3316
3169
6273
431
7372
7677
7949
3306
4692
5076
1725
6190
6177
3228
9389
4915
9300
7843
1114
87
7727
6312
8933
6555
1156
8370
3686
8714
8073
4161
9245
631
600
4383
1844
8754
7107
2323
1761
1750
6293
9634
1736
7810
627
706
7916
5234
9409
7948
630
2473
2832
5997
7902
4877
5942
9689
9894
9440
2150
2573
6439
7142
2430
6672
9794
8968
464
9285
6873
9283
4424
8655
8918
5085
9244
3041
1416
6262
8961
193
7983
8375
4490
6264
3485
2571
9100
4554
7996
5142
157
1452
8318
9701
1434
1734
1648
1668
1031
6199
7400
6278
2466
4255
781
6052
3409
2318
5477
5045
7049
4102
1129
6374
1184
4095
5301
391
9258
1831
2236
2690
656
1587
9673
2424
6256
2007
560
9738
7293
7550
1090
5649
1926
9399
175
5018
1925
6028
2006
9506
9470
2080
2808
7913
3287
3108
4731
5878
7414
2774
1546
8823
1429
8086
7578
7603
1635
2230
8759
6799
7093
958
9421
681
2202
6249
3074
436
300
9536
3968
8656
3121
6945
9121
8853
7969
8316
8723
8636
7795
393
4235
8010
3408
825
9397
3082
4601
4007
6489
4678
7635
6859
6922
1522
5296
7499
7641
8261
7626
3806
9270
8068
6617
5391
1334
4861
3524
8954
7136
6141
1204
8262
2305
4942
4067
4031
8959
9329
4820
8958
8491
3748
3100
824
3887
2176
2301
7216
6423
1681
7220
2106
3741
5699
5144
6221
9916
6677
2899
2979
2870
4733
9022
6912
3457
1608
4420
4685
8956
5068
1192
5680
3743
7948
6851
2106
192
8998
8613
9132
9970
8349
8381
6567
8536
4735
468
5199
856
8402
9219
9642
9178
9247
2389
8715
8943
7243
4646
2630
9759
2734
9083
3535
1931
8898
1260
1044
7089
634
8892
5395
1677
5740
1097
6425
284
8813
6255
4937
8668
2135
5239
5493
7872
2297
2988
6715
6400
155
6030
7871
4588
2493
4479
6609
5873
4699
9419
123
5396
3919
3589
2762
7708
3075
9981
5174
3084
8593
3949
3967
878
5385
195
9398
2955
5966
8072
6533
9478
541
591
3100
4617
6891
8921
6249
6086
6058
6229
4707
8272
3112
758
8307
4499
2309
332
3984
8525
8942
7492
4501
5536
9547
5051
7345
2448
2081
734
5739
2454
6116
7149
9760
2183
557
4061
7547
2255
5220
5149
3775
2951
5915
8353
4468
5926
2038
8842
4988
9443
5722
598
4912
1032
9393
7027
2620
3746
5975
1711
3731
4341
6037
5772
8528
4076
1352
3343
7931
3183
8700
5015
6821
6125
5642
7354
5360
7112
2363
891
7997
9937
2232
9112
771
5416
8912
9824
4937
821
9637
914
9888
4325
6691
4320
4144
5628
4798
7907
3341
953
3639
4536
3318
8423
5594
9975
6075
9663
4295
2612
1672
9003
8907
9566
738
3430
43
9477
1180
7791
7405
9658
9526
4956
2130
1486
6547
9338
3620
6780
3814
8979
2424
5906
1193
9689
2287
8554
5961
958
2143
5896
2721
550
7145
4700
6417
340
3303
6727
9690
9601
4836
9914
5433
4764
7319
2745
5422
3499
4078
5071
3945
8847
7539
5035
6912
1606
8173
9673
1358
1097
5846
747
2251
1494
6500
6949
1524
648
7527
553
5335
1922
9038
503
1662
6875
6022
2934
6453
7106
1183
7264
4521
8355
2669
199
7279
1122
4168
1653
7599
1204
3456
2594
4619
9886
482
8895
2447
4677
7983
111
8007
3684
8655
9477
9383
2459
7857
9031
1115
5716
3421
7570
7276
1858
377
1768
7452
9330
7076
4453
6942
4915
2754
4112
7205
5714
9365
8972
8935
7198
9956
413
7437
5867
4379
7095
9466
178
9054
7554
8053
5349
9867
1867
3509
8287
3467
7540
9705
3978
4933
8476
8481
2987
304
4713
796
6200
7138
7793
7935
3001
569
8295
5902
2252
4517
1347
762
6002
7905
3227
2583
2872
7884
5741
3945
3248
3736
6559
9371
4605
206
1309
331
142
7756
1025
4421
241
