5057
9364
9264
4876
6895
2600
644
5642
8916
6179
5517
5756
7651
2457
7712
2565
8318
5169
4663
8236
6187
2967
2156
5044
7762
892
9840
3740
1632
1709
4489
9906
8139
9665
4438
1235
467
827
7841
2974
9009
8480
5520
5462
3167
8562
2791
1750
9795
4251
3453
6399
3945
1718
7545
284
3981
8166
4714
7463
5154
5738
8288
20
881
7016
3450
6715
4401
6471
9389
5251
5071
6569
3037
1578
6810
5972
7003
6145
9678
5442
1835
8580
4316
2718
7873
3271
8354
3951
8056
7228
5948
9586
9198
4978
4054
3391
6304
599
2268
4798
3245
1373
8881
1746
5433
251
6840
7171
1617
5386
5411
1434
1333
2448
4533
3157
4695
4522
2790
3946
6159
6689
4707
5848
6184
3215
7599
3961
6203
6220
282
1076
8710
1649
9211
7088
6136
9981
8973
5186
7163
4037
9460
3287
2255
2070
4859
9997
7807
1031
3196
3131
1490
6106
9355
7522
9521
4977
5823
8587
2768
9325
6365
3903
8074
5969
818
2598
8365
2629
7677
9655
7727
8631
3656
2766
2284
6811
8305
5883
5645
67
9769
2455
6727
4250
5768
2610
7821
5467
3562
8696
5986
6479
5114
6434
3871
4210
2490
1464
8765
2615
764
7188
3648
6034
1744
6769
8609
99
9995
7507
5030
5283
9264
2001
9727
3062
1629
3005
5584
6592
8773
9188
966
3429
5189
3696
2040
4329
5286
3834
5340
598
8158
6925
5538
379
1186
4615
7985
5553
5276
969
3964
3193
1893
5293
1841
6753
2800
5814
2718
9126
4323
3027
8016
5268
7186
6046
2585
7272
4426
4401
4477
758
7478
4040
4010
6854
3986
6465
8577
282
6522
1488
5669
6443
3725
5615
2559
16
2820
6259
4459
1696
3513
730
3395
2911
7589
1408
6022
8645
4074
4672
4037
9036
1226
4775
5178
5816
2290
4741
677
2705
4087
8221
7428
7563
59
2524
6686
2567
3036
1254
7036
8306
2906
3611
8228
4075
8610
953
3796
2594
8475
123
1880
8492
8892
4847
120
8355
2217
8310
7312
378
2440
5316
3501
7631
4436
7671
5025
3609
7758
6324
1844
7280
4426
4509
8087
9755
6813
7214
3541
821
1393
2855
585
7513
7026
9508
3750
2189
5016
8840
2919
8699
7618
6185
5428
825
379
6228
5821
1818
6380
6849
8070
9678
5582
6977
9791
9668
4106
1988
3727
848
2974
1831
1949
6904
8814
6842
3066
8056
6469
9120
2718
421
7143
1311
9229
3071
3237
5864
8774
4303
539
9936
1128
6304
8137
7245
8882
6842
1980
8428
1381
2249
1145
511
5095
4412
6085
20
8455
1033
1044
1520
3800
5246
3164
8460
3645
1987
293
3077
6287
140
9999
9687
6830
3370
3968
6532
7953
5760
7177
7533
5547
1314
3123
3827
717
5434
3659
8328
5314
7765
7800
2207
9754
218
5221
4402
8790
7275
4623
2625
8925
6532
9100
376
8666
2160
7478
8010
9315
1418
8835
1642
6533
5313
7954
7144
7985
5621
580
1608
5085
8606
6469
1838
6872
8301
8118
3765
3278
4297
9928
8768
3636
491
7350
3032
8001
1942
2623
355
1210
5581
7071
6662
888
1673
8218
913
295
4258
9236
777
8365
3930
9999
4723
4837
9657
2130
1163
2568
5267
4515
9604
6312
438
4225
9930
5608
4992
5424
6068
4714
4893
9393
5094
4054
9453
862
6370
980
6836
7583
7166
9319
4396
5260
2577
9942
6517
8319
3142
8488
8220
852
6067
4156
4137
8113
6132
4354
5810
268
848
8793
2541
7597
1422
4981
6691
5458
7872
2444
1104
5737
1708
5806
791
7629
508
79
8979
9823
8012
9171
4536
9808
3873
756
1143
409
9752
7699
4336
2648
8684
2377
8130
5335
4529
5832
8142
8874
2622
4323
1370
261
5528
5286
3377
1864
9368
6723
1575
8264
7247
1915
3306
4795
8368
8134
8885
927
3051
7583
8638
1911
5290
3662
159
8739
1797
1763
6194
8187
7040
4124
4517
5401
4964
1027
2557
8608
3850
7751
3606
7884
3011
6470
1544
8967
9638
5140
3254
4933
4961
5290
7264
4222
8080
6429
7657
9605
4556
3914
4067
9193
4170
3244
629
247
6244
4089
3646
5546
6261
6559
2932
7633
9966
4886
2997
5035
8614
6610
943
7857
7006
5480
9995
7295
4610
9114
6307
1761
763
4481
8404
455
4081
2886
7087
8388
9054
6557
4730
9481
8622
9054
2596
2745
5890
849
7397
1640
6276
8614
1827
5141
9029
2254
2849
5345
1074
4425
898
3387
917
4749
4283
5529
8952
639
6455
7957
5284
9602
9556
6705
3143
2489
7258
6969
3892
4762
9260
8836
1029
3762
391
2598
75
959
7975
9445
8470
9949
4969
9942
128
7216
5963
7204
6563
7899
5952
6860
6555
907
8112
7127
8454
5812
4347
5237
728
9125
5230
1890
6460
7082
6126
2856
7188
2286
4833
3522
6913
7547
4205
3991
2734
2448
9928
7211
6711
7134
7070
1246
7047
7054
2113
8447
5839
5506
1371
6033
2114
3319
4623
6071
9165
68
4045
3119
3956
97
5572
4937
4919
3607
3249
2803
6468
9072
5686
6066
6022
811
6903
9023
8748
670
4653
9499
1348
2952
1469
688
4149
9618
6755
6934
1420
1
3223
8079
8862
2476
5218
5168
8733
4564
858
140
3894
5796
6841
8382
4759
7462
1244
5795
8237
656
2055
9185
2523
793
9846
360
7271
8620
5934
9828
4862
6392
865
9804
552
9345
8769
2378
1894
455
5772
423
9736
3872
7349
3842
2011
3061
8595
9501
5071
6
1523
917
4375
2843
8313
4652
7130
5896
2420
9492
2662
923
8991
2522
7492
9541
6867
5020
3222
211
9978
9784
8061
633
6158
4467
184
6826
7824
8291
1702
8470
3013
9818
3884
160
8011
8735
4354
8874
8217
5098
9064
8159
9348
5452
903
9981
8254
2745
3154
5806
6344
9491
3722
3473
7032
7540
4224
4106
3894
8040
5942
6450
5953
9220
1871
5132
2127
9415
4069
6022
3425
107
5529
6120
4
3240
5732
4284
804
7398
7548
2729
9995
8972
1763
6798
4055
4010
6490
3688
9962
4991
2130
96
3707
8968
9603
2804
4906
630
9701
3424
5664
8378
5308
3961
9348
5248
8545
6198
1227
8742
3498
8379
8647
3095
140
9283
1376
1608
8247
5017
4960
3453
5792
1283
9367
2889
204
1020
655
6017
7367
9069
8170
3212
3557
4119
3528
2586
8864
1535
9701
5549
7200
5014
4799
5272
408
580
517
7906
333
7009
6474
6727
770
9728
8345
1036
3854
4168
6339
2796
4671
9247
964
2772
5064
3317
355
5752
8374
4091
4936
6960
2880
8735
2424
5890
3613
6453
9099
2685
8687
6771
4655
5919
6893
809
1349
1780
7790
4923
7817
827
81
4300
688
8439
218
1689
4890
2719
4519
1839
6054
146
3792
329
9973
8331
9549
1595
3606
9420
7281
868
2353
1994
7540
4707
9695
5157
8207
4874
3318
4882
9296
5655
5411
6711
7646
5348
7840
4931
6422
8861
3013
2711
4259
7674
5178
7477
7581
3576
731
2307
9448
4728
2516
9228
1389
3955
9116
9716
9798
5160
430
4789
3266
9508
2561
4043
3336
1549
2938
4680
6153
4987
5736
2340
4734
8931
4413
1477
4480
1650
4652
1591
3079
4466
6541
1081
282
7708
5902
4132
8949
3162
8692
4200
1305
8967
5471
2644
5485
3766
4299
7570
3250
4684
834
2125
2372
3787
4655
336
3820
5995
8302
8892
7746
5095
3392
8421
592
6322
6138
698
4578
5556
7468
1823
3162
6613
4943
9096
3119
2884
9240
133
3654
6356
6105
9493
3801
68
2855
6936
627
9801
8806
2725
8526
6683
624
7332
4099
3465
9028
1561
864
5657
1995
2221
8888
1744
9303
7579
9509
8314
3780
6996
1896
7383
5440
7984
8817
4627
5063
3138
1114
3680
2310
8614
3501
8529
3473
4809
3430
8661
5201
6965
196
5246
4965
7192
6713
878
3241
496
6640
9934
5364
9557
4046
378
8683
50
5329
3259
7555
2770
8613
4802
9348
8323
7973
4254
9368
2154
3375
1835
8163
8947
3680
9863
6973
9410
8847
5634
9610
1835
838
641
2859
7850
9450
9775
5550
1760
8059
3249
5968
2396
2007
4
7826
161
586
6534
9817
9081
272
45
2495
2438
8090
9400
2632
3136
1519
8336
15
9809
6746
8922
8366
5817
3105
5052
9085
8398
2022
6585
2641
4515
118
219
1014
8404
9678
3692
5703
9051
5646
3649
4378
3715
4022
5812
4601
8951
7532
8780
6586
2229
2448
2971
6177
3284
1415
8868
4123
6687
1635
6742
9403
3949
3300
3210
9634
142
8983
8773
903
7205
2252
8170
8854
8957
1430
5311
5045
6361
7644
5882
6081
5627
8364
7529
2727
3232
1407
4539
7870
9671
8264
9789
9378
300
8294
4117
5180
3958
3416
6692
9436
5865
2736
9244
9305
7320
32
5791
8783
2459
3521
7791
2583
9944
931
1335
996
6721
9567
8437
2905
1739
4216
7298
4233
7254
9215
4304
2870
2365
1510
6703
2571
9004
572
2459
4725
6137
8839
3190
6444
9137
1280
4173
3343
4128
1944
3642
9421
6619
8713
3606
1360
7374
695
5336
9636
3357
1925
4239
422
7033
771
8344
6887
7922
8213
5196
3680
3203
1504
1464
8495
3774
3085
9674
5935
6485
8096
7830
9974
2770
1794
3587
5991
2756
3161
7972
8728
7879
8186
342
9983
8718
5909
9059
5813
8591
3055
785
5116
4843
5389
4075
8333
9432
3788
489
7722
8653
5229
302
8738
5834
6429
4878
5250
7314
7811
5098
6633
7206
371
3034
4116
8079
5520
9893
8600
2103
8590
7376
1391
1188
9972
17
8953
9202
5632
2926
4755
8780
2789
2023
9429
8103
16
3261
7014
9195
1000
173
1226
6319
5140
509
5899
6624
694
8258
7237
5709
805
1692
3563
8866
5448
6910
1512
3023
3534
1566
2048
8453
8523
1685
2117
5692
1933
5923
7253
8804
605
4178
2928
8102
4016
6549
4823
549
9389
8782
800
3575
4361
6809
3494
7386
9726
4856
7341
5829
1002
5755
692
3308
9732
9627
6643
1359
9961
5684
9124
5312
452
6653
9118
4079
7405
8517
4108
9044
6360
3116
9628
9751
5646
1051
4435
223
89
177
9149
8150
7704
5579
8931
4678
4643
7166
6789
5042
6504
4676
1591
4067
9395
2129
5689
9342
5629
4929
7469
1022
3323
8641
3165
3571
9384
8198
437
3126
3373
9933
5804
8999
2140
7232
3728
3974
3164
194
2655
4091
7262
2824
5762
3202
5086
1763
8628
5254
4229
4974
3648
8217
4811
7072
6936
2925
9418
6111
7778
2658
6222
786
4285
3917
1369
7744
9121
2705
8707
1834
4853
6748
7822
7538
9818
1265
2647
2247
6516
8237
9928
7598
5800
5624
1419
206
225
7002
5625
3016
7901
6552
1969
3218
8996
1642
6916
990
9529
9818
1148
8555
441
9786
6349
6584
3409
2162
1572
1680
4684
789
8156
3495
8777
9376
3343
6383
6667
686
2426
8567
5210
1467
6777
8353
5543
5955
8417
7646
6204
7253
3564
617
674
3993
9727
141
7132
8427
216
6371
6769
9540
4883
4764
1143
84
1308
1383
4602
3822
5182
3503
9901
9855
7818
1892
3495
8028
4516
2661
7822
2007
3751
7991
4130
7453
9320
6981
527
8144
5815
2836
1574
1884
6370
3953
2374
9016
5893
9225
6692
2139
908
5844
4825
2473
8009
5103
9290
8408
7856
5845
435
1939
5055
7786
845
8442
7483
7268
5967
2900
9398
4246
6384
6946
7693
1594
6682
5281
8974
3626
234
348
7798
3930
6452
5404
9128
4006
2580
2221
4490
3636
4399
670
6458
2550
5352
708
3822
7454
1198
1291
8920
2206
8291
8779
6600
3115
135
9491
7899
301
8514
8644
9074
5990
8913
6380
7853
3724
3528
7774
3862
3029
4310
4459
4667
206
7062
8367
7475
984
9538
5210
1
6495
5618
4697
6966
2488
8993
1008
4609
7351
7440
4215
8354
7370
3092
9262
6524
2790
5579
7310
1320
3036
5788
5470
998
2039
9692
9534
8335
9332
4125
8980
7718
9326
1953
2337
3932
4310
5804
2750
2083
828
3207
9688
9338
780
9745
3222
5063
1799
5392
355
4852
9261
7285
3372
272
6900
1550
2279
645
1432
9957
7629
8569
271
9333
903
6878
1672
9548
3217
9253
9327
7964
8461
7968
3247
2124
8326
3988
6485
7308
6495
1645
9644
6726
4264
715
9819
5807
3900
9179
3559
9852
3418
9040
4758
6738
2894
8544
8001
9894
7708
6075
9429
9203
3320
5238
5143
8169
8532
9382
3377
2402
7927
6168
494
8705
7815
606
5885
6228
5235
9555
1253
1848
2575
5279
3238
8683
972
8470
103
5372
7843
5178
9906
3630
1006
4257
6872
316
3780
4498
9890
8295
623
7945
8405
9355
9148
378
5025
48
990
9378
631
651
5567
4776
4868
6420
4484
3395
4222
3091
267
3669
7721
7348
9252
7141
3031
9465
1385
1563
2394
5439
3371
1924
5047
9752
699
1477
1913
5495
3346
4460
6447
4043
3934
7281
2803
6403
6409
8332
1544
1423
823
705
5759
5095
9628
614
6118
9269
7351
85
3310
4157
1919
300
5127
9821
7881
7026
6778
111
9699
2084
4963
5099
6320
8781
7528
7833
2800
133
4027
5045
9804
6032
1144
2283
2059
6983
4075
5522
7923
6308
1601
9925
863
4102
7353
6316
5657
3829
1480
9929
9205
9487
2613
7726
6346
9185
4631
188
878
8081
6825
3079
3612
9704
5415
5029
7845
4637
8185
4933
9296
7405
6873
2236
4287
950
3857
6586
2576
2546
7286
7836
636
9378
2187
1546
5088
6592
6020
5232
2197
502
8344
410
8318
1132
7185
3913
9757
2156
7636
7106
5683
6818
3223
1574
6979
3392
5444
1948
5713
14
3337
2649
4572
7838
344
5490
7412
8222
5586
9001
7306
4870
1611
7635
1508
4593
9226
9514
7129
9240
8096
5214
2831
7866
9410
2806
5214
2472
708
2372
7536
4460
6932
5623
4200
8458
8048
7226
4557
9567
9254
2873
4529
4886
6662
7700
1442
8666
4517
6956
588
2069
3169
3275
2600
4966
6060
2096
9062
1057
1927
7959
1106
9089
1676
9431
7622
1545
9640
5765
7036
8440
4883
4615
7534
9978
733
4019
2748
3067
5783
9524
4617
5606
3643
4958
4883
6780
8250
3881
6957
512
4816
778
9771
8559
1093
112
7000
5918
6578
4489
2855
1835
3854
6613
3381
9189
405
8914
2119
5768
9396
8710
3414
6560
3267
4524
7747
495
4319
4069
1800
7129
7763
7263
4381
3964
6578
3252
3812
5790
7124
57
514
8511
2507
3271
9354
2909
5072
3415
8663
3861
1007
5909
8085
9767
3948
7271
4109
6259
3568
6951
1212
2848
1284
1804
1358
572
8808
3127
1756
7517
817
4441
2031
7205
9853
1010
6624
7092
740
1156
735
7415
141
6902
7275
6991
3146
9556
2980
5597
7489
6580
123
3033
7895
7235
2738
4065
907
1630
7653
494
9581
3789
2405
5043
7721
9177
8109
5455
2180
4447
4595
5313
2738
1756
893
91
6097
2904
4412
2543
2709
9967
1178
2999
4913
5706
4492
9681
4127
1773
3
5222
108
1353
3797
1580
4595
7345
4227
8625
132
1738
6023
2200
8193
3740
6317
8368
3749
5669
6442
8768
3697
7453
6653
3487
4964
5380
6704
2415
1639
3943
2698
2810
1106
8065
1445
8564
9182
7038
9080
1264
9576
91
928
5647
1647
137
7840
3922
8362
8929
7489
2481
6361
9489
5351
3941
9430
2228
2963
2959
1191
2960
8414
8812
5348
8121
777
7103
6607
9843
6286
9790
2917
3381
7970
4426
3471
1944
3865
373
7525
5454
4278
264
464
8832
4670
6492
7706
5776
2552
6470
2229
589
1491
9584
5764
1397
3540
5954
3514
5493
7258
1728
6253
9275
9488
2413
358
1004
3822
413
4073
898
876
920
1995
9965
6821
3418
1284
5339
6323
4359
115
1682
6973
140
7160
6153
4074
6400
386
9031
2656
9306
3142
7491
542
892
2664
7914
2834
4013
7001
8192
3128
9541
3534
7581
95
9633
8249
1161
5497
5270
7526
1186
6432
9922
7507
3289
3904
7310
892
2413
8036
6431
2387
208
32
6492
6185
1702
569
874
2059
4155
3260
9011
6332
5940
6178
1366
6107
6989
1310
2728
5649
6546
3471
6567
4857
8058
8105
5838
5740
733
5514
8165
4264
9430
4524
1168
1004
2291
678
6360
9683
7433
3663
5367
3098
4581
4384
9181
5984
253
6644
9263
8905
9205
2496
7583
3710
2382
2825
6550
3557
3816
8678
7214
7129
968
5779
7821
2070
149
2526
3435
8835
1469
7058
5188
6140
2212
6286
9753
682
28
530
8977
418
6096
5269
5293
9959
3002
3637
4298
5340
4085
812
7391
8810
2668
315
661
7786
5889
9862
791
3856
5978
4091
8607
805
4118
6577
3760
1279
5310
5305
4818
8303
4694
5331
9015
5974
914
5040
1052
5109
37
4479
8684
4736
5605
8887
8510
8445
827
16
6975
3439
758
4606
1642
4282
575
2427
3588
5826
8375
8543
5108
7173
4412
6558
6719
9809
2171
1743
4610
7651
4927
2661
3880
845
1287
5292
8252
4563
6550
2753
9896
6259
3524
2686
7803
6862
546
5313
682
9287
7627
3176
8573
5991
741
395
8522
2779
2807
8261
5839
5307
117
3952
2216
4183
2902
6045
401
7760
5319
5997
5846
9680
3608
3503
5366
5047
35
1590
2709
5587
7166
6838
3072
203
3846
5596
6956
8328
7707
7719
503
2656
9291
262
9984
1921
7846
8430
6595
599
1489
7560
4844
5114
8870
3110
2973
3463
3960
3520
9547
9128
9620
9424
5538
5619
2611
1925
6232
8460
5484
3432
5983
5784
9798
1273
7348
8879
8891
3076
3653
4509
936
1046
96
6453
3874
3686
9158
4850
9842
9986
9902
1948
1105
791
6565
3059
2318
9196
308
3211
9996
1452
7162
1205
4153
3166
4824
9013
8521
4899
4283
7477
3266
8699
2820
566
335
4308
180
8173
3272
3200
4995
3170
3097
9393
9855
1921
3198
9316
3330
1338
8832
5080
5324
6667
6793
6937
431
9048
1908
6813
1530
7124
5792
9242
3901
4511
5315
8242
9899
4668
2475
2269
990
5854
6432
4706
9956
1790
709
9089
3606
396
5725
3983
5402
1615
1802
6382
9342
4186
8336
744
8917
1790
4777
905
4559
4950
5201
8471
9856
7427
66
5583
3074
7092
1274
7868
8374
1233
5879
6150
9958
9924
8853
9749
7046
5877
607
8385
5961
6913
6929
6120
7168
3350
4782
6730
9373
2254
2029
9605
7734
9045
4846
7224
6533
2792
1099
3302
9067
8140
3738
4585
4164
8488
8750
639
8646
9905
524
7462
5796
5168
6236
1072
7440
8865
5286
483
908
5995
1947
2752
8737
9031
6198
445
281
1935
759
9601
7702
7380
4495
1100
3222
3819
7499
5473
1518
2166
567
720
9763
6315
1635
5588
2071
2195
947
3078
4113
6081
608
300
8053
3052
9468
2466
7395
235
9506
4931
3820
9069
5532
7108
6750
8706
9167
4013
688
2809
5393
1669
41
486
9435
6553
6444
3631
3593
5832
4893
7972
2462
3646
5415
7353
5828
8091
2694
5042
4449
4400
543
7658
7077
1493
6912
1743
8144
1081
6802
8941
2880
9975
8491
2421
8792
3794
9168
8426
4221
2605
9543
2601
6042
7322
1562
2178
1123
1948
8264
4103
2614
6650
6245
16
5981
7395
8898
7480
3168
3385
8135
2535
7128
1708
141
1869
6671
1668
5272
8872
8594
9577
2802
3074
4216
2290
6803
491
4844
3193
3195
9342
7094
9480
9170
6898
8601
6034
6742
2367
9141
3856
212
8187
6844
5654
9235
8705
8738
9762
425
9868
4621
2976
3937
9861
8412
3885
8900
4759
2564
2486
6804
8027
854
8443
8600
6245
1772
9142
8769
4570
3938
6818
940
4317
7409
4714
480
2148
3430
6560
855
5211
4274
6326
777
8981
5242
1612
2803
2683
2959
9542
5127
2595
4616
1785
4397
7981
6539
7491
6487
8764
4635
7956
3347
7056
4666
5005
841
2940
5472
2099
7140
6553
932
1055
5278
8678
4263
6437
5363
2746
9360
2143
887
4344
4305
5526
2260
6990
921
8029
8636
3850
1571
2409
1133
2984
7804
8401
4898
8541
6210
9934
6278
3897
5735
8510
563
2877
5429
6156
3657
9657
2124
7476
8634
2016
2438
3109
8177
4075
843
5351
451
1062
4528
3894
7231
9963
2203
4555
6159
2361
7185
7285
4912
5248
1249
1561
8813
2044
4169
5539
6407
556
7414
2232
8626
8830
2841
6154
8601
8617
100
9895
4562
534
4853
4910
9771
2347
4073
9870
7219
7781
9442
7197
2854
4962
1427
5026
1441
6377
7784
113
6435
3814
450
7744
5204
1702
7440
1530
5343
5563
377
5871
5083
9068
7126
6901
3768
9709
6013
2560
9780
3366
6071
634
1165
9490
7955
159
3632
38
5940
7399
545
6716
9637
7520
3780
9868
1773
4936
3367
6950
174
4292
4418
2846
5703
8800
3847
7236
5161
1700
7028
8527
8870
1535
5112
1829
1941
7954
4145
3129
2499
3563
5155
5858
7987
4413
421
8260
5414
5528
9782
3166
3910
1019
9613
8511
7276
6466
9054
5045
4161
4253
6696
9316
5266
6400
2763
7823
8332
5696
6503
9301
5895
225
2079
891
2591
3705
9372
1363
2878
9631
6543
3206
8053
4486
7630
7427
2777
4976
5056
3764
2026
2577
2963
5609
2190
6705
3738
4947
6765
3965
6517
9215
3685
7739
856
3692
4222
2312
4798
4523
5784
5489
8006
8451
7424
6698
5851
7374
3538
2877
9361
2676
504
1522
2683
6658
9408
567
5482
118
411
7949
272
2473
7410
4880
6771
3705
6740
3904
7756
1970
5514
3584
4079
2601
9467
1067
9477
1061
7739
5518
3941
3194
8462
3445
4914
4259
8715
9814
8750
3627
4907
5572
1948
2569
4321
385
834
4934
2035
6356
9293
3355
8998
7874
5391
667
1401
2700
7939
3019
2744
341
2625
3946
7312
6335
5725
7249
834
8193
8858
3992
817
3446
6828
8545
4965
6580
3691
9237
4914
6200
7811
9706
3122
9883
9593
3998
2639
8243
6312
5075
685
6793
7784
4023
1748
9026
9952
4302
9131
5932
5203
6094
9823
3415
4966
615
8452
9197
6897
333
7027
3519
5268
7780
1313
7486
2385
8134
8192
3571
9383
5747
7102
7243
7199
8662
8683
5891
8223
9952
3721
8956
5595
4836
7980
7738
3676
2366
5456
1151
4473
3968
1690
2895
8594
1243
1575
5487
6027
9398
6528
2927
5333
4430
4591
1585
3864
7675
4347
8486
941
3498
9696
4580
9001
4908
922
1221
9747
3402
4319
8062
2774
8115
2348
330
9937
2021
5768
3587
9868
547
1125
381
5574
9641
3284
6495
569
2665
392
9630
2943
3840
3859
6328
3774
6763
2621
9402
8718
4928
2180
6655
6988
2858
29
7045
247
6580
2087
4509
3767
817
7280
9199
1629
2054
6210
248
934
8757
7333
8785
7001
7207
3816
8877
3616
9780
9498
8030
7523
1170
3795
5973
6895
3816
1744
9380
5446
9806
6090
9394
4480
1251
2760
714
1696
6059
5131
320
6289
3475
5127
8098
7055
5265
2866
358
9842
8925
1029
1430
1364
4694
2559
9588
68
5522
5177
4492
8531
7334
6804
2405
3180
7134
6398
3811
2481
7050
7748
2892
5248
6230
9314
6228
3940
9908
5365
5608
3128
4823
5585
1332
7734
9311
6510
2385
6222
908
4317
2287
9794
8176
9497
5434
8510
422
6761
1324
3429
7241
6194
6079
9110
3331
5112
4477
9901
6531
2485
2310
1702
2873
67
7997
5485
7009
3011
7519
2657
7913
6784
5857
3911
3233
3533
6486
8202
910
8075
586
2576
8155
9591
2365
1975
3597
2624
7167
6543
3041
7494
3492
3473
7653
3006
2053
7389
8704
5586
659
9906
6110
3045
2616
1381
6667
7828
2748
3396
4699
8792
3585
325
4340
6152
171
2792
6666
924
4335
5211
9253
3324
2919
12
1648
1334
4848
9641
7248
4847
6160
8467
7487
977
407
7905
4116
6802
993
7057
9761
8373
7748
7433
5529
2042
973
2236
3787
3136
3137
3528
4704
1419
5075
956
3997
1697
5873
3910
7909
2638
3355
6698
6431
1367
1490
2575
9295
3115
9832
7796
1251
3046
2569
8336
5548
9775
7445
6119
375
9585
8042
696
4983
1927
5210
2963
7073
8944
8830
7272
1108
5555
9239
8843
8467
7004
1628
355
7312
7123
3077
1314
9590
3438
6035
3150
9683
4333
8921
4446
3872
8275
1499
8961
2959
708
6818
5319
7680
5530
2746
8211
8976
4514
3976
6920
1710
9875
9626
4321
9211
3246
4013
9261
7342
9425
4197
5015
6897
3270
7869
2531
1355
6153
7867
8437
267
6742
927
9403
669
912
7400
3339
9580
991
1987
8295
8965
4785
7505
1244
5924
3873
643
187
5086
4964
5013
4350
5098
9136
8276
2236
7180
4999
1581
4440
62
3649
9172
6436
3405
7273
29
8419
7806
8238
4907
8859
6188
1081
2067
8825
8864
9358
3868
8719
811
9195
5317
2921
1266
1421
466
6205
9414
8098
7637
2656
30
3370
4229
4629
68
3351
6334
5392
4714
5779
1893
4601
5239
672
7925
9788
865
26
9211
2365
4648
9417
3962
3050
4621
9747
1468
6808
4430
6942
7142
5983
3951
7603
7543
5554
4917
9182
6541
3830
8146
9570
3684
1620
169
7929
7451
4105
125
3321
3364
5738
8762
7635
1736
2997
1007
9412
1813
2563
4871
606
7062
9226
4467
3297
893
3439
1749
5443
3759
1096
5468
4623
364
4400
7927
4937
4889
9843
5431
8623
4284
6729
8245
7084
3667
7488
317
1830
8834
3841
3078
6919
4215
2629
5231
8600
2428
161
9608
4377
1160
9644
4714
8830
1938
3473
3412
4036
9155
5792
4387
3313
566
7534
1629
5976
9183
7101
5130
9084
8150
647
591
892
5103
7028
7896
3677
7479
5867
4690
9109
5100
3012
2594
883
9897
524
1781
6653
6333
5410
101
3921
2743
8574
1461
2173
1824
113
3338
666
2597
2264
1221
7650
1872
8666
2257
7522
6674
705
8501
9131
3295
2613
4423
3171
7957
3699
1326
3080
858
9853
50
2180
4546
1596
3682
5068
5050
6848
7393
7987
5700
7336
4926
2620
6943
220
174
4237
4114
4887
8568
3102
8117
5107
6317
5120
8379
3069
9138
7594
4512
567
7996
6975
2571
8636
9639
2876
3009
1886
7539
7421
6230
9339
523
8927
7296
3246
3587
8816
8378
3634
9037
5251
6833
9489
392
3279
6511
5467
2887
8167
1393
9874
6201
3076
5911
7330
2569
7247
1992
3374
5316
1115
7312
5190
4755
2990
4711
5076
9140
7936
5486
325
6537
9901
4137
4901
8445
2789
6324
4899
9710
6114
8003
9508
5148
2137
4186
7491
4700
4105
3205
198
5641
3633
9317
6667
2888
974
4728
3490
9478
2962
915
3588
6880
4192
4319
4497
3230
5588
2414
1384
5950
8448
7544
655
8281
4112
4598
4162
8004
5471
3386
8008
1860
8131
8249
257
2958
9795
1687
2187
331
1592
2749
8260
661
8929
4920
8154
1873
7313
6641
894
345
1108
1909
2887
5076
6351
1041
1811
164
9380
9708
8648
2907
245
3329
8985
5211
7088
6007
1332
6985
3496
1183
3672
525
3028
9081
420
3225
2689
290
7258
7939
7603
7070
962
8177
408
3167
9595
6768
669
6864
204
849
570
8304
5385
2337
4921
3902
3361
1123
117
6333
9588
156
4332
3012
6354
2762
6902
4517
2575
3938
4064
4391
1442
8053
1121
8323
9644
7086
6334
5720
1382
538
7560
7371
7396
5989
6115
9454
6694
4221
4818
4283
9468
3989
382
286
729
5208
70
2669
2177
9208
9584
7924
2604
6178
7869
8177
7244
5936
8106
1593
4635
475
9954
8469
3502
4906
530
4413
1062
3211
5317
8734
8549
8653
7309
6779
653
9976
5795
894
7284
1962
7558
5049
4164
334
2687
9838
383
8203
421
5719
95
4822
6924
8482
9051
1077
8681
1421
1558
930
4688
9002
5730
535
574
1487
7906
9868
1059
6157
3149
9323
9735
3914
3118
1132
4221
9901
4023
5106
7493
5526
2710
8657
3163
4871
8160
7642
8844
8483
3482
468
1961
1858
2983
3321
1125
5294
8348
1786
5608
4173
175
608
70
7867
1037
4304
4874
5827
4570
3802
6715
9049
2899
9647
8033
2855
9504
6588
9728
5107
8614
3623
5747
6074
3977
9893
3269
8315
9150
5029
2680
6770
8894
7661
4248
7631
4902
6927
2857
1874
9996
6983
6589
8966
4188
260
611
9975
5936
7248
8393
9681
7694
3118
2050
9863
6571
2191
7154
7900
8637
9025
4758
7281
3326
7845
768
6828
5741
7643
2032
4385
159
7692
3679
2656
5043
1940
2437
1610
1506
6474
8330
7585
9861
5277
7001
8316
1009
156
3905
4387
5709
5954
7829
8877
9012
8685
3107
644
7030
9882
2994
4194
89
9550
7732
7290
2413
3331
5211
2933
2444
4077
4680
7831
6416
5656
6350
7389
4559
5920
9829
6454
9170
2668
1627
7547
5907
2328
8037
9740
2916
830
7363
2041
621
5841
4081
1897
3117
4245
3497
5595
946
1838
6646
439
3427
4995
9060
7887
1978
8719
7875
6231
7583
3044
6603
1406
1360
4492
3129
3656
9725
8941
6151
5834
5775
8472
5961
9042
5865
3551
5076
8016
1974
7776
953
5988
2178
9203
8607
5989
9589
8828
7215
235
794
572
409
7483
9709
8635
7843
3916
3635
7194
2146
3354
196
3224
7761
6055
2195
1043
9950
4873
1118
2105
9668
7668
8592
2234
6499
9188
7076
9515
4668
1014
9269
1258
7592
4020
6688
3673
25
3116
6235
6649
24
6125
5903
5685
5484
8717
2512
535
1596
9497
6269
3035
2588
5625
2259
7598
3492
6063
188
5186
9663
4605
7813
7825
558
1888
3837
3403
5036
4524
9896
6703
1421
7781
1124
5234
6255
6376
3747
7742
1331
4404
7783
2506
9653
2744
9837
1938
3974
4298
79
3075
5627
3297
6285
1397
94
688
2438
5685
2322
5904
80
6574
6789
9833
1959
788
1518
2092
2242
3165
1269
3791
5041
5291
498
4614
5491
2522
5341
1466
3828
6547
3972
5033
4563
6251
8108
5867
7473
4283
6239
3852
9221
7964
6804
2986
4365
8110
3740
6109
4479
3286
1479
2525
7022
5314
8631
6453
40
4234
5005
4995
2268
6533
3568
3640
9097
7701
9932
386
961
3296
9846
4115
5916
6236
9614
1278
4377
4294
2221
8942
335
4062
1006
3331
9282
5475
985
1402
4562
2231
4282
7735
1837
6334
6576
5698
5604
8345
4242
8347
42
8713
5676
7019
7321
8306
3991
3529
5007
4878
2534
5909
7014
4618
380
3172
3058
913
1020
3065
9059
4099
2616
1772
6442
5506
2363
5418
4167
2841
786
6009
2433
666
8516
1574
7791
9874
8323
5837
564
5306
3179
3972
5368
397
839
2421
4544
5777
1923
9414
7344
388
7739
406
9687
7108
1410
9926
5064
4011
4784
8273
4041
9286
3539
3882
3572
6656
7398
1409
4811
6783
5871
2865
5144
2059
5841
6057
7938
9910
6066
8245
636
9229
5351
4040
9016
7690
3788
3368
6057
5458
5488
7974
3958
322
4300
3145
3594
2257
3140
3174
4792
241
5750
7582
2619
9240
2944
5636
2428
9862
782
345
7373
5682
2849
5062
3730
9685
9387
6021
5007
2802
9654
9005
1484
4353
9988
7512
2806
39
9489
6578
1199
5524
6165
2320
805
4648
8918
3419
6592
8866
523
6920
4565
7879
7979
7445
456
204
7171
8578
7598
3328
934
8473
656
4824
1599
3067
1484
7048
5826
8681
1701
5979
7024
9564
4746
1136
1577
913
9332
1281
8044
260
3353
8832
8026
4648
4254
9521
1737
481
250
3294
1476
3630
2213
619
6288
8870
6255
5575
7241
9310
3517
9211
7722
5076
5742
7346
2956
2155
1979
4101
5622
4899
7181
3154
2034
1172
7305
8664
3472
743
6518
3666
2148
6897
8480
1101
2667
3389
7108
8664
1595
2181
1659
6759
5400
6285
4308
2692
6626
4364
6938
1043
7052
8487
6869
4976
9912
7820
2156
4007
5901
4696
4904
6207
3211
7541
4867
3812
5093
7924
4223
2319
5997
9826
1956
4661
1421
1034
3009
4553
2593
8616
5620
3838
627
8565
1828
3485
110
8980
795
9056
9460
6743
1090
3529
5371
4159
644
1105
7010
478
9972
9761
1137
5787
5147
5510
9662
7969
4377
2917
9964
7892
9261
555
190
1
5599
6959
3114
3489
7467
7031
1512
3642
7128
8436
4937
1922
8902
3915
4357
5681
1559
624
460
4257
228
6945
1950
933
3168
9132
39
2563
4569
1134
3522
7375
1994
633
2814
2918
6238
9570
8206
1076
7632
2884
3001
7106
4158
3508
8850
687
715
3154
8947
8890
3587
5272
1794
4057
185
3042
8934
2186
4013
9131
6914
6147
9209
7792
8975
5463
8794
1746
2697
7112
3036
8814
6016
852
5502
5905
3086
5246
3093
3098
4968
681
2669
8096
3374
4515
2201
7756
5084
9324
5531
3253
3555
8081
896
7398
4882
4297
3331
5118
7789
2604
5281
5892
9456
7499
1724
7941
9293
2336
2009
5596
3521
2435
5557
5996
9764
2309
2500
4685
5471
8861
8650
4288
7160
6141
2498
2113
6201
1648
2731
3304
3184
226
9619
316
4639
1212
6828
3157
9778
2026
7291
2012
9008
2315
495
241
6427
8677
3998
809
1314
8274
955
6418
9286
939
5492
1092
314
1935
6552
181
9027
1407
4374
9449
3343
6362
4560
8517
6562
6848
6718
5166
2923
2085
5791
1443
6629
6933
9211
3380
5065
9870
7332
3789
7553
7726
7706
3170
9687
5914
1469
2505
8540
136
8589
2239
4517
7017
5230
8
9056
2150
2568
2215
1076
1734
8026
6133
374
170
4686
4146
648
7638
9560
7013
1068
3868
8840
3074
2070
5893
6351
6903
6943
9119
334
8994
6086
7486
3417
8131
9041
6208
7915
4169
9505
6082
5923
7804
2435
8568
524
4791
5811
6877
3259
8576
2171
5095
4897
8821
1082
8181
384
4004
6752
121
8427
583
5316
6556
1494
5098
6520
5314
9116
5770
7909
4123
8063
5052
368
979
585
6231
9614
6679
8721
4512
8212
9540
4986
9456
9974
1198
3126
8820
321
7593
2936
8880
5925
904
6871
32
7338
7680
5214
4701
9187
5768
8960
3241
2448
3295
6969
5607
7437
8841
6511
9465
1400
8663
7031
1272
3088
5411
8421
9082
6873
949
3691
4755
8460
4085
9522
3994
2618
8670
2583
2102
5569
7786
2636
6918
184
3791
8831
4426
7476
8678
4120
4497
3293
4197
6796
4351
9531
8808
5775
2667
4058
5664
9318
3651
2828
9159
7818
428
4557
3087
2969
8777
4354
7031
1846
1159
5339
1737
8177
8868
7591
6867
97
970
1815
9280
5821
3963
2795
2562
9258
4730
8600
3022
2543
1540
6683
1491
7348
5305
6615
8792
4889
5403
3210
3810
2915
8258
1406
6496
5393
2185
5275
7651
3004
712
3849
3724
2669
9567
4355
1156
2905
2988
536
450
5063
5642
2555
7069
8995
934
8427
3598
8427
6670
3068
5360
4470
6985
5124
7191
3652
3853
6338
3610
1375
7921
9560
7119
9441
3135
3209
2
8113
4597
1933
7793
5989
9161
3426
3575
9051
7703
8637
2803
3378
6600
4222
1108
1779
9904
4338
2996
1165
2580
1185
3149
7550
1671
2151
1596
7949
5216
4928
1297
8612
1177
1100
7824
3500
9030
7043
3463
4944
8415
6098
2588
8099
1564
3795
2755
4046
2317
7531
1961
8786
5123
7916
2656
9931
6654
6651
2311
2101
7476
1116
8996
6488
3547
7625
2689
8175
3075
562
2481
3943
7987
878
397
4403
1646
9935
6960
1900
7490
8068
2363
6277
6381
4088
1509
1708
8172
5079
6771
9004
6641
8385
1216
1056
9200
1959
953
7795
2902
8403
4664
8419
3847
7156
1306
4099
3362
4678
5551
9599
7171
8224
14
4747
582
8823
7042
4468
8866
1584
9174
3576
5034
1379
2696
4449
3131
6779
1516
7452
5378
553
208
1256
8990
6056
1255
3354
8957
9884
4821
4734
2854
2388
7830
1655
9282
6286
3419
5447
8087
2073
3458
4571
498
4502
5504
4526
7761
9240
2590
7486
7947
9370
7918
2411
2093
7536
8152
5979
7873
9141
8565
874
3260
6531
9735
2671
7749
8690
9523
5210
973
6519
1500
5066
8464
6622
1693
8139
5270
5011
6739
4844
1605
6009
6757
206
7575
6797
6193
73
2228
3685
3044
8537
4476
3202
8581
7045
3571
7013
3342
1664
6649
5886
840
8008
8917
15
6899
3484
9965
5903
6383
5099
3237
890
4937
135
4481
7062
3461
6185
2441
8752
1093
7342
760
4549
1107
8078
945
8429
8321
9917
9791
1601
378
2443
934
7821
5892
8342
4955
3872
4421
3295
8317
2721
6223
6506
9903
8620
7338
703
644
5834
860
2829
4357
7215
8807
6158
6241
6972
3375
7654
2114
4244
3718
7765
1992
8316
2726
7404
6836
380
1803
8156
4739
4386
5403
8889
5813
5190
7778
7246
6953
9831
9230
3531
8823
8100
9348
4185
2089
2807
5693
3517
6423
8428
1296
283
3197
8640
1885
9010
6700
1301
3731
3365
9834
97
2175
4250
310
3845
9219
4923
8924
7643
1630
8234
1217
6457
7677
8274
5308
7315
3678
3848
6929
541
6764
5105
123
9117
2268
8396
7270
4367
2819
3968
5686
5762
5842
6448
1463
368
351
5531
6706
8955
8289
7969
6056
9554
4855
7198
7950
8659
6326
9595
5653
8090
142
7754
9557
9608
6647
1167
5414
9455
1005
3487
2235
7913
8405
6960
6507
3705
1707
1391
9357
8329
650
9121
6367
6562
3863
4401
5971
7770
858
7112
6167
8264
2521
5451
2800
5507
6787
1518
1730
4232
7350
759
557
1258
8606
269
7160
3956
5579
2014
3475
5034
2349
4928
7324
2366
1375
2399
9936
6574
6781
1845
2475
922
2131
952
7582
8739
2147
5150
2796
7935
1074
9243
5569
329
6944
4939
2175
4070
1987
8683
4615
2418
4815
6209
4272
7705
6388
8812
647
2977
3747
4949
4164
5269
5598
645
9236
8140
6956
1521
5912
4280
5877
6049
4570
571
816
4894
6967
1410
8743
569
9261
8534
4851
4248
4290
8424
6826
9371
1406
2697
7601
1037
3303
3660
9631
2374
1431
1315
2753
9037
9212
4261
5859
9915
5083
8114
641
8139
7634
2093
267
7965
2425
3608
366
2793
3892
6462
7333
673
4248
4201
8331
3328
2887
7332
1547
9406
9802
9530
4710
389
730
1741
7312
542
2186
9939
4216
9333
8533
731
1570
1499
9184
1597
3619
8553
9451
2656
4232
8146
1993
9541
9988
6402
2569
5616
9268
483
7857
3142
7072
1774
3670
2562
7520
2414
4315
834
3944
8048
8723
3759
2626
2118
5748
5754
727
1883
8234
9521
4505
7410
6853
192
1568
8119
1345
2485
4767
1415
8480
7356
9666
5915
6038
1865
374
7390
1136
8036
8645
1696
9249
2765
6141
708
9755
1921
5980
1252
4855
1254
1675
5316
9441
2304
7027
6308
7522
8470
1568
5598
8651
1214
2593
5312
6588
469
9816
9652
30
7259
3652
8730
6595
8699
1257
7527
8328
9496
7017
6134
2115
7362
5969
7213
1759
4376
5442
2987
2129
8968
4619
2302
711
4226
1984
2001
4204
6618
2104
1554
6394
4524
72
1105
9676
4186
6872
5060
9951
7409
6559
4631
6197
7162
2209
8353
7637
5164
7601
531
3938
1566
8947
3993
3062
7978
1235
6722
7115
2334
1196
3469
6199
3020
5990
1481
2065
5920
3727
7727
6692
1426
1364
8571
8127
1553
9133
8820
7270
2128
7203
9005
9001
1517
5150
9556
5790
1868
3311
824
5661
8770
5654
8184
6025
8589
9537
6039
4230
2321
6114
3371
2251
7277
5980
628
4182
7420
3882
3546
3798
2120
3084
1807
4505
1769
9071
5603
9234
4634
1223
6758
4902
653
683
9417
3460
9189
2013
2158
7231
448
453
3373
6585
4296
7354
7992
685
1199
4268
1254
2921
7896
6048
9772
2550
197
2089
8394
7478
6362
3232
4961
5241
7008
6975
9218
6044
4854
6655
6178
1023
7250
7148
3593
944
8533
1426
746
5033
477
2423
5789
2915
5108
6725
4520
8246
1397
1825
3596
3038
8175
3517
7436
187
162
1974
1512
2213
822
1915
6839
3402
1818
2139
419
6790
9898
2457
4222
3822
8411
6367
5427
1209
3360
7084
3799
5019
9326
5340
7727
8223
4156
6626
5963
7664
8196
3492
2639
2676
87
3091
6226
3430
4813
1606
1983
5934
2554
2578
7705
6383
4412
6600
7404
7709
3968
7579
9838
2489
3556
2748
2021
2283
2855
7396
1474
5627
9325
6557
2490
5675
8303
365
5446
6437
655
3664
6496
8332
153
1250
5342
5297
6580
1430
3003
3877
5560
1589
512
5078
970
1446
6914
648
4531
1942
6421
1233
7023
853
9135
800
5408
589
3223
811
531
8751
4811
8276
4330
8588
6241
3256
9720
1916
3398
3012
1788
9951
7170
7764
133
4526
1788
4537
8116
7773
5353
1733
5310
1391
9440
9382
4064
1830
9225
4606
6285
5109
3620
5531
867
4132
2055
7031
4028
5552
7935
4526
4992
7388
7158
3527
1096
6024
5317
6306
8381
9436
1313
3260
1023
1537
9538
4386
6706
9916
4897
6495
9842
9320
9359
5811
5335
7599
4818
5779
6659
500
5754
1191
9401
7264
3826
4293
9768
8600
3795
2343
6468
7063
2338
1466
6358
1149
8585
2422
8457
9492
8082
3045
8789
170
1808
4322
1946
3312
5800
9280
6802
3038
5389
4020
9209
6352
8522
9904
7592
1697
6407
876
8860
3971
8238
995
7462
3432
5064
5943
8667
721
8801
9378
8444
6624
8394
7819
1888
2843
1901
8753
8908
7440
8634
5655
8085
623
4656
6012
2269
2137
2136
4630
5945
7155
2891
2090
467
8663
7332
7818
1947
5095
9760
3451
6552
8190
898
7842
6621
6997
1299
2891
4150
6367
7815
1270
1793
2946
3770
8238
5546
595
905
6503
4687
2380
5997
8052
2882
1212
8465
8658
1485
5003
5189
2788
7055
4920
1100
8827
6196
1282
3008
2130
8148
2623
6374
3508
6706
4508
827
5242
8404
7810
9053
101
8866
4865
7638
3348
4055
4396
9939
6531
4565
640
4532
5760
5669
7922
6940
9275
1595
6260
6487
3417
4088
4372
4747
8581
5082
4498
7991
9012
2494
4923
9065
7875
6262
5383
8540
9871
7349
3083
6910
4961
7654
6091
8927
3444
6285
5040
1269
500
7493
8690
701
2405
4137
7010
9564
1821
3534
6215
6691
3935
1549
5299
6321
7765
9759
8432
9602
7497
2465
5069
437
1424
5462
47
2556
7908
7436
9622
6652
6556
3638
4701
4180
9786
6105
3085
8939
3440
4611
6975
8162
2272
2821
9532
9288
8271
801
8531
3484
6437
6638
2101
5901
8724
1448
9345
2302
2963
3221
1879
869
918
3954
6603
8050
4923
4764
8057
285
3875
8859
1615
4040
2059
249
6539
6612
1206
2304
9393
879
6601
5041
5897
8362
7682
5952
788
5801
4742
525
3337
228
3398
3310
9840
9243
2941
1255
8441
5158
3800
9068
4378
8266
467
5773
6068
9527
9228
5680
2305
5182
7798
1949
6636
2224
125
2946
252
6994
2288
5415
5502
1005
2880
4716
6398
3025
6147
3358
6051
9194
1845
4984
3588
8090
7837
7094
5403
4822
5527
21
6308
5629
3443
167
2801
5267
4009
7234
5614
1820
3254
3000
1884
8563
2168
8785
4604
5722
2691
1284
6249
7324
8045
3861
2690
2622
6092
6152
8307
9477
4762
9987
6768
7761
4962
2162
6205
3206
7898
5684
3309
8715
3260
4707
5861
1899
6771
7265
9947
7561
6846
4205
8656
2449
1220
6069
5144
8026
3493
4054
7474
4903
4265
447
8456
5997
1591
7571
1061
5918
2164
2556
8717
2899
1430
1725
2846
5049
387
592
4193
9491
9115
3247
4829
1837
335
8302
3800
3648
940
500
1787
3809
152
2395
4305
21
9944
5245
9179
6079
1435
8862
1939
1817
9335
329
4779
6497
686
2227
7282
8234
1724
747
834
6164
3424
899
8729
342
3669
9528
9793
312
43
3052
1390
5037
3543
2485
1108
3933
9988
8527
5635
4368
4484
4444
7840
2870
839
1724
4801
2612
2998
9511
5988
58
3213
5591
1276
4303
35
2451
1770
4429
7991
6294
692
7594
4840
2463
5028
9067
3921
465
5552
3997
6272
906
8033
6862
4178
5280
2722
3509
9837
3863
6615
7858
3944
1840
231
272
1099
908
568
1719
9663
1726
8806
9870
6257
3422
6303
9262
7224
4633
1230
3810
4592
7366
3633
8619
835
1491
6890
8751
2708
1502
1247
4529
311
8177
9758
1324
944
4260
240
6344
7846
8678
2360
1424
4644
2422
2905
6218
1788
2235
337
21
3736
8436
4566
8657
5743
1882
4364
7176
5104
945
6384
5435
3133
3901
8355
6007
4151
754
9798
5638
4690
8035
9919
9265
4773
3564
7846
1187
3201
4491
6830
6601
7067
4473
3235
4118
6856
1111
8444
8419
6452
4227
3693
6803
2543
1322
1613
8549
4948
7623
1102
9043
7782
5210
5646
6343
3546
756
2073
8429
4140
2734
2745
6371
3343
6713
6747
3020
2852
6544
8383
2837
5845
6953
3180
463
4271
107
8557
8299
1626
2122
9996
1251
3911
9181
6810
4837
1333
1313
2488
9387
6239
6246
5572
6949
7445
583
5188
8217
8342
7495
9128
9856
7335
9143
623
9137
1682
4884
9097
219
5470
5277
2644
8780
8551
9986
9526
431
5930
3287
