6846
4886
9669
8130
639
573
7181
1660
8211
5913
1740
3998
2820
4805
1700
4097
9954
93
5925
6126
7329
4764
3481
9128
6492
5778
2767
6168
7177
9253
55
5011
8251
2303
1735
8376
4622
7605
1512
4950
9427
8167
9920
7579
1016
3971
2300
311
9810
6676
7962
3310
6953
3785
4561
924
5985
5536
7213
8114
2641
256
1131
8287
4162
7238
9037
2011
518
583
1786
7149
626
2821
9813
5068
8233
4125
7576
2738
5702
8540
8654
2348
8613
5346
6298
8382
2095
7679
6599
2851
1233
9866
524
642
4680
3696
4043
2941
3035
5241
2983
4115
2980
8950
9152
9381
3708
1383
8749
3766
9874
1225
5060
6475
1240
9740
8872
7105
9067
4211
9632
702
2908
1557
6864
5552
5888
5408
1206
7746
4832
3517
4228
3277
926
7374
3461
3499
437
8564
6621
2263
1803
1837
7233
6144
6998
5659
5456
9547
6840
3616
4749
3608
6248
7429
9610
8845
5966
906
8610
3167
171
4728
787
4320
1315
514
4791
7282
4136
2041
7326
9625
1940
8286
4873
5694
7858
6307
7877
7263
3770
9211
8913
3380
6279
3264
9054
3981
2087
2371
1251
3768
9934
5597
3514
7518
3463
6324
3963
4253
6265
1146
2914
9056
4705
6848
3695
2746
9186
4215
5354
7137
8710
9399
4225
5175
7279
6792
3840
4309
8542
1966
9660
2160
8223
2738
508
7901
8527
8570
8132
5584
4828
1835
2271
2480
3367
2725
7112
247
136
4957
4485
5414
9295
9896
4545
4741
738
1266
9845
5623
248
1135
7458
8331
1136
2105
1757
8128
1535
5640
9975
9584
3140
79
5112
2445
4986
6243
7880
4890
9177
7927
7706
5696
1481
8114
997
4656
4789
8722
3744
6520
5464
2794
9657
9903
1718
6439
8705
842
9913
9472
1384
6497
5303
7756
2529
844
5484
1085
2226
3718
7370
4954
8411
2868
2585
4922
7360
5039
7724
3948
5236
9052
5906
5540
8132
7709
8982
7920
3149
7729
8580
5608
3243
694
4231
5556
3455
7087
6548
1687
1115
3328
8653
3273
6446
3814
6387
7491
5287
2548
9451
3555
4903
9064
539
1696
8792
7851
5666
1383
7411
3703
1265
7123
4307
3588
6394
6508
2260
4987
8179
4694
6007
1852
3303
922
5653
5818
921
1537
9405
3731
7862
1293
8828
8590
3110
8322
4840
4477
2911
4641
4793
9570
4886
6854
5221
286
9106
4759
4854
1796
4847
1325
5273
13
156
2847
8150
5412
7394
8169
2247
3025
5025
1164
5336
1587
7960
9231
9161
5382
7312
8547
7650
629
151
8100
6228
2505
8180
1323
6040
9471
3643
6384
4166
247
7535
4845
7956
1256
1775
8366
3657
1570
2879
1253
8365
2668
4980
6441
95
235
3003
2142
4802
3876
3318
913
3669
8744
2596
7786
782
1054
7916
195
8274
7727
5654
7400
9587
3819
2934
7476
839
4201
390
9131
256
9979
6495
8055
7966
672
3411
9577
1165
1970
1626
7681
9100
9904
598
6985
5788
4567
6437
5291
9584
9449
7716
7219
9527
7327
2635
992
8420
4554
9512
8787
4006
1221
7883
970
3369
2071
9931
5623
360
4981
7844
776
1100
1220
1742
2588
1478
2012
5467
1435
6853
9688
1548
5156
3605
3929
4768
4932
8212
2938
1547
2786
5746
9215
7295
5560
676
855
7449
5659
6709
9712
1338
1259
394
2345
9552
2934
3200
6019
817
6344
6005
0
4532
4525
7375
2830
3628
6566
749
2317
4193
8650
9400
4123
9228
596
6949
4402
4063
5338
7642
455
6496
9645
3194
5635
2832
7308
2015
7822
3627
2980
2003
6407
5406
5683
6747
9872
7888
8794
4881
1526
7231
3311
8044
9951
1672
6482
9710
6492
499
2696
6298
2862
4824
435
6096
7045
3938
8355
262
4771
862
6069
8052
8414
3023
1257
8092
5749
4578
5810
3493
4842
7833
5303
6371
5805
3463
6038
9188
5370
6295
2776
6297
6409
9017
6944
9071
2531
9353
2460
8329
5524
3981
6126
3564
2524
6444
3733
486
8175
3094
3380
5516
9724
8275
9604
927
9547
732
1829
362
848
4864
8352
8731
6460
3380
2600
9195
8946
9931
9806
9036
2071
8685
2836
4862
8514
2103
7465
2717
9172
3103
4851
539
6321
8689
3883
9574
3628
4395
3618
6773
8753
8034
2210
2948
7499
6239
1599
7882
3958
5322
2380
4163
8494
2833
1225
7487
3735
6789
346
8902
9014
6833
8259
5942
4204
3159
6448
5882
2243
2265
8849
1305
6177
9457
4595
3209
2442
1534
617
4382
9650
5243
7193
6706
9263
9085
6371
6514
4765
7690
8012
3459
699
4432
5401
7568
2754
5321
6535
5713
7158
3961
9607
5209
8533
1153
7750
6556
4061
372
9883
6315
4202
4114
9226
6222
2509
3958
6310
9549
856
2841
4050
6330
2965
8306
3880
3870
1479
5547
2659
6719
6600
3152
6247
4106
6593
7974
8321
2787
4120
6501
3416
2007
3603
1588
515
2602
124
7824
4420
2193
9085
408
4642
2270
5594
3096
9364
3588
333
2224
3305
8262
125
5425
1973
7504
4392
6147
7670
2929
287
7141
4165
2548
8737
9155
1671
6585
6367
1453
4611
3493
9519
250
5550
6739
556
2072
4338
5957
923
3550
8381
5211
3848
5248
5974
5550
8063
6094
7482
9818
7926
7610
4660
3782
1559
2643
7660
2353
2476
2563
4902
7499
5875
7842
8011
5741
7201
917
6245
7158
5811
2727
7603
4851
5167
322
1148
8233
6345
265
7745
6370
5073
4261
1627
35
4890
2682
4372
7798
9782
7958
9473
2920
8765
1557
3453
5088
4364
628
241
9419
9657
9904
1407
3072
6213
4202
2157
869
4859
8778
9071
2174
2421
6508
6110
4796
3997
2811
5684
6746
6945
6617
1689
1727
7136
9464
631
7265
9089
1464
9578
7991
354
1981
1620
1928
3022
4428
6301
3109
4760
7491
5639
6016
1892
5394
4847
9640
3557
1914
9423
1698
4881
4736
6529
1254
672
1245
1726
2179
1331
597
597
4559
8210
3058
3591
1998
734
813
9182
5054
2325
8345
6126
4974
3747
3948
1764
1977
4645
4298
9483
3107
7562
5359
8589
654
8370
7065
4374
4697
936
2576
9813
8518
5260
9795
8204
2215
2745
8289
6982
1348
1285
8496
3368
6603
9703
4093
3280
8084
8050
9633
3066
2688
512
9964
4898
5454
7258
3312
3603
3241
1283
4429
8446
4562
8981
1060
1702
9349
6707
730
6088
2506
9613
9948
249
6875
4578
4522
8455
2525
8432
1345
433
4221
1526
2744
6947
1048
7291
9750
1593
694
4392
8990
9860
5556
1408
857
9867
3886
7312
5007
4873
581
7168
8801
7972
9330
2889
4997
3774
1767
6690
4879
1668
8382
8275
9689
7540
5105
2746
9087
7211
7317
939
4761
9980
2547
6561
9878
3773
4612
6740
4929
6476
169
2515
8771
7727
3620
1393
5269
6408
6903
5884
895
4999
599
696
4002
4153
6220
6138
1599
3503
2200
5248
6690
6969
7345
1262
9518
8833
7965
6483
838
4549
1049
1418
549
5804
7158
6572
9595
4825
7040
8067
9957
4845
6460
4058
7944
8871
6062
8640
3929
3062
5909
7083
7948
4704
9539
9784
4519
4603
4076
5073
5698
1080
4410
8968
29
5631
7915
2544
2238
9766
7208
202
3237
603
9330
4925
334
369
7771
1263
7539
7719
8958
4768
6411
5635
2445
5558
1715
8814
5813
6114
6567
2457
1520
1761
4254
9614
8438
1199
7487
5265
5041
4519
115
8677
5388
485
4937
3291
5958
9708
4031
7045
3241
1459
6596
4616
1586
3865
6472
9344
60
5994
1772
6797
4222
3578
4347
716
8445
63
9028
7216
223
9835
7203
5247
4654
9974
2619
7913
6612
1866
3779
1171
233
3688
5354
7650
8599
6312
8872
5939
6454
8253
8978
3159
8825
7463
1577
4668
3091
2386
7488
3047
4599
4620
7913
652
2140
2980
3579
5440
1433
5342
4129
8790
8498
4819
4914
662
4015
4277
7592
2588
1061
9391
7903
140
1684
6843
9581
8275
2525
2254
5304
9752
7613
78
8984
4258
9450
2675
2395
9811
6536
5867
1854
2162
7033
1720
9679
2247
4399
6148
9884
9647
3999
2277
4999
9183
2900
4811
7017
4820
8061
2741
9903
6697
2549
372
1078
8355
1100
6744
9503
9735
7350
4662
1534
1899
3440
3643
5781
4681
4027
9770
1128
5663
5511
49
7229
788
6989
6090
5314
6389
5993
973
9738
9469
2562
4771
5509
6196
4935
6069
91
7358
7063
7763
7237
1460
6061
3376
1689
1616
1735
1370
7664
7201
3281
456
2293
7327
1795
3517
1564
5992
8963
4473
8508
7689
2104
4222
458
6232
4557
8287
7524
2446
4910
3349
8375
1426
8227
6955
1566
7681
1366
8073
7432
2009
97
5967
3604
1460
7081
2743
4619
2146
6737
6989
8585
3744
9085
9722
6026
6965
324
7339
2430
1434
8832
4560
1560
3481
118
9297
6041
6526
9276
8523
7539
1003
860
2680
637
2104
2180
1325
1746
1367
5478
2092
2758
1014
4995
2538
647
5165
7887
4235
1723
231
3505
8681
2044
6877
8154
3924
3021
6318
847
5331
7751
8187
2644
4888
6740
5054
3447
4274
1319
1355
3719
9900
5046
319
495
691
5414
245
7058
3829
1537
7303
2740
8980
3046
5554
227
3897
5918
6370
1345
2934
1030
1276
591
9380
9742
219
8887
2235
3229
7505
7654
1440
8078
9375
7076
3640
2459
7409
114
3739
2788
9568
4430
7380
1020
2331
9414
1557
4625
6640
8503
6327
3526
3779
4016
9038
830
9985
8936
9643
7223
3759
9609
9916
481
7899
535
4174
8538
5188
4881
6450
1463
6806
6339
1806
4208
7277
2453
7578
2953
9307
1332
3450
665
6964
1995
2540
1641
4070
9006
5639
1675
7719
3938
5028
707
5590
3228
8504
9030
8932
7269
47
6270
2523
1734
581
4440
3148
3190
9661
8955
1447
3229
6565
2004
8691
3764
5232
8802
94
1836
2131
267
2814
3399
3244
5593
6709
6374
9915
1733
4211
6000
3877
8174
517
1148
1501
3158
668
6316
2547
4282
2377
9686
1865
1931
4835
3999
1392
2094
2523
8774
962
5468
6487
9307
8424
2518
363
1146
6971
2826
2534
7480
3799
2698
1655
5049
6204
6095
624
8651
238
5610
3155
7458
7149
1954
410
7505
2383
6415
7219
50
9304
9922
3671
8514
4747
5359
2668
7916
8923
8984
6976
288
475
6951
3526
5344
5555
9479
2285
8023
7796
6048
1580
6454
5010
733
2202
6893
7952
6556
7177
1266
3082
3809
4531
2416
9179
9575
7452
9823
6623
7204
119
8860
2771
5768
4901
2262
345
4882
2279
1573
3447
6591
9333
8742
1391
2864
5832
2502
6137
4694
5633
9707
2268
8109
5596
7242
1516
3794
9775
2616
5101
1587
3661
8561
3269
9745
5768
6542
160
8308
5202
711
6749
1468
3812
9205
469
9999
551
8834
3596
6244
7664
5104
6097
2202
5993
1907
1392
4181
4218
4347
822
663
3175
3713
7940
5223
3123
6878
3228
5217
6578
2803
5176
5162
3740
8728
2331
9773
6701
5108
4559
4903
6441
214
157
1836
5421
7966
988
3412
3408
1211
8736
8853
5353
5010
7107
8862
5978
1848
3378
7085
8362
7612
9470
7917
8769
1043
3203
1664
5500
2337
5605
4037
9744
1265
1510
1430
2635
9025
8340
7969
9430
7021
3999
8465
2278
4599
4104
520
2354
3456
4309
2011
1391
8710
5650
4810
6391
8329
6705
7002
2313
3579
8242
2801
2073
1044
2973
8638
968
5887
6348
6402
4526
7877
5366
3247
3604
2308
4390
3435
7502
6923
4762
7809
1317
3301
8487
3172
947
2239
1322
5921
6840
8952
5434
7776
7017
5380
8281
8518
952
3869
2392
363
222
4934
8682
7763
2101
7661
481
7291
8579
1261
4517
8321
3248
5117
8003
6416
3720
9337
7938
3863
4076
986
3216
7333
7923
9557
731
5636
6206
3965
1884
4031
3850
6965
8382
9264
6302
2214
173
4939
5011
6922
2233
208
7171
8563
3769
1617
539
7242
892
6913
3962
4871
8970
3525
716
7306
4730
3882
80
1717
1357
5250
8084
9254
4503
9164
3683
4980
446
7423
8148
6117
6826
6739
9380
4041
477
3500
6814
5191
9100
9395
39
9858
4779
3875
3126
9608
1639
445
144
871
1149
4233
4242
4044
8776
4986
7287
7097
1959
4539
2954
5618
8925
6636
3733
9941
6722
420
1847
1780
1639
4753
5844
6496
2983
6099
2423
1603
2169
6817
5203
2857
6561
4919
3991
7324
6102
3805
6671
667
6654
9109
5335
3175
1270
5216
5275
8634
4110
7565
9753
5236
3265
9775
328
5971
6690
4746
4146
5662
4018
6522
2045
3758
7790
2832
4007
3514
4164
2650
2159
3181
2982
7726
2337
1814
8248
8003
4633
4540
8756
3100
6009
9932
8173
2913
5590
5152
8960
507
9340
5278
9574
1772
9169
8042
86
4905
9863
7433
3959
262
7067
9635
2611
3340
2683
2356
1800
5689
9365
6207
2168
2468
9674
3663
48
411
4449
8460
4117
6171
5495
8758
9946
9547
4852
1682
3646
4726
1098
8766
5763
4867
8775
5778
9225
9842
7353
1108
7145
2389
5009
4104
8990
9289
6640
1171
1165
3952
9534
9898
3269
4301
2345
92
7153
2011
9483
2840
4667
7049
4580
6380
4123
7094
8582
6332
557
4837
2272
2939
8656
9021
1458
3241
602
7936
2335
7481
5081
7878
7601
6382
8308
3317
6902
562
1712
9183
7639
5602
9647
6920
9994
1625
1939
3363
1357
7063
4529
2536
5747
8717
3792
5380
7148
6232
3696
2828
2620
200
8503
9679
9021
1356
8230
840
5920
1180
4731
413
8095
4915
48
8871
9966
5126
3568
9822
7616
9925
2970
6720
9654
4477
2462
5453
5730
8344
5652
2114
9546
4450
5676
5601
2503
8760
416
9897
5037
5743
933
9047
7205
5519
3840
7081
8678
682
5254
4186
2691
4892
4028
175
5502
368
7277
9677
1641
2045
7594
5237
29
4876
6539
2222
1332
6343
452
8877
9792
8479
2547
4963
1167
1146
3765
1154
4166
7239
9048
9757
6442
3919
2283
556
9645
5914
3826
1369
854
9083
1542
3258
1017
4762
9289
9499
8486
2971
7991
567
622
9616
2232
1235
7887
3112
2354
5559
4640
7970
2299
7466
7352
4290
6491
5417
6089
5055
5360
915
9450
7462
7004
3748
1347
6927
8473
1548
577
8938
3725
3179
7033
4469
4168
5020
9737
6605
5674
2795
7562
5550
3330
100
6354
458
1505
8266
326
9266
4796
6976
2108
5955
4496
4103
7262
2559
192
3605
5131
7559
4282
5054
9271
6931
5129
3522
5795
5294
4659
5763
1783
1008
4450
785
3964
7145
8639
147
4278
8695
4906
6260
2046
805
9318
2952
9214
7232
3778
4714
5862
5174
9187
4051
1180
9181
7356
1337
1311
926
7856
6562
3388
3244
5870
2947
3625
1765
5754
1289
6063
5028
4749
2195
8870
3615
4963
9034
6920
6740
8818
8479
1303
5147
6554
5087
3130
6744
5896
9365
6802
7729
6356
3548
1900
5766
1291
6175
4719
929
4839
2880
8964
1419
1593
7585
3542
9543
8793
8306
2863
128
292
9671
4946
4043
36
8837
9799
2472
3262
4154
9648
6267
965
5766
4651
5041
876
8153
3536
4385
1064
4314
6986
3216
963
9810
2066
2209
9805
9331
535
5239
5661
5944
5210
728
2614
3994
6246
3041
3973
571
1789
1152
9910
6579
7053
1474
5894
1669
9457
8457
418
5166
2452
345
7583
953
6304
671
7027
545
997
510
8993
9172
3285
8600
9874
6096
2491
9094
7358
7742
9932
9156
1371
1848
4678
2940
9804
7575
854
4333
6794
8973
9238
2359
2688
8588
786
4070
2704
5809
651
4825
691
2849
8901
7214
8254
1806
9915
6012
9296
1829
7267
9420
5607
6488
171
2708
1955
1059
2546
1137
7778
7165
4404
7745
5755
4317
9373
1035
6934
2774
2751
9019
2504
7217
5871
4206
1948
8805
8985
2790
2221
7622
4036
1226
5680
5575
8575
6398
4894
1165
283
4922
2608
9393
867
5065
835
9201
5205
7697
875
2245
6469
1802
4483
6809
8263
2028
1954
5740
3401
1673
9593
7907
8803
9412
6825
1002
3719
4141
9010
6328
8659
5963
5174
1294
4005
2004
6493
9773
494
9532
2209
6705
6047
8263
2633
5725
2688
1452
9314
4948
848
361
1225
6929
8454
45
1590
2804
1126
838
1603
8570
3231
4680
8250
423
6609
726
6572
4579
2316
8160
9181
6190
5763
4569
9453
4497
7583
2595
498
8067
6641
6857
3185
3652
8063
2793
9163
8746
9408
8093
5044
2885
6066
7877
3711
6913
328
7602
5509
5784
3650
209
3252
5217
372
7122
8820
2809
6840
7172
4149
3484
8576
6766
8564
864
5859
4509
5052
8447
889
6005
8553
9759
4674
3350
9512
5951
8304
77
7307
4944
5141
2899
3144
1517
4070
4262
2817
1913
9487
7458
2798
2068
9137
7004
6342
7609
7110
443
5773
7783
6933
8403
4471
170
8833
2239
7947
390
3484
8843
7987
6671
1033
8987
1983
6775
5070
555
1145
3029
6424
4595
3251
7582
665
3719
3004
8531
6748
201
7538
6759
9929
8059
1794
2907
5396
3397
7131
4360
8800
8911
7232
9993
8529
8428
4876
2818
6671
2787
9647
848
9558
1834
6391
9839
8955
5682
4138
1010
921
1450
9135
5890
2680
2512
6093
8710
6399
5371
3771
8780
1409
3422
9047
4897
2403
345
4178
6163
6781
6674
7896
5728
831
6188
1069
7946
635
1073
4195
2857
1872
7425
8681
8893
5271
6231
1981
8735
9734
8772
1873
5971
9601
2571
6891
1165
6545
2536
2503
4364
413
6222
4008
7335
7156
5019
5787
7363
5325
6906
2460
4158
6214
309
2802
9979
8520
3508
9381
1610
8540
7894
5424
2659
1079
1627
4305
1439
7120
4109
3406
724
7666
3785
5809
6171
3500
1981
7028
3279
5222
3727
5544
3316
4767
3927
2527
9601
3969
3914
5050
6571
5046
5541
668
9376
1188
4194
13
6589
4547
3770
3338
5388
4816
9143
9242
5470
4570
6004
5388
7793
9465
4724
6092
8190
2142
4092
4996
8193
5046
382
9663
7078
2184
4403
4249
9869
4286
1732
4866
8953
3440
7604
6001
9274
2779
2926
3109
2053
4641
5174
1191
7197
522
5647
6939
2257
4249
7449
1189
3906
4633
3492
5689
5918
3174
1525
8107
4350
4248
2916
4084
7880
8537
2624
5126
7218
3960
4447
119
260
598
1766
8713
4696
3470
4530
5258
5041
8242
4176
1239
213
1248
2847
1643
9033
9139
4032
1189
7336
1622
1015
2408
2206
6019
5089
2365
7463
6602
385
8867
3759
7565
409
9894
6054
9176
4945
3916
3922
9582
5687
2924
3745
7022
1140
5370
8937
8084
4167
2509
958
9116
9344
1714
6912
8930
7435
89
4973
3877
6790
2109
2458
3290
3761
8546
2570
4844
6353
3766
8328
2353
5233
2473
5767
5111
8823
1001
516
1085
6542
70
3940
6431
2036
4245
4831
7034
9970
9168
6617
1293
4771
5978
1753
3232
5779
401
7672
2110
1622
5852
7191
6686
8915
8419
3757
5392
7947
3053
1948
2674
6585
196
1455
2482
4647
4790
786
6318
5642
6245
990
6263
1404
9950
9584
9940
6276
823
6500
6275
1652
8192
1491
7690
8783
1404
3110
8636
7429
5146
2470
9127
4716
4619
2402
4266
2780
4696
2524
2803
2407
1532
5521
5862
8644
6940
4066
3002
2935
248
8163
1070
6222
4249
6416
7833
7162
8938
9751
6271
1128
4099
4326
5663
907
9728
3106
4057
8792
8608
4081
7069
7726
5977
5636
4991
4896
5097
7989
7062
160
6472
4505
1043
9241
6089
9553
6239
4009
559
1123
8494
5593
1228
5328
9663
379
4517
4786
5013
1103
9265
9732
1200
6066
8944
8382
1780
1875
8648
1995
9468
9027
1835
4377
2183
8457
9109
7756
2384
7375
3489
1727
6331
6028
3738
1832
1035
623
4351
1911
2401
1461
7856
4699
3616
5831
7285
7153
1643
8595
1518
3001
6799
6644
5365
7127
2861
9441
6048
35
3055
3136
450
4206
6524
9221
481
562
9415
5915
594
7156
3234
9405
1488
2920
1040
7537
4668
8305
327
641
8110
228
9268
5928
3594
8887
1257
5926
798
76
4658
7008
3384
8756
3877
9159
7812
5442
9463
7619
4418
2653
2475
219
5270
1584
9173
9524
2425
5106
9261
3876
6861
2814
6831
1953
9982
6190
1215
6299
5028
6537
1482
3123
6757
2550
3032
4327
8055
443
5822
9403
5411
551
5760
8197
693
1784
9555
8564
8896
857
1792
1662
7311
9772
8452
5893
1942
3328
9172
9974
3782
4863
7438
2062
2991
7479
5707
5672
3472
8387
1457
5415
8954
4453
581
8797
5794
5106
1613
1654
8277
298
4292
7332
4535
3154
8614
6599
6596
8928
1275
8152
9303
9586
6577
5571
9369
7916
8289
31
6480
5884
4836
7020
2985
9227
4799
5303
6209
691
777
9996
4573
183
9229
4777
3449
9092
8875
6123
7789
9794
8056
3528
2076
9894
3430
5208
2470
5976
4079
9632
9038
2219
5083
9788
5301
6286
3745
6137
8005
3887
7305
9580
3978
5447
3920
626
1290
9349
8293
2757
8998
8555
2816
8968
3608
3935
1202
9424
1388
9375
3064
2463
7323
9909
9497
6349
2131
8050
5471
7605
8706
8073
4834
4889
6017
8043
2191
4547
4686
1563
7272
3546
3969
462
4854
1485
208
33
1529
2943
7646
5974
7280
7903
6526
8380
4579
306
3461
713
1885
959
1853
7015
456
9207
1350
4217
3489
8432
7480
6473
9338
2556
8675
223
8302
7898
6615
2991
4927
3513
943
912
4651
7684
8232
965
365
7903
7072
5258
8032
2061
7994
8748
46
9819
8334
5396
1367
2764
444
9250
6189
9441
9105
5411
268
5781
9682
9071
2807
1890
917
2193
173
4004
6032
7028
4491
6296
9321
4870
9963
5473
8268
8107
5130
8983
8011
7377
6599
9163
4575
5932
823
108
3197
9773
8229
7039
148
1587
8294
3791
131
1694
6523
1073
7368
6332
6049
6610
3554
739
7234
2927
1720
1610
3102
4273
7858
8676
2372
2819
7093
4073
281
513
1325
4066
2268
3135
3522
593
4960
4131
253
8139
5656
1120
6436
435
1874
3856
1761
1429
4682
3516
609
9339
1823
6571
4088
4463
8818
8390
6433
2030
1882
3380
6323
565
85
7399
944
9531
9897
3233
8647
6443
8889
9364
5913
908
9923
565
9384
1566
5430
12
7692
2707
8384
2843
7983
7784
7622
9449
72
703
6365
2633
3013
1195
5093
60
9969
8806
7413
1679
9093
7266
7969
8722
1611
5402
2248
1879
8653
5061
8458
2451
7852
4631
9543
6564
2685
947
7842
447
397
1200
7221
7109
917
1351
4574
2945
8985
7958
6119
5361
91
5637
2868
8206
8797
2435
1541
5289
6963
2091
8346
5956
7110
3001
7270
2923
9540
6898
7357
2221
3285
373
1543
3739
1881
8285
3638
6075
7085
9472
2996
7289
7293
4247
5974
1867
7539
9417
9981
2655
5661
2518
3355
6772
573
9150
2322
8978
7482
780
5384
4615
9443
4978
3399
7438
9124
9522
4641
2046
5681
5653
9088
6908
7295
8652
4763
1438
7266
3058
7061
654
4705
3066
9072
7127
7766
7849
5631
2239
5745
3346
8873
752
6572
6539
1433
9396
2953
6905
4289
541
8280
6204
8527
3455
6373
8905
7352
5995
1166
1248
7009
9720
9602
6329
8765
8176
3252
5136
417
9604
431
794
915
317
3347
8355
7104
6656
2510
4326
8924
637
7543
2632
1892
3173
5987
6737
9232
5061
8730
4488
1541
3315
5043
858
8359
4612
3692
4710
4955
5671
4406
232
4778
834
5165
7808
2817
9287
4166
8254
7477
4050
3201
4989
1957
2338
6877
121
7352
9937
2987
4334
4101
9330
6362
350
6225
7350
8433
1471
9586
3163
8476
9663
3618
9714
8062
2692
2320
2363
7717
180
5313
895
5370
9230
5652
6970
999
1492
9970
1043
5620
5030
244
1817
7674
5691
431
9643
9240
8094
8970
9204
8340
9027
3104
7954
2633
4485
993
6482
3822
9165
3043
7081
6968
2305
1126
1057
2742
8886
4804
8894
9609
8388
4103
5676
551
1637
677
5863
853
5912
8583
7239
3073
9529
3367
7430
2354
5893
2183
382
183
5356
815
9876
1516
7864
4670
8635
812
5204
8354
4871
7056
3867
50
847
4789
8095
5112
9118
7851
8146
1052
5734
7513
1188
8332
3361
6622
6025
6952
8453
4371
2662
2857
2275
4653
2408
8146
2621
7646
4978
8110
82
6283
5425
2329
4999
8887
5117
5355
6131
6126
2718
1199
5367
6031
7736
849
4024
1713
5381
806
9402
3510
5230
5046
955
4540
2997
6276
1274
1120
3858
7710
370
7774
2616
5295
5462
4387
8964
50
5547
9715
5665
914
28
2231
2570
9676
4814
2814
3053
6550
8994
8036
3896
2473
5856
6928
6340
921
2102
6743
1834
4965
9420
3982
5894
4330
6274
2620
6343
1218
8777
350
9535
1929
5627
2613
5693
4961
5785
6810
5509
5067
1119
4065
1033
6518
2405
8299
5671
1444
6229
4725
9294
8375
9891
7022
7789
4652
5278
1798
1482
5485
5346
6962
7916
186
8120
4396
9702
9346
6363
6952
3937
5867
7526
7009
7124
2865
8079
1777
3730
9355
7499
1183
9521
8281
1709
8355
2066
5401
5390
1797
3394
5418
7130
612
8604
3495
1909
1906
2424
6517
840
2876
1412
968
8588
1224
3982
1599
4306
7479
699
8224
7452
5162
3095
5550
9195
8368
522
6087
1463
3053
3010
5594
7908
5847
5475
2694
3143
4282
2248
893
3621
4268
7684
4903
4612
9018
5226
3907
5537
1969
8229
8696
5981
7080
8725
4090
1844
1338
4103
5592
2123
5858
6991
7155
2758
5472
9124
3385
7843
9992
7145
4766
9014
2697
9188
892
9954
4747
9500
3441
9889
3106
6676
8775
6912
8415
6926
4418
1226
5013
862
2738
6399
4585
6940
9671
5585
5522
9861
1044
2091
912
9343
1997
4431
634
7751
6650
5786
8399
8505
7934
3429
2238
187
8385
6571
9153
6487
7528
7762
980
6210
8327
3432
2436
3278
7965
9084
7298
7576
3197
1781
2134
8159
1981
3411
512
7922
6375
4032
9546
2228
4653
8739
5306
2288
6377
6321
7428
130
1586
2816
5068
2969
5227
7913
6536
1944
3414
1065
2179
1267
8598
5236
3358
7532
50
8663
1922
8650
2485
2537
9969
5218
8690
4284
7642
2965
6404
3622
4218
8374
4324
5239
5824
9942
9940
1318
1657
1166
1160
7804
1866
2728
4308
7149
2236
907
9088
206
5074
8049
8009
8695
4886
8422
7105
1847
9697
9903
8886
1534
5641
2709
4736
5820
2212
7581
3012
755
9819
4709
8278
4587
8571
8956
7067
114
244
7038
412
9885
6164
1580
5894
7968
2734
7476
1183
166
7156
2034
9955
1326
6660
1443
8604
9954
9261
2177
128
9829
4883
7888
8532
680
1576
9667
4447
2760
1451
572
8441
5704
7133
1551
7330
9095
6381
7377
2783
2046
3862
3714
271
1640
3326
9332
1419
8222
5631
8087
2044
3598
9363
6419
9175
5847
9160
9873
9363
1012
1923
711
7467
4163
1904
6382
5103
5952
8296
2785
693
3219
4667
4867
9741
9954
7389
4589
6210
1412
4797
1188
3308
2852
9888
7219
7026
5070
7821
6634
8828
3241
8513
1011
3975
1601
3378
4844
6786
1519
2561
1062
3654
8184
8265
7033
1298
591
244
3202
8644
9927
5196
2122
771
5050
6639
1908
5657
3039
4171
1810
7134
8427
1801
8340
2000
7191
6775
8175
4031
1321
973
6358
4452
4290
7233
6456
5170
1251
198
7925
7973
1293
463
8206
886
5652
6962
4152
8208
4846
4135
9933
5853
3870
8416
943
3098
4808
3986
9050
7914
4384
9505
1013
7862
9140
2666
3076
1137
818
1913
8237
9849
1095
4987
3108
5033
582
5678
7014
5900
3873
1973
9246
1917
8486
344
3912
1242
2217
1320
4784
2278
5434
7087
4358
4237
7059
5062
7376
6002
2849
7136
4011
1204
3788
4964
6256
800
2724
4968
4943
2176
4922
4040
4347
4529
3768
2678
5650
4082
5358
1084
102
3128
4730
3821
8845
9663
771
3449
4082
2570
1282
5039
9349
6315
6110
7596
1782
4943
5906
5538
9561
4305
5501
3189
7398
8958
6934
8223
7153
904
9002
3858
5073
8724
2660
1501
6271
8111
2135
9832
5596
8429
8187
3850
6351
209
3074
9322
2602
3369
213
7378
9016
8849
5872
7903
2709
232
7030
2549
4985
4368
8994
8128
2611
9374
6572
1813
2271
4737
5396
5510
5811
7183
1023
5605
8220
6907
8331
9472
6863
9843
4784
1786
4894
7302
6420
6667
5418
5603
9563
2141
4367
8812
8970
4375
4673
4281
6006
5895
3617
3897
6654
5560
5548
308
994
2324
6912
540
2638
5794
6699
1841
8295
8400
4482
8291
9344
9772
9898
1250
2329
284
9607
7890
6901
1950
7327
9035
5575
6985
7434
3708
8681
6818
5657
6991
7272
6123
2687
360
3055
7989
288
8775
6926
8087
5973
5485
1046
2711
7673
6123
9780
1572
7348
517
5992
1206
8849
8262
4482
9021
3213
861
1960
1447
3519
3653
5141
8046
8334
4979
7409
4989
7172
5480
2713
4482
1869
5590
1803
7007
9643
7184
5873
1339
4458
3449
6471
8550
5883
815
42
9273
9455
1984
9183
2123
850
5098
6238
3665
3409
5905
9625
5789
9577
3609
1276
9511
9790
7588
6963
3577
4180
37
9922
4643
7790
4883
5253
5807
4513
121
549
448
7699
5130
3268
2804
2197
8050
8245
9032
2331
439
9371
9306
644
6398
8044
3081
8762
9355
8113
8936
2232
4608
4589
4770
5875
6566
151
616
86
2474
246
7894
2942
638
6121
2995
1102
7264
3040
7175
8720
8328
8922
7911
3129
2283
8444
6763
9288
5389
7674
8529
1947
2419
4293
3051
733
5046
2081
323
9504
3188
5666
6158
9683
4016
4578
3838
592
4026
6994
6706
69
2249
2459
3640
5132
4596
8351
5171
3465
5712
5217
4663
7600
4596
6446
4545
7841
1432
9798
9604
241
9884
9355
1582
710
9829
3445
6057
7694
8978
4319
973
6765
3116
2706
1603
8065
3756
6747
7796
7955
7623
860
6159
5341
4036
9596
4234
5394
5823
5467
9712
79
3638
5911
4249
5980
8671
3812
1351
4046
5580
4331
8508
9692
983
2706
8889
7052
3784
8628
1250
6058
4982
380
9901
6756
6554
2627
7177
9973
127
7348
6971
860
2533
936
5971
712
6917
7668
2141
7938
1550
6347
2003
1239
4286
1168
7041
9105
4828
8236
8321
7217
4002
4712
4916
1146
2537
6152
4593
429
4732
1428
5608
8365
8750
7588
3168
5342
360
3192
4750
8687
9034
1201
599
3937
339
7663
8124
1843
1900
9032
7428
2940
3854
3858
248
4804
3924
621
5800
8303
7211
5584
3483
806
9813
9006
4707
4691
6301
4581
9055
7034
3718
3107
8810
8991
5820
2213
3553
5528
4219
7501
1601
9200
1902
9775
2655
2516
9008
5560
657
3757
2991
6460
3913
3435
6894
8203
178
9931
4809
670
2515
565
1844
964
6881
4068
1324
9316
3682
98
6991
7342
8795
3360
231
3554
2554
5135
5249
2812
8688
6974
5356
9691
8630
9888
8349
1005
5008
4233
5711
7145
7967
3413
4152
8936
7905
6645
2263
8128
275
5527
7562
1279
5382
5008
3964
8992
5343
2201
5450
1037
1417
2483
8359
8258
7781
1529
7477
2121
7777
401
3956
7672
3095
7326
1512
6611
8940
133
8306
8030
1513
6361
3073
9476
6390
5781
881
5869
2722
630
3585
9503
1504
1667
5410
1604
6347
4473
108
1428
1545
4887
1515
383
9886
1475
5702
1129
7272
4616
5632
338
6087
4045
6951
977
8911
1202
6602
7725
326
9273
5048
3255
8616
6303
2547
5463
5147
9894
6404
7025
5740
1904
1304
1395
6840
2826
3527
4303
9591
2259
3141
0
3746
7079
9730
122
7797
1644
8108
1235
7136
1432
7508
5687
1287
6765
5614
5277
8010
4963
7905
276
2879
9456
8591
9208
2922
4294
8911
8999
7262
4617
534
6955
3854
8955
4116
9508
5341
7062
5786
7379
4019
9590
7817
6149
2672
6544
3061
4794
9067
9651
7033
6801
4900
5466
5365
3442
2376
8874
9266
7815
4642
9086
3989
6664
9454
7581
7090
6978
537
853
7336
1379
9460
7158
9642
6836
535
8845
7134
9203
2691
4171
9934
5804
9872
1234
8412
7972
5061
8044
6195
7362
4165
4551
5608
3002
8534
721
4495
4696
9630
7484
5610
4549
8886
7981
813
936
5728
6807
4316
5324
2485
8752
4629
7114
6423
7692
4139
1235
8469
7886
7639
3900
9213
1704
4915
3975
7147
1850
8065
7658
3536
4655
1141
2094
6718
7312
3140
197
9360
7427
8756
2569
3862
6628
610
3853
5837
1822
3443
7283
7021
9365
3538
6474
93
6083
4120
2496
1489
3102
8586
2524
7363
9363
364
113
9312
545
2900
9152
2105
180
1305
141
8505
4908
2793
2827
6471
329
5914
5767
4113
5637
7528
2206
7672
383
4637
2700
6427
4031
2447
3058
8700
2011
6772
8675
9678
2613
6496
8763
448
9342
591
8653
3235
6892
2462
2423
7591
9843
3395
3620
7668
7026
2029
8286
260
3117
4517
4141
7582
9235
2436
7777
6237
8075
8575
6552
8511
5952
4078
3084
473
886
4298
9740
3464
8487
7972
1749
4594
3551
9090
9309
331
2096
7604
5164
3540
7507
7141
7752
8781
7324
5565
2443
2443
9704
6595
4163
2517
8182
4688
1686
7640
3199
6943
7391
9291
5267
8800
9177
1068
578
2395
9735
6809
9219
3954
4558
3755
1188
4608
5232
493
5919
5277
3702
3994
9334
4195
1577
4468
6731
2075
3341
593
6846
7984
922
9840
3619
1238
1176
1162
1935
2099
3222
6675
5055
6939
2439
4895
3429
6714
7482
929
2720
9610
4981
2607
5127
6500
3902
562
4803
6627
1829
8121
3686
4548
6960
2940
7947
5545
8788
6094
1914
2477
3390
6204
824
2643
7644
6291
5065
295
8234
3406
7876
85
2588
1740
3842
5176
6325
4080
1585
1611
3810
146
443
8940
7542
1155
6558
7455
6163
4750
3224
9646
9250
3913
2785
301
4527
699
9461
6731
6724
1095
7020
5877
1247
7351
1864
9925
7363
836
283
9065
1657
6465
8802
4558
8160
6936
6305
314
376
4636
6748
2568
519
2302
5104
3086
4069
5499
2668
3467
3803
2497
1151
9389
4547
2754
8271
5535
6347
5506
7555
3759
4700
459
9262
1997
4754
4944
2265
6991
6951
3278
6939
2561
7392
5997
9495
6938
7139
9782
9074
7466
7907
7008
4336
752
1050
6595
6059
4568
1827
4333
4430
2226
849
1362
5044
2605
9583
8894
7112
5121
3972
102
760
157
9314
7181
7387
1717
3500
8210
7196
4317
8242
6743
6499
2115
3562
4924
7150
342
6093
9546
3217
4325
2971
2460
567
5891
2523
6647
947
9414
3651
3226
3208
3166
4433
3632
6161
403
5684
8994
958
9399
7690
218
3099
5178
4054
5443
7471
2700
8733
4732
7646
942
4830
8779
107
8017
8412
9694
9054
944
3433
7548
1102
3050
4400
1354
475
3447
6847
9466
3818
108
9296
5934
5422
4057
7154
4090
255
2319
9016
2872
7258
447
6254
2469
4677
5102
6292
3592
9165
2564
4553
706
494
4244
2692
8064
1454
3750
657
1310
5686
144
9895
6871
1278
9635
5778
7447
1316
1458
9186
3441
425
7645
1503
3212
3544
3003
7415
5624
8420
2246
7430
4671
5181
8272
9089
1126
6366
9620
7999
8786
9030
1207
836
5016
7264
7358
1547
8301
786
4057
3887
3116
8911
9852
7814
7142
7625
7326
4075
5171
902
8890
6278
742
3422
691
5914
7423
7103
8357
4763
1210
8716
7702
8555
8437
617
2860
4639
2559
7499
4168
3074
9196
7424
3439
8902
5381
5755
42
8386
2252
7449
2419
540
3837
229
8352
3140
3088
9028
5932
9163
9242
2815
6144
4127
4868
6139
1041
8564
9331
5526
4675
5776
2982
4703
1164
6883
5679
1890
7139
8944
3240
8736
3638
9325
9223
1511
4907
7955
5036
3347
2830
3778
8263
768
7450
5381
5126
971
9459
7885
460
9684
8815
4508
4926
1490
1973
5505
3542
3299
6541
1083
5690
9950
7431
7003
3144
2024
3928
4138
5192
4303
448
8068
1907
7125
406
7984
1169
9837
7732
3566
8766
9435
9279
5132
5270
5307
7695
4500
2944
4402
701
7013
3175
2136
6666
4636
355
4234
7564
3198
9351
4363
8243
85
5267
8050
8970
2742
3977
20
3161
6811
4797
4591
5656
65
1877
6848
4222
7952
176
4177
3110
2962
2755
659
5795
4450
2030
5459
9978
9779
6718
2604
5102
1482
8507
4330
618
7273
9713
2230
8710
6872
4988
2099
4732
6002
7997
2227
7685
5674
7146
8278
5837
6328
5153
5873
5157
19
7740
4279
1991
4364
5024
7
5091
3477
8127
9873
5816
8493
2206
3894
4495
9114
9281
5595
4801
8753
1955
7657
537
1300
7009
7669
3684
1704
7702
4439
7685
1378
5105
3209
3893
2014
8338
9838
8247
1532
3236
5756
5978
5832
8035
8471
696
2579
143
4140
9051
7875
298
118
8158
9748
187
1713
321
3977
9861
5673
7255
4900
5409
4429
5946
5693
6551
7654
4942
3810
6764
2590
4163
2539
4421
4239
7620
2281
106
1961
2956
6667
4614
319
8072
9501
3531
6974
4680
9597
3394
7467
5791
2699
4992
4472
2585
220
4036
3683
5276
2811
5340
5611
2503
5853
664
8400
4488
991
5302
2790
7242
1134
3836
3541
6043
8035
821
6001
1083
3977
1474
6561
9312
9500
8962
893
6887
688
6460
8473
7461
2683
457
1736
5211
3488
7791
8783
7128
9529
6567
3448
120
4192
1840
1967
186
3834
8301
8989
7888
6945
2441
958
3551
796
1627
2753
630
9869
7460
5388
3932
4167
6405
2169
3586
6281
7166
2624
7223
5483
193
3778
6170
4373
6069
5568
1146
9655
7767
2726
1610
7144
6138
3992
4992
5886
3839
2823
4620
4422
7248
6495
1990
9809
5990
3200
9440
7980
6490
7527
3051
8666
2600
9481
5317
1536
1456
1900
2047
7916
1175
8769
1453
9091
5722
1473
7831
3846
4226
2787
8253
4816
4723
2472
8519
5871
4766
1748
6874
364
9223
9512
9190
8648
5600
6832
3036
5317
7124
2710
8157
47
9153
4434
8382
5397
412
4959
1640
856
4632
1114
5691
9455
1393
2249
6403
979
2115
8134
706
7278
3288
1479
2189
1739
8286
2876
9715
5994
7574
3780
9976
1603
5497
7483
0
836
5349
9172
3446
4104
3221
1087
348
5094
7167
7752
2445
403
3671
9020
4894
8581
5905
1336
1556
4630
8564
336
3951
9025
2057
6296
1443
1340
2051
7283
9159
7921
7928
8117
2966
1515
9773
7991
6915
9018
6881
9063
506
2611
9520
5001
5970
5718
4871
671
8590
2893
6855
6240
7826
8367
7490
1463
7107
4174
5795
9643
3783
4339
9482
9943
4140
8995
533
8213
3589
1838
9642
1163
734
2389
8464
7282
6464
8965
2574
5791
1360
2500
3899
9601
6946
1575
4149
6518
2524
925
93
8137
3125
1884
9663
5900
3596
5398
7135
4797
9828
2999
9039
6633
365
718
6173
9962
4046
2774
8905
4718
6702
7136
1668
8470
8803
4750
8549
9511
7266
3710
9909
4640
5236
1713
2650
5481
3401
1223
496
324
9974
1497
499
4259
1562
2147
2922
4230
8191
4556
5277
5726
124
6771
9335
4163
1431
1848
9926
95
5752
1764
3887
9861
56
5829
5119
5521
4520
5162
5133
6238
511
2008
4235
4686
2587
3511
1818
4393
6088
3324
237
8069
6382
7315
454
2973
5812
8424
4973
9890
5155
6562
4047
3099
2646
4749
5091
3594
6317
9795
2904
2333
353
3527
7098
8317
6946
1917
4611
8647
3244
953
8766
4373
4311
6243
9798
5176
3966
691
2398
3443
7607
78
2346
8471
4049
6813
7130
4679
3116
4183
2854
807
9506
7883
8133
4726
6820
7724
4328
2501
4399
9656
6131
627
4221
7415
7756
1398
919
7117
5740
2424
9352
8683
5794
7532
3933
1097
9367
3755
1401
3848
3052
7632
613
7239
6815
2556
5284
9477
4813
9766
8197
189
2593
3251
6706
7283
4378
9118
8597
8169
5195
9460
5146
4782
8444
9310
6399
7380
9454
6268
5831
5772
284
3211
4414
9584
3917
7282
3752
9389
6837
7967
2979
8155
6187
2937
1322
411
998
4625
5467
2124
400
8858
9728
441
2749
7682
9449
2291
7060
44
7787
902
3772
3068
8914
9562
6130
6766
1042
8889
7590
3075
1867
6455
7430
3689
9515
2611
1490
2421
8109
905
3983
7920
6175
7810
6967
6971
3857
4521
6109
1313
5433
6954
5662
9448
4340
5529
483
6418
3895
1051
4979
6086
8980
421
1158
9574
1863
1632
4756
3726
4896
8342
9723
6888
9563
9772
9247
3134
4875
1627
9916
8653
4421
8860
136
9554
2760
6416
6163
6756
2763
5001
4240
7853
3983
4505
2045
2086
6755
6405
8606
6062
8887
1157
6073
7735
1288
4555
330
5054
8745
6717
8902
9157
4707
2208
6588
4574
7011
7651
727
4214
6465
1654
1377
2235
8722
6246
9154
9804
9043
6550
1350
7372
7302
4266
6988
3346
5737
4355
4938
7647
1249
8610
3774
7117
4486
7035
1424
753
3464
5000
8179
3405
2815
3318
538
213
1248
3552
5911
8667
939
5847
4654
249
3985
8683
5417
2827
1395
1432
5317
614
9974
5535
1417
4921
931
3664
5686
9614
4107
2865
7914
8989
9175
3694
7407
9486
1917
7501
65
7256
3710
3260
3292
2731
4669
3849
2211
9111
6186
3758
8861
9943
6044
2296
9770
7293
9118
1730
8596
3626
4224
4291
9057
2634
4398
9024
8420
7050
5133
4799
8131
9976
2690
7113
5219
6246
7117
7995
2287
8905
4290
3546
1672
8580
7688
9088
2838
1516
6810
5719
3405
9384
9388
1649
4843
2424
7048
7762
4925
5246
8565
6586
8049
4301
6601
9395
294
5645
1365
1971
800
7767
3807
8030
7016
2691
5965
5676
4560
9116
1901
34
7140
1645
3586
8208
3212
8987
8648
9622
9646
7262
9768
8916
5392
2284
8439
8748
3115
1940
2954
5702
91
228
9412
8672
3363
8840
5167
8160
109
8928
4073
6120
2799
6636
3014
3092
9337
6902
4979
8690
3499
6108
7707
7551
6836
2601
6082
4538
8005
639
8142
4472
6772
2340
326
8019
8268
4998
8899
31
4289
4459
2515
3579
9073
1753
3580
8880
5302
1071
8877
7545
5656
222
4256
9983
6368
3080
9036
3120
5416
4675
6584
3228
4046
6442
2585
395
3590
7889
4476
7838
1823
4402
6223
641
6046
5353
5145
4489
1590
6344
2842
5568
6666
3608
9789
10
5929
2013
2219
6258
7784
1044
5161
855
7821
4827
8257
8493
215
510
8542
1953
3931
5546
6704
5916
8554
9407
416
7043
4910
9671
5854
8265
8467
8829
8742
2098
3378
3595
8448
7029
3144
2165
8343
1388
8998
9276
7201
8379
3282
576
7357
6411
7610
9909
8556
450
920
9424
1269
9025
7825
8894
1756
5242
9224
5489
8189
9387
5840
1208
2690
4347
8206
4474
5109
736
4013
9359
5775
3931
6795
7259
8174
5873
8496
1448
1749
3638
8414
1823
1741
3480
3780
2306
3865
8373
589
9801
8552
2298
5782
5767
5012
8634
1885
1736
9687
8583
5333
2153
781
1568
6981
5332
2708
6934
9264
5095
6256
6860
1023
3168
203
1788
8523
3223
7369
4032
3431
7752
1514
771
6121
1915
5977
9621
185
8418
3457
2020
82
5310
9552
3470
2326
7470
9811
8448
543
7382
5552
7337
7599
376
1859
9488
5032
6817
8768
8222
9512
3954
2087
6298
8061
1993
1958
832
3302
7660
7960
7197
5913
2354
2443
2985
7761
3150
7536
2545
6544
4681
7179
6863
1378
8314
9481
1977
5794
1284
8770
4003
8117
4092
6948
2866
660
550
863
799
3128
1195
703
6339
5950
2281
7812
7573
122
7463
3453
8317
6855
4915
5699
7252
9516
4730
818
954
3163
4916
3986
1828
6739
3865
1380
8768
1381
2164
2375
1766
8515
8450
7739
3613
9220
3271
2237
1110
4933
6526
8016
2553
1066
4186
13
5115
7649
3517
6129
3449
1543
2788
7365
4739
7652
1662
8971
9080
8354
632
1444
2425
3643
4774
7150
8237
1792
3279
2283
4801
2822
1990
4413
425
1434
3088
365
4296
3061
2471
5098
2536
9547
3130
383
390
9502
430
1678
8061
3503
6998
6968
6381
500
2490
2014
2792
4469
1223
5026
6505
2545
5667
9574
2289
1102
1851
3350
4943
9101
5867
5634
6987
9371
6953
1139
5904
1939
446
6287
5060
4817
706
9400
5461
9875
3907
6974
1489
8488
2337
1189
8546
9178
3258
8033
3140
3047
4909
7438
1988
1035
5997
6636
2615
3450
1828
9623
9557
9865
