8024
4318
6347
2156
5053
3334
3637
4124
3072
8666
4513
5436
5335
1091
4
9963
8247
1179
1290
2158
2925
7079
8223
1132
7560
7410
1963
1074
5761
8853
9880
5207
2793
9281
8673
3513
4717
7231
3224
134
6504
2079
4004
1367
6550
7694
4374
1863
5872
5555
3654
8865
9896
1735
2655
6199
1459
3668
2323
6703
9374
6582
9468
1960
5502
1215
3777
2970
9816
3879
7393
9723
6169
1536
606
3358
5172
9911
7513
5975
4694
7574
8519
4665
4103
23
4157
1920
7824
2355
7709
7226
1923
7401
1980
6703
75
1178
9759
6386
1025
5552
6226
2976
9176
7983
8004
9574
3350
2452
4259
2767
9071
3242
3391
6298
5503
8235
6350
8186
5748
8915
9963
3335
9494
881
5084
7905
6996
9415
3935
8357
1676
7888
8751
6105
5399
2097
1129
9201
3343
7096
6389
2884
9821
49
5012
5304
5491
9704
853
5177
7219
7096
3427
8889
2746
2290
9759
2706
6477
713
2069
103
7118
2218
9677
8232
7115
7338
5857
5044
803
1079
8278
6841
4646
3200
8393
9687
5784
6833
8087
9330
3329
7894
8553
1430
1188
2736
3178
629
8682
1286
9910
364
5930
5587
2352
7284
2840
6461
9104
7412
9079
9990
3336
2803
4364
491
5298
1387
1953
3354
6024
6361
7490
848
1167
3137
4791
2288
8704
5471
3518
2640
2244
7736
2117
1646
7068
4911
8017
479
4667
3011
7310
9272
9440
6149
6244
4278
3859
9752
3442
3223
2491
6257
7353
6123
3930
1230
9368
6949
7542
1651
1823
3452
1301
607
1042
8287
5460
3229
7212
8245
2980
4199
4829
4833
8674
9956
4098
3172
2225
4466
1760
5965
7317
4511
5372
7995
9919
8001
1050
5780
7632
6982
4480
1134
1036
8533
1877
7226
1325
6003
7740
4016
5809
8770
8535
5782
641
9972
9930
9882
638
7053
5278
1359
6138
4246
1838
68
160
9342
2769
9167
7714
1659
5636
5865
2525
5806
2723
1011
9291
4469
9268
8359
5669
2810
225
41
5634
9560
3296
8780
256
8317
3024
7057
5934
7419
210
8250
8707
4665
9842
8188
6751
5559
80
9859
7949
6335
7775
5759
721
3014
8506
8780
2067
4897
414
208
3944
7381
3976
9486
6746
1654
7787
8247
340
2321
4798
2752
4491
2742
5664
4174
8780
3517
4841
1790
2974
6250
5406
3201
5844
7610
9040
3829
4370
4445
7778
7695
8808
9502
7077
8547
4272
6765
8338
6470
3984
2045
3556
3259
4237
4217
4751
9370
9212
5266
2241
2815
4086
5124
4515
9150
5687
4231
8843
452
2163
6672
6722
9944
9958
6135
9437
9841
1558
6532
842
2497
248
67
5945
6767
1339
9222
8596
5091
9396
2538
4349
5050
6199
1265
4626
8697
7536
3534
6703
3053
3323
8192
561
1345
7158
6453
6690
4698
7392
1600
326
2828
1694
2326
2257
6832
2154
5313
755
7325
8168
4343
2529
7986
1447
4677
608
6070
8432
4725
1728
4870
7823
9232
3908
1677
9883
6140
8122
67
5507
5413
3227
3772
7574
4538
8000
2657
1775
5919
974
6188
1532
1312
8513
6428
137
6805
7489
9209
1262
4736
8946
7393
8162
931
7838
5681
8746
3967
2871
7215
1602
7768
3516
8452
7526
596
4346
8775
5581
6402
1388
7412
3923
8199
7744
8252
2066
6179
8951
70
7932
1042
9993
2243
1080
4815
6019
976
9414
4755
3230
3876
3392
715
9085
3976
6112
6200
7155
918
7448
639
2686
8506
306
1808
5060
9094
6228
2740
520
8706
7023
9936
6121
2720
2245
2743
5512
7102
9220
411
9172
7060
3747
3924
771
7885
3560
8985
2191
4242
2788
7914
2234
8834
9980
5201
1952
9566
5477
2397
72
5776
2186
7486
3590
636
3165
6335
5824
2911
2616
6540
7259
4596
2254
9557
7985
1237
9924
3067
7969
7743
6485
8568
4052
8958
9206
4731
3335
4935
4167
1328
3850
8837
7587
5006
5027
6474
132
9578
6288
6967
9317
7002
5383
8408
5286
3091
1580
9094
2854
2659
2911
4800
9312
9019
1678
7428
8372
3252
6718
5446
7920
531
6290
2467
1515
9927
6822
6592
5391
8206
7915
7115
4000
4983
1758
8275
9213
7171
4135
9396
1506
2117
9307
1546
5591
3656
8319
5063
9865
3440
3706
47
7443
4568
8053
3248
697
3051
5185
8336
336
2254
997
1294
9629
2154
9043
6395
6457
6935
6662
8417
8525
340
9707
6897
4752
2580
2568
7627
3066
9170
1197
8870
3396
5157
1382
7503
1695
4862
9194
1262
6349
5390
6243
6581
3280
5013
3418
2418
4813
4741
2734
7331
3691
2549
8353
2297
7774
8913
607
469
8283
1487
1276
5598
9912
5308
1097
1189
1378
4453
1555
8160
5081
5538
9768
3123
1820
7692
4326
1181
9612
5408
7138
8989
1056
7483
450
2053
357
2789
4792
727
6991
3562
9723
3997
8337
9251
4675
1733
6245
2212
9057
2040
3544
2398
809
7244
7509
68
4701
9967
2684
6395
9255
276
5983
8075
7426
4458
6265
5026
6006
9623
8188
5656
6174
1493
2213
4669
663
5539
3389
9598
6280
9420
2175
8022
5049
8500
7921
5025
8081
3870
6161
1084
8256
7514
3789
3208
8133
1612
2111
1950
6061
8665
99
9196
3721
8939
9895
5309
9834
6627
574
5383
1692
2269
656
1454
7964
8607
3074
1974
6343
5276
1069
757
321
2853
990
1063
9823
1791
5833
8955
1153
8768
1787
731
975
2706
5579
1321
1967
9050
523
3572
4177
1666
3889
2090
6487
5266
7836
5880
548
8750
2662
9692
3087
6409
2869
5307
3988
6999
2973
6287
1719
3168
7270
8648
8294
4848
7973
1844
8075
5035
6089
2249
8426
7406
6532
2382
7981
8800
2357
2538
8874
8152
9710
2468
7517
328
8935
3945
7511
3879
3118
1548
1459
2429
9544
8008
6337
183
9257
9793
5553
4202
5292
8825
8061
3908
8767
7502
4835
862
9647
3008
8622
7389
4059
6273
784
8616
3751
1701
1518
1700
8608
8200
8296
1355
9014
4495
6083
8620
7099
4438
4181
2027
1575
1497
7485
3849
4150
5294
828
6078
2142
4304
580
3411
7792
3670
7387
6172
4970
6130
4331
9106
9767
5254
858
2591
868
5536
8481
9939
608
7926
3292
5859
5823
4396
3357
4433
6923
1299
8653
9286
5288
7339
6639
7292
8897
1177
3986
761
8372
9972
6980
645
8743
249
542
3068
1334
4191
2848
6511
5691
9605
8841
181
1832
2727
5746
6927
1427
3247
1912
298
222
1272
6261
7693
6307
5597
6122
7025
1049
8992
2683
7600
6357
2615
9911
663
6655
3857
3010
8485
1648
5239
8001
2950
8949
5933
1601
2361
6371
6855
7332
2492
3495
5912
1465
9577
1672
3462
2423
9786
6188
650
7941
4009
4723
5587
6809
9234
2708
3034
4092
3257
5283
6720
1895
7656
4523
9219
9660
4257
4845
5807
6034
706
7509
4178
7966
9894
2278
8232
2331
1144
466
965
5847
2386
1943
4049
9273
7523
1801
9021
7858
7407
24
324
3967
113
3518
3916
9576
7404
3799
9260
1384
1055
1901
3559
4970
2166
7983
3303
7676
5101
462
5861
3699
3824
5396
117
6155
6429
4833
3566
2472
219
9731
5462
7438
3540
8881
5261
8825
1902
9252
832
8602
3831
8227
334
8271
3454
3897
2775
4366
5999
3317
1648
1085
3206
6158
7218
433
4613
9569
6499
7986
6016
5625
4684
2039
6742
7193
9145
9235
538
8136
7952
4587
95
42
8201
2018
3874
599
8972
1316
2577
6539
791
1195
554
3786
1102
9057
7070
7917
7661
8947
1732
6268
7818
8894
4105
5194
3445
490
6853
9656
2561
463
6746
2903
9788
6487
1318
3870
426
7746
5031
7459
5072
1904
8558
8698
8396
8303
4860
392
8722
2865
2345
1490
8306
1976
1395
7815
8325
6769
179
4086
9461
6091
9884
446
8812
4642
9421
1840
9317
3245
5814
8194
9567
5376
4231
7507
5744
5534
3091
5815
3158
2014
4259
7470
6393
1353
4440
5333
8412
5902
7720
8392
1570
8242
7594
2274
9693
2823
44
8131
9377
3368
3425
5788
9287
6622
9577
2426
9198
2018
9240
3597
9884
3936
3032
8596
6259
2068
8890
263
2190
1651
9144
225
3626
7097
9126
3464
7954
90
3463
4169
3378
3543
9132
3141
9485
3280
1911
3618
6074
3088
9726
1391
473
9737
4442
3193
5540
2109
4767
5955
4080
6630
5382
3205
1043
3699
9862
4803
4175
6415
3890
5608
5420
1215
204
4432
9557
9752
3894
2799
7880
171
3177
737
833
6622
9791
7775
5152
6009
2074
3290
5622
7529
9944
712
9919
8436
5502
2072
8041
5882
4721
1699
2932
4404
7955
7553
5073
4459
5226
3557
300
2056
1949
4423
2950
6340
8312
7068
3259
4827
7552
8963
163
5441
4560
9886
8548
9537
6496
7819
4996
2254
9799
527
7116
8632
1367
94
4360
7806
9463
2793
5195
7082
6687
8196
3807
557
1116
8898
9674
2583
739
1856
3132
9443
866
1564
8325
1773
1714
3936
3811
8737
2777
8958
1225
1089
1868
9753
6844
8659
3313
4413
6823
917
82
4189
7054
9582
2110
7559
8735
1906
1049
2886
1220
9857
5476
2180
8725
6940
9639
6858
9595
2805
9659
3989
1871
9507
164
8182
7713
2495
7531
4151
3861
798
4490
9637
5511
586
5985
7454
7343
2479
4278
6601
2560
9248
1208
2428
1946
2659
7860
733
2175
7936
5792
4217
867
1105
8581
7499
828
5350
9355
8394
5513
8872
3468
4609
4543
3767
490
2636
1471
6819
8236
6108
7699
387
4419
8951
1351
4966
9276
9567
5460
7700
9822
6349
8343
9775
7458
5626
1457
2955
1939
7786
2599
248
6091
2197
970
4360
6573
1907
4993
3441
2417
2596
6034
5600
1065
8201
3359
9912
1059
4754
9341
7702
71
2789
7216
1570
5168
2551
1859
4996
3575
7675
852
8384
5195
3252
8139
3536
4701
9001
4298
4653
2184
9124
9520
1322
7230
502
9496
5437
8445
9579
1759
5290
720
5077
6227
8429
5714
8120
342
8884
6621
3201
3778
5063
416
6292
1126
1509
0
9264
4399
9852
9701
5233
3602
261
6501
8162
2693
9545
3294
1933
3309
6164
1357
8529
9858
2917
204
9791
8575
2302
2551
3937
5030
527
1247
9238
7281
5865
728
8590
5282
8977
9517
3247
9883
2548
7220
9330
9418
9569
59
4941
5532
3352
9025
9902
4947
8493
5650
3824
2498
936
6730
2477
3861
7260
9611
1745
9469
4818
4762
7094
2473
4177
4403
1617
5200
6252
8461
5769
8507
6921
7463
5679
6464
1321
7170
7198
520
793
7769
3601
2178
2004
4842
5035
2913
6643
8808
3943
1152
6626
7530
5980
3366
2447
8555
7388
7029
1346
1300
4618
7836
1044
295
166
5148
6925
5442
8855
5271
6206
2051
8787
6340
7575
7963
3406
3695
183
5499
5772
5918
8526
5243
3621
9535
6608
1178
5572
1517
2344
3407
7723
4049
6150
8798
791
7188
887
3574
6956
4610
7935
1415
7869
1371
1110
3072
3530
6964
3628
8183
7206
730
1706
5122
3059
6694
9959
946
8589
7980
7795
7024
3056
9998
803
7232
7430
1021
7194
7873
7937
5359
177
6838
6113
156
9059
8559
8003
5378
8359
5072
5527
3513
8618
787
6028
3217
7384
9098
858
6839
7623
5820
187
6311
4881
9089
6406
635
1964
153
5434
2721
2487
8102
1492
234
291
2330
8013
8495
2011
9274
7972
7278
1746
5586
1907
3731
4728
3395
7919
1314
152
6887
9617
544
9249
2421
9501
4545
9391
4560
5340
427
5093
2106
506
5306
5162
1398
2877
1661
973
1610
9664
3182
2005
2979
620
7615
1914
5187
5298
9040
3210
5253
9671
8701
1065
8177
1740
7571
3528
1435
1113
339
6160
4934
3846
527
2411
8534
9814
898
8464
1683
5024
813
9545
2969
7643
6107
5154
2060
4597
4485
4913
7193
3856
4338
8268
2296
6409
630
8907
3662
1175
9804
9995
2319
3725
2222
2876
6880
6860
5457
3544
4697
8
4958
1345
2889
6596
778
3973
7925
7580
6951
7712
9705
1072
35
2271
815
7208
7918
2524
9100
4921
2122
2619
7623
226
7611
4800
3254
3315
3533
9354
5713
4987
8533
5808
4231
5835
3328
9895
2463
4653
7479
8477
4183
8043
5508
6197
8728
9261
4814
3727
8219
1635
1120
7459
7284
5546
8137
4074
6845
6847
9308
3225
5870
1294
103
3339
3831
3445
2160
9946
8016
6858
3116
9002
4504
7557
2681
2386
4569
1051
7771
8168
3341
1673
6132
7463
3642
3737
1868
5136
2952
3668
6785
8730
8884
8404
7815
3783
157
4469
272
6549
9355
5927
2903
5389
4719
1506
3751
1675
5094
2375
3976
3307
263
543
1897
9100
8060
4691
8553
2324
2925
2663
4015
2304
6807
1011
1322
8086
3132
2895
5459
201
8308
8666
2047
552
4802
7847
7968
1939
8513
6869
4762
2571
6077
7962
8995
1958
622
3499
1988
11
5630
4346
6012
2752
6876
7805
2004
5885
6233
8583
893
444
1152
2213
8757
7360
6947
8839
4249
1247
4064
5272
1620
5534
7602
5340
8262
5639
8100
9718
4096
8729
4992
4723
747
1677
9510
4614
6712
6496
9416
8129
8834
4209
2738
5404
3856
7737
8039
1446
614
1090
8358
8421
2315
5926
9547
6363
6550
4965
1330
4583
2673
9938
2839
3029
9248
3147
2809
9251
635
2051
4445
2305
1190
4205
686
3717
4818
3207
1857
7000
5804
7873
7255
288
419
136
8812
7754
9303
3412
1805
2723
7325
6922
4983
8964
6079
8879
1849
2600
3680
6874
795
2156
9565
8339
7128
6786
5279
5998
8263
4097
5965
5423
5208
3452
479
3545
9465
7853
3533
7559
5784
4526
9749
9733
9907
5572
1212
3468
6363
1289
5164
9000
7863
7076
6619
120
6053
2087
8172
1586
4011
9813
6223
2112
6732
2734
2963
7467
3734
7960
3964
722
3976
3004
591
1671
5280
3498
9579
678
386
5785
6482
5107
3029
607
5156
1855
3608
6729
8780
3558
8658
7673
1780
1705
4279
5849
244
9219
1910
5136
7816
7594
7919
496
3343
8051
6130
888
5535
3426
7587
7373
3846
1357
6969
8208
6764
9772
2245
2700
5076
9104
7632
4191
4977
2461
9182
6691
8838
1029
4750
1543
2629
9826
7347
3390
8328
159
3549
7252
8782
9283
4096
8665
4670
8476
1303
987
8055
5588
5937
8340
9864
5875
9449
973
8107
912
4531
349
4316
5845
66
9587
6503
8974
8711
6684
7519
9597
8708
8625
3307
4270
5135
3936
1052
6386
1474
6821
7401
9994
175
7860
7371
1234
1856
102
421
8359
1004
9694
3546
1735
2758
8311
434
5107
8464
3036
3896
9715
8349
1155
491
9462
899
4759
3396
1316
2095
2832
9399
4355
3043
737
3538
1122
1306
5086
898
4870
1101
1928
8661
5198
3758
9111
2939
3461
7377
5186
8933
6483
5578
3166
7120
1296
7313
1937
5723
3287
8466
9042
8755
8914
1073
911
6160
4952
7707
4969
616
7759
9848
352
7409
5776
4861
5543
2436
5942
3390
3812
8285
9154
3904
358
9327
2927
8620
851
36
4301
431
6893
146
156
6174
7745
7913
6470
615
9660
1001
2985
6755
5161
4289
6735
8136
6907
5442
6220
1723
9684
8290
2260
4818
3952
8732
3751
3080
2161
4404
1514
4297
5303
2088
2787
2749
2204
51
5121
7058
1817
9675
3845
9633
3097
9962
9889
6627
2280
6985
8587
8109
9383
3384
2797
374
6431
4507
4573
8745
4158
9023
4628
4389
7123
7594
5470
2370
3843
735
797
5519
1030
9601
9769
3319
1665
6031
8248
6802
4800
6142
3238
4823
8144
9876
1457
1198
4950
4000
2820
1267
5888
7880
142
9016
3126
4378
6574
2162
9499
3364
8958
6835
8198
5822
2537
6616
4792
7029
1049
5256
8985
8131
5329
9709
3428
9674
3636
8559
2219
6576
2337
3803
1096
6643
3484
1475
2626
1853
9225
1680
4552
7507
7383
7602
5725
5384
8807
6840
5872
7903
7432
8666
3830
7069
5857
7187
6567
8493
4490
4573
5042
2365
9703
2469
3773
8725
4353
6429
3645
8488
835
800
350
7139
3294
1568
6159
5906
8330
8123
5902
5058
1673
4604
827
9873
4553
1310
5132
9553
6471
1051
9517
9644
9722
6595
3569
1346
1699
5896
9577
6077
8271
8806
9744
7957
7510
9760
2177
864
3043
4485
2533
9249
9776
1954
9405
5281
6366
9857
1624
4459
7262
9199
8369
9953
2719
3723
2937
8829
8388
6841
5404
4258
1297
5431
7026
8224
8162
2247
7589
7174
3624
2203
8922
6497
5729
3823
7406
8627
3603
2368
990
3215
2900
7947
3987
9009
2073
7504
9560
4011
5386
3108
5945
4761
4222
7558
9498
1526
4968
4169
5233
5015
573
6000
8785
3686
5600
7481
4532
777
2604
5568
9876
4128
6014
1252
4662
894
5325
8582
7667
2415
8455
5165
8116
2264
3113
4359
730
8459
2234
1514
472
4425
5444
8185
4077
6770
4817
4082
5153
8361
2430
836
2124
2851
8990
3341
9118
2510
4574
6498
5710
8189
6128
7032
2530
8497
406
8910
3703
8356
4189
4814
5102
1423
2164
665
6179
4364
6119
7183
3275
8037
7132
4608
9530
8603
2393
9020
6943
9539
2336
4566
3740
3627
6553
5480
6389
4026
8602
8240
8340
1941
933
5288
3351
909
238
8148
3223
534
6104
5508
9701
7587
987
2584
2499
4941
3843
1107
9325
6323
2104
8617
6210
7738
8438
1010
323
6805
537
9040
7974
5665
3878
8093
9095
6391
3464
3278
2812
6501
3254
1924
7572
2934
7310
8753
3243
540
4720
4007
6380
5360
4361
3164
948
8545
2507
3802
4495
3944
7797
2627
7505
6972
996
8833
7059
1889
6070
5659
2775
6956
230
4788
1050
7265
9289
5390
6182
4397
1924
508
7617
3552
7304
4149
4373
6994
9067
4147
1613
4710
3828
6507
4136
9611
6963
4472
637
4319
7051
2000
7180
5407
9276
9144
4269
5274
2641
7059
6295
5636
5699
2134
9934
4293
3960
6407
6538
5537
2316
1635
7329
4979
6250
5198
6160
1506
6759
1157
1003
886
8299
6368
4030
4963
7420
5700
5999
1380
5689
9237
1027
5971
1569
7320
5929
6437
3070
5942
6999
6579
8993
2204
111
1986
9146
3055
7965
2676
7811
5502
5536
4936
8219
752
9298
4492
4794
7900
6598
243
3974
3511
2973
1249
3745
5719
5269
1810
956
2342
2271
43
1069
563
8763
1465
7400
9187
8498
4086
8301
1957
2128
4250
3598
322
4268
6701
8154
419
5957
1258
1467
2125
2347
3872
4537
455
22
418
4329
1404
8711
3646
7253
9404
7402
8731
3705
9789
7844
8171
4951
815
8223
6848
744
1580
2863
4171
2112
222
208
7231
4428
1803
4814
6068
1579
8268
225
6088
6902
2491
9683
8512
7710
5866
9967
2972
7616
6081
6311
4888
1447
6895
3026
1934
4750
5330
3360
2841
1920
3633
1196
3381
8222
6790
1949
4994
2828
7609
6232
5336
2361
4344
7206
7620
2058
4803
9486
8320
7282
8035
7982
384
111
5210
795
9304
6259
4294
2659
4396
4910
1504
7403
2288
7717
6705
6922
9614
6673
9219
1313
2901
5734
2789
8021
5006
8830
4697
8635
3530
1330
872
430
248
436
8261
7312
2003
956
3806
5883
6919
7949
2974
1427
2820
4291
9152
2810
4827
2636
6415
1839
501
2864
5144
3060
6851
1854
5921
9642
8448
8148
995
5243
3619
9114
2066
1076
1217
6428
1597
8541
6335
3555
5569
5942
6885
8190
7016
1680
7374
7074
4206
5958
6027
7355
9220
9574
615
5262
5166
8191
9077
605
1992
2952
9990
7861
7477
7675
2407
7288
7959
4957
5176
5794
6715
8234
5575
9370
5099
2641
8042
2167
967
8106
6779
6684
2670
2208
653
5553
2342
1263
381
2752
5483
3242
517
8153
5764
2537
4746
5906
545
5614
3076
4719
528
5922
5838
2746
4159
5137
9427
3679
3388
2815
8553
7414
585
7541
4586
7693
8107
6140
5804
3858
6625
4149
2963
1050
6641
4018
8140
4929
5758
2533
6362
3294
5206
3827
190
3698
3464
5796
2575
3773
3043
4361
5241
6061
9785
4874
3313
6373
8466
6188
2758
9830
8109
5596
3860
8396
1521
539
6147
6343
4914
5445
8540
275
7439
4047
1547
2695
1560
6061
2815
6119
8126
1245
1455
8118
5010
3187
9207
7788
815
4146
8480
80
579
6516
1597
2882
3800
3334
2129
7864
8754
8707
3406
3570
7569
4348
6505
860
981
3248
9210
8064
3153
8270
3903
4485
6265
3524
3359
4696
9877
6658
6316
4613
2488
9953
2130
2194
7882
2313
236
2104
9424
5363
4597
4271
7982
5164
6444
8437
3171
9683
2929
1323
194
7104
5789
7133
9137
7424
2766
9275
1450
5505
7919
200
6367
2566
9270
3646
6314
4135
1510
6828
5410
9241
7749
9278
5898
1397
9912
7847
4388
4440
3963
3390
1699
791
1725
6514
8846
9020
8455
4682
5088
1825
4925
3006
4540
7656
3133
5868
1885
3140
9413
5160
284
3256
865
2707
8587
938
5410
9510
9262
3988
9466
7579
281
4039
2147
9272
5508
6011
5311
9945
4604
696
3834
6778
1251
8938
3036
9086
9719
7333
3051
526
3456
3989
9182
9665
4723
6223
2876
9684
1668
3674
4898
4487
1032
7460
1763
9460
424
4995
1081
2604
9265
3288
9434
8432
6937
6897
7735
3273
4332
4508
894
1684
292
579
9999
2334
3591
5097
43
9191
6778
8927
6936
6806
2676
2051
7505
1818
6285
6741
7082
6455
8469
4791
1426
1781
9857
6833
9169
1377
4800
1551
3953
4110
1387
3543
9305
6652
6907
6714
5603
5907
7861
135
1743
5548
192
2342
3345
2332
7463
1240
1606
1630
506
5320
532
8780
6223
430
6255
1226
7718
3056
3911
7007
2154
741
2959
7664
2947
3928
9257
8267
2360
885
2444
5853
3697
8723
3671
3440
6107
3630
2448
5317
3989
3072
1461
5274
7688
6187
7716
9000
2739
7589
1798
8571
4404
8545
6838
1823
8706
3414
7503
2419
4487
6110
9123
7981
7851
5725
7048
2042
3724
8956
1196
4688
9850
1281
9818
2370
6382
4317
9429
8543
1435
6913
4177
6743
813
3934
6129
8891
1789
1464
2666
6864
870
6422
8023
3296
1042
9608
5958
397
1278
9573
7455
4114
9389
2017
5045
552
5559
6983
805
8594
4962
7448
5420
1046
5977
7200
3717
8921
9256
1042
2383
5205
6234
6944
3404
9897
9818
6249
5046
1469
4901
1502
365
7425
8561
3778
9084
2129
6839
9230
281
9639
6123
6463
3850
1677
2236
4637
4757
4365
9031
7336
9360
39
2134
9505
6584
5262
1206
1282
5341
5519
806
6955
3705
1615
1019
7690
7409
3713
4001
8902
7140
1248
3755
8728
5729
9679
2907
7367
470
2667
8270
6335
9971
5897
8558
2972
5052
6513
1099
5833
4269
9254
1476
5935
7352
193
9967
9388
8618
9738
4200
6435
9611
7283
3398
617
532
2608
4873
7331
3659
342
2400
5545
1226
8735
5751
8839
7838
5944
4301
8144
3419
8935
9171
6591
5965
7980
8897
8556
2617
9666
9507
4456
8482
7938
5696
2773
4759
2101
2235
2244
5081
8484
1122
7740
1995
6366
3492
4004
2
6053
3344
8221
4924
6981
8824
6527
8493
1890
5732
7807
5604
8925
3027
1849
9692
5186
4733
7648
1758
9761
2020
5823
8020
9752
7912
491
5432
2601
9657
5159
7963
4301
5191
6355
50
7941
7430
1107
6923
9528
8430
151
8237
1774
1710
8572
1501
1287
8688
8190
3725
2121
7304
632
3711
6789
5542
8730
9175
5173
1771
5781
4782
8324
8727
8439
9123
793
4593
4478
4780
4706
465
2986
9658
5081
7511
1155
8874
6229
3950
6931
4056
5808
2395
3490
1326
9296
7679
8509
2283
6421
1356
4850
46
862
3653
571
6481
6840
4157
9348
6627
6180
3185
8907
3758
4147
514
2739
4199
9184
8971
2580
2131
1787
4609
7154
566
4542
8520
2024
3591
2221
6818
2642
7824
5151
3810
9508
4882
3107
6047
8667
4869
1553
8052
3165
1292
4847
5956
7439
9815
8764
6043
9715
1026
2508
4335
9020
699
6401
6613
3840
8577
7458
6416
7304
4632
2731
9221
7943
3048
7696
138
3349
2709
7103
333
7703
6138
4993
7792
8172
5935
8365
4577
4230
7657
8138
6280
5283
2208
8654
3066
1080
6684
7847
9643
3097
3704
1717
7952
87
1033
6995
4802
5430
888
3584
6207
186
1035
9438
3338
830
7666
7479
2435
9984
9628
7446
4545
7532
3946
1657
9355
228
4587
4657
6118
3065
5639
9379
9528
6680
4952
239
3020
9156
6114
9978
9695
5979
2755
6154
9991
4488
2020
797
3219
7557
8848
6150
5100
8443
9244
1126
5051
7080
6148
4835
53
667
6279
6935
4401
302
8584
7832
459
192
438
5791
8272
5935
2421
5111
5721
3503
9307
8821
8917
697
5623
1550
3167
3555
5771
1369
8799
8712
9242
6865
6828
5716
9084
423
5087
1869
5423
1603
8291
8321
2328
6708
9256
2649
2423
3676
1654
1991
168
3553
7567
2033
6822
961
6926
7561
3402
629
2731
1304
6577
4736
6080
3047
4747
3909
4182
6618
160
4099
3512
8121
6925
4462
8649
1596
8476
4666
3826
5603
1474
4630
4499
9183
4385
2115
5307
8561
1246
9936
6611
8220
685
3860
3124
8201
4472
534
4985
328
5215
6300
351
5965
4345
8975
5096
8031
6520
1063
2559
4872
9611
4312
4967
3913
732
8985
5772
8590
5514
7708
7178
9353
1010
7119
7964
6654
8614
367
9949
6794
7647
6259
7291
2177
8927
1084
7369
4163
4639
6087
1027
9370
4519
3851
4812
7906
9932
5926
7924
9413
8307
3279
1814
4370
5172
2743
8045
185
8042
3506
2550
134
1110
8731
8016
5976
2067
3065
7776
6701
4533
4380
4001
2620
1131
7651
9945
9822
355
7374
4407
937
2652
9947
8217
7227
1511
6896
9402
320
3687
8115
9815
2927
2647
329
7970
4647
458
2441
7344
1970
6126
3165
5102
9587
602
8932
6433
8977
8503
7622
4938
5840
7642
1286
8536
8232
1215
797
1687
788
5985
4520
982
3658
9126
4848
7414
6306
3448
3602
2335
8548
7950
6379
3165
450
8953
9538
7639
3007
3370
8850
3968
5868
7937
2642
3030
6429
6192
6210
2408
716
750
8948
1269
937
7703
4933
7519
3372
4864
9047
6175
329
3625
5964
8994
6831
1036
6657
7520
6749
2113
8292
6893
8001
660
4820
73
5071
3006
52
578
4938
2223
6859
3673
4322
4846
2971
5666
8698
5719
3851
964
3444
7635
3428
7585
3484
3542
980
3536
510
9777
3794
9078
1348
7607
5792
2979
4576
5261
8182
392
579
9739
512
5878
6375
8575
4806
5537
5103
7856
2596
8868
4425
4368
7733
9790
2445
9947
8129
4907
9557
1260
2960
7885
5785
9311
3642
2105
3174
5569
5612
9854
5226
8035
7881
2479
5102
2910
1739
4658
2160
5648
4916
369
7773
3060
8758
8638
8055
9776
9754
7780
4888
3704
6097
7528
7684
3600
9301
4030
5972
7982
2379
4840
6900
5646
392
442
1146
943
8861
2136
7201
6875
4336
8768
5698
4931
9080
1316
9022
7097
2373
6560
8731
9351
7353
8811
1848
477
7943
344
3470
9880
4759
1755
4677
6126
258
3513
4416
7414
6400
4792
6406
8003
1388
4373
2686
5282
273
6885
4070
5225
5876
7683
512
6943
7885
1688
5130
6091
1795
2697
3096
9732
1330
6570
1920
4519
9212
5408
7490
9911
921
3493
2818
7711
4348
7508
9395
611
9413
2228
34
2421
9900
2257
3916
3587
6272
8005
8141
3021
9036
6518
9238
8084
3443
9626
2186
6670
600
5477
9141
9574
9532
9635
5258
3985
6148
9457
3399
9755
1974
1973
9079
1088
8801
206
6164
4342
8135
7301
406
3303
4936
4643
3597
8893
7819
4237
311
4838
5595
9611
7470
6775
7724
4662
8881
2989
8088
4111
2781
6399
6587
5836
5656
7022
6375
5165
7563
2158
9477
5373
8073
8591
6361
4196
6735
436
4512
937
7114
500
9929
4453
7744
6303
909
4195
8268
9752
2300
7427
9274
2897
4533
8861
7866
7701
6482
8995
452
7406
2878
1312
5193
3174
9476
7852
6306
4795
5925
7409
6584
8988
3925
4152
8783
8464
659
7900
8639
614
4788
4065
4384
9942
1930
7325
7873
7782
3414
7988
6661
8714
5527
9314
7564
9555
3517
2944
2953
5047
1439
3114
4789
497
4005
8648
9711
2399
3699
4104
3246
4794
3443
7244
3989
7667
3950
4015
5649
8248
6278
2339
1650
7861
99
3303
3
4984
4104
4004
5464
1965
145
3254
7748
9160
1948
5320
4180
720
4657
6360
1468
3128
5823
7546
5099
7994
5364
5400
3661
989
4072
6374
6221
9621
311
5507
9029
7033
8985
2332
7252
9359
9312
4731
2794
9428
9277
1357
6851
4600
2512
306
2397
2277
6490
7757
4744
9249
7600
3578
8538
1497
3950
2031
4924
7549
4598
2443
8964
8251
5204
6172
5855
4355
7311
4141
4299
2409
350
3948
46
1129
9860
1529
1703
5285
345
8426
6431
8490
9543
9435
5435
7009
2766
4995
8369
1073
5540
8370
1557
6193
2221
1559
3647
9003
3090
462
7482
4924
6913
8486
3611
1945
1409
3713
332
7483
7409
3108
6020
5163
4716
9502
8565
3688
3690
2198
5890
5701
5526
5341
1867
7136
2935
5666
2502
2365
4830
3444
6588
7569
427
6498
7645
5066
1516
8751
273
1580
5476
673
2476
8822
3155
9432
4300
7507
695
4668
6706
61
863
9775
4827
4220
6072
5281
6026
8395
6774
9506
4788
2795
7745
1443
7496
1649
7433
2533
8377
7147
455
4595
6137
4529
6961
4956
3267
7686
2586
3640
3189
7005
6724
9276
9017
216
1874
6968
334
5243
8079
1325
8456
239
6309
4364
9872
6899
7947
954
4537
8349
1054
4719
9169
6910
3242
8510
1375
180
5829
5663
2640
3305
6888
9624
5704
7432
5643
6826
7799
8592
3484
2359
3977
176
9068
2834
7562
4002
3142
3343
3461
4309
6556
7897
3655
4595
736
4162
5236
8449
4236
8133
2101
6117
7023
6471
4157
7649
3509
988
5703
2637
6817
1414
6366
7875
1738
6905
4328
6820
3199
8826
2560
6776
8007
149
6206
5075
2073
4685
6518
6851
9205
9358
7098
3573
6414
3694
3980
8375
3477
434
9747
5240
9155
2958
4873
3372
2354
9428
2064
1004
8313
6590
8847
4074
5314
9462
6701
5473
3225
1394
2584
1307
2339
9997
5297
1197
7816
1856
6552
4541
4111
8176
6928
2468
8869
9361
5807
1198
2362
2441
7301
8461
9544
831
1126
4109
7632
3889
821
99
483
7077
1470
8143
6746
5255
5856
4209
9282
8738
6198
3816
9303
9002
2449
964
1740
3493
8836
125
3637
5082
4315
4845
4305
3137
6600
3800
5207
9210
8491
252
2875
6282
4910
5603
7069
9520
7338
7541
7887
1862
7626
875
5409
4419
2234
3358
7547
397
7659
5566
8806
412
6902
2959
8311
1561
6426
5661
8137
8373
9764
2576
8326
4918
9466
6234
7378
5276
4964
1741
7188
8498
6871
3659
7041
5440
5951
4197
375
270
5113
1988
5747
5522
6618
5670
7583
4298
4735
2576
1067
4150
2947
5203
5383
8284
8294
7497
2251
6351
5488
5646
4692
1306
2978
3051
6171
9749
3876
8925
3506
9706
8177
9748
3486
2434
636
8392
5148
9113
253
678
3042
8848
3019
6088
7747
1937
7496
6755
5725
3548
6948
4938
2243
9696
4127
1712
5426
4006
1310
682
7219
8583
6344
2066
5116
6750
4302
5528
2259
2904
3270
9587
4224
3848
275
2661
2477
9223
2146
29
8972
3800
6850
2070
9126
6714
849
7405
9164
9590
5200
1088
7515
5465
6370
881
8337
7099
1302
8378
7142
8781
622
1578
2250
8770
4908
141
5593
2596
4088
2426
6653
6167
768
3830
5376
8107
9101
887
7787
9835
9261
7779
7632
274
6739
8262
5841
9757
6071
6065
1788
8811
491
816
36
9522
763
7524
540
523
2367
5855
4706
5005
2897
3919
8629
2327
6902
2753
3621
5287
3883
5239
4262
3736
1214
468
624
4744
9093
7923
1798
4151
8030
3400
5921
699
6917
3054
2969
193
6107
5840
7887
8222
793
2355
6714
5427
705
6736
7196
1279
5469
5904
9248
1374
2103
143
3714
9935
9860
9843
635
5444
830
3830
6215
9442
3948
6543
7573
280
1920
9136
8618
813
3837
1528
1074
9714
7218
6552
501
2710
7992
9970
5058
3336
6260
3997
8843
8535
1081
2901
5036
8022
4253
7696
2777
3643
6038
4827
4883
1270
2001
4099
4630
9023
7631
144
6754
6232
4957
5420
4420
4786
1966
1953
9377
6075
791
367
8462
8084
3126
669
5903
7121
2016
1719
6650
794
2470
7590
1879
1375
1219
1038
3463
2360
1317
6529
5101
1130
3957
2912
7597
1781
7525
6769
9824
5258
4213
9580
2241
8362
4321
4079
8343
5322
5835
7330
9440
6595
9424
5509
806
5
6778
2485
9408
4603
2578
3341
9384
1258
2511
3529
2196
4
4095
7158
1443
665
4609
5125
550
8941
7821
2271
6361
4596
9361
6995
4381
553
2120
7002
2611
2254
8633
3451
6359
3486
9210
10
6774
14
1118
2475
5677
1491
6754
628
8911
301
528
9393
7603
5632
8926
1121
1304
6803
6599
4078
8806
4049
3603
3530
6963
9981
9781
1732
4862
7475
5681
4570
7707
7946
760
5177
3115
133
9313
6799
2328
7560
7942
6578
650
360
3448
4921
4009
7979
2848
56
9007
927
228
7145
3929
1335
8241
8069
7914
3247
6251
6995
4444
8880
4734
2119
7300
303
7600
5212
2320
9376
5350
4732
6000
2505
2048
9387
5167
2833
6481
4308
1084
5959
142
1307
9657
5806
6083
6354
6367
950
252
4631
3356
2838
359
939
3963
7909
2308
7181
6974
121
4133
3236
2857
23
1976
3227
8574
8568
6894
1271
3249
6652
2119
1941
3720
3256
7564
9230
3073
6635
5945
4540
3584
5279
6805
1254
7491
3947
1087
2583
7939
5669
7047
4685
5049
5813
4662
8462
2603
4324
1403
7461
3170
5891
210
9993
6681
2121
1491
5502
2052
3428
8165
5237
6843
1248
1037
5822
5425
8725
1975
7167
8501
4858
2783
3276
7748
7384
13
5526
905
9002
3851
4913
5011
4960
3092
3420
2289
6051
8090
7525
6524
3379
7380
5333
7121
6924
3666
8887
7081
6694
1599
2903
1639
4059
9618
3013
2078
2708
1841
7128
9453
9293
3922
1791
4216
1991
3007
9603
579
2572
4822
2168
8189
4541
8890
2530
7879
9591
9945
37
16
2900
7419
7924
990
8077
660
9579
1067
3021
5542
7016
1994
6097
7350
9412
6580
2812
344
8256
1139
8279
2938
5402
9963
3189
4251
3967
7504
5013
5398
4314
7912
33
7455
5035
45
5107
9000
7699
6319
870
8656
3723
900
202
6697
6436
2237
9666
4036
4649
5526
6056
6620
1408
9145
2209
1211
9760
2017
4170
7405
1485
9958
6161
399
9806
4121
6257
1763
1088
5901
4293
1923
1107
9136
941
3984
5826
2165
8814
6774
1552
1600
7076
6509
5310
5677
979
6559
5065
3453
8347
6017
7904
5293
1306
8752
1715
9749
6299
4057
1542
7546
1516
3220
2933
5857
9517
7662
6274
8801
5188
642
9739
3363
6574
1364
5830
9193
2368
9498
862
5496
5339
1670
9303
8819
2798
6804
9452
485
1814
9117
5211
1307
2864
2806
8838
1244
6254
9416
4506
3509
9448
4732
2492
9077
8058
1267
8879
4690
6636
4159
2322
199
6719
1058
9959
7739
5026
5297
9279
1902
2324
8356
1648
1042
5893
8877
680
6852
6165
850
8523
166
2094
9529
7033
4058
8589
5311
5643
4285
5146
884
8603
8301
8106
9207
7235
2984
9722
7274
8494
2995
7068
3009
59
4548
4894
7005
8401
9661
6549
943
3500
70
5513
7051
1716
3509
5194
7323
2430
9468
1120
7580
1164
2527
6848
2298
6976
2192
634
7091
3711
8665
7327
2986
9136
8869
3760
10
9091
6236
7506
2452
3070
2026
3902
2232
963
4506
2357
524
6909
2036
2768
3372
809
3536
8117
7630
8050
517
9685
9552
597
6723
2771
1905
2323
6953
3087
8888
7332
2468
2720
5429
696
8341
9361
4514
6088
8142
7938
2934
6092
6585
1711
9750
8662
3316
9357
6216
4092
988
6577
7733
4899
565
2411
154
9510
2196
5359
6060
1446
6010
6676
629
7244
3293
3157
7167
9273
7172
166
3596
6126
3438
9313
7536
4920
8656
5853
8748
7923
938
3520
8231
7519
8132
1195
4266
4032
8922
6004
2377
9263
7121
385
2745
1342
2917
7632
6819
8841
49
7523
4963
8424
4905
4521
2285
5313
5575
184
3373
7754
5265
710
5913
9100
7475
1480
6885
1491
3455
8065
9154
6145
9501
8139
7173
9731
9968
4212
5168
5916
2471
9840
2447
3005
6557
6924
2801
6982
3022
9027
5088
6197
5782
6937
8927
7853
4151
7300
2239
4963
9366
987
5853
5234
5763
9943
4716
8366
3044
6662
1867
3333
1549
7678
9315
66
6429
8734
800
3131
3752
3024
5865
9994
3741
1739
5917
424
4147
694
4091
2853
9541
3830
2654
9013
7607
1448
3603
6356
8035
3146
521
5802
1125
3747
8628
6874
63
915
4622
5204
4601
4949
7467
6186
1145
6482
5255
1392
1468
1887
9886
5820
6190
9894
3399
8621
6859
6738
3902
3481
1042
7987
5853
4206
6195
2738
2406
186
5349
9183
1263
9253
3942
3510
2171
6444
8896
4143
3777
1481
308
2357
5739
1901
3094
9422
9661
4496
4053
5913
7360
1232
8213
8727
1162
3989
3771
5887
4188
4933
9572
5093
2584
2659
5699
7461
6172
401
4661
6265
9423
8743
130
7291
8567
7868
8498
5604
6117
4625
2329
2002
4366
7565
6097
1928
7078
2019
6610
4783
8827
2896
5313
9706
2540
5856
3378
4296
84
3504
6635
2259
6902
7630
3431
7141
9750
7964
7524
3930
7986
5204
3466
7952
7964
2469
4328
2395
9653
2252
5148
21
263
3182
5838
3282
5758
2657
1481
7474
229
1291
680
3040
6441
8338
6425
5063
1596
1586
7953
5925
8840
3373
5596
2135
5117
6300
2606
3971
7865
1636
5003
2629
3699
6340
5712
8369
916
4635
9756
1063
9731
1702
9694
7157
1916
8503
652
7094
3452
6449
6461
8936
475
7759
9396
3931
6790
693
2585
1862
600
5631
1878
2227
7652
149
75
6347
8978
5040
2942
6316
1347
182
18
2054
179
705
195
5381
9675
7182
8220
3817
4095
1232
9605
7825
2570
1429
4988
3830
6548
2337
1886
6196
6750
5526
4418
7235
1770
5845
659
4964
8329
4686
7368
9718
5298
436
7954
2393
5484
3868
9665
2442
6265
1331
8675
284
1407
5631
8123
6568
9939
7054
8473
9915
2644
8699
5867
2958
9073
671
1840
6211
3257
5251
4261
1115
9406
9060
3998
6420
1844
6015
6386
1232
8875
2092
3043
4209
4054
5512
6905
3648
7560
6266
4763
4620
1899
1479
2249
9408
5916
3664
6600
8558
1382
5353
9803
3927
9401
7109
2026
6172
7543
1069
1602
7214
4827
2607
6809
3586
1766
5507
3403
4993
4999
4889
598
9852
2118
8878
5375
8316
1214
3198
8192
1799
4645
4995
2734
7455
5673
9051
1434
8420
40
1992
3284
6570
428
5088
6535
53
4801
5013
3302
8881
5252
1183
3265
4334
459
2117
7523
3336
4859
699
1323
84
5609
2069
3188
823
6673
6506
8563
2161
9052
9268
9166
1942
1746
9795
5908
3437
8124
49
2940
6402
8308
8448
1949
758
5787
5200
5767
1334
6023
9837
9741
1625
3960
6261
8640
3618
9285
230
5305
6646
3623
2102
3090
3175
7553
8524
7985
4207
5978
9580
8754
1033
9450
8033
7776
1576
4301
5122
5056
1675
3558
2470
2075
4872
8323
4868
8581
9973
2089
8788
2302
8631
8028
1329
4789
8705
3645
5776
4612
4366
1
3465
9868
2681
4073
68
5694
5049
2179
8480
898
8827
3149
1436
5864
4999
9713
4008
1497
3317
4545
4918
1401
2680
4944
8698
6411
6728
8219
369
4240
1198
4450
6013
8622
6712
3799
6462
4634
7836
2770
4285
6193
1065
206
9154
2680
3193
3124
4309
4334
7139
962
3313
795
7854
4743
7861
9640
3247
381
2980
6090
1347
4980
220
1548
7448
167
9731
1416
3253
5406
7774
9569
5339
2095
2251
6032
6259
1569
4814
7802
4678
6606
7849
378
2044
7460
8213
2528
4620
4441
1293
5429
8562
5337
1257
7338
5838
3150
8680
5628
8777
378
5958
6918
4579
3523
1885
2932
9032
2859
4088
9567
145
4139
1987
1673
4582
9948
4910
7607
6033
6258
2016
7894
9069
9494
2536
1611
1470
9134
1679
5548
4747
2971
394
9028
1990
9374
9131
4727
7100
1527
3990
1650
6983
7596
3217
4189
1776
4883
3493
9841
4354
7260
5106
3984
7915
2654
3598
2325
8875
2780
2334
6793
431
4
8173
527
4263
5300
9033
1597
579
793
8077
9239
5789
1285
8921
9193
6383
3068
8110
3969
4341
5932
2965
9079
9277
3094
4351
5627
2651
8349
4503
2025
2233
8954
6484
3162
6236
7514
411
778
5361
2372
785
8162
2086
6235
9789
4370
6230
300
7868
2637
4620
2500
9150
800
7753
4642
2894
1408
6864
2196
7007
2559
7374
4305
8914
3099
2711
1282
5268
1283
2715
6334
4756
2151
8360
9664
2899
9675
9481
7655
5027
8503
6092
2858
2994
9182
9970
6469
640
8489
7871
149
1339
8192
5249
5404
9100
4308
9837
4978
7738
3164
5540
6088
8269
4986
3925
7546
7885
3000
125
8912
8489
6068
7401
9329
83
7846
1756
2581
1832
3018
476
7940
7165
7183
5206
736
2470
3403
5538
125
608
7864
4737
2489
2430
3374
7426
2891
753
5278
9029
9644
191
441
2823
3372
7718
8923
9164
5779
9547
3799
7498
9222
3675
800
4577
3697
4258
6786
5849
6055
570
9467
3045
5891
1307
2953
2579
2537
1857
8224
9813
1679
4924
7448
7225
9729
5280
7089
6116
9702
684
6373
7278
3805
3176
4376
3255
6547
2231
190
2072
7860
3884
1625
68
8010
4537
8541
1004
5191
8819
9507
2177
3692
2913
5286
8037
1556
6995
4653
4027
4256
8128
5781
5405
1855
5127
6571
7579
7753
4599
1475
5713
6248
6042
6199
9234
8356
972
1296
7488
8794
1593
8922
7214
824
2437
3047
7805
647
3141
6691
8850
7365
5802
798
3560
8174
5134
7851
770
2919
1703
7573
6009
567
6440
5817
8643
323
7639
6340
2341
4676
5433
8217
5711
8662
9545
7951
2949
9600
8104
885
5647
4715
7119
6835
1654
8800
720
5423
1726
1811
1258
7528
8067
3046
2586
2738
7500
4571
6094
2830
6989
1034
8582
4757
200
4363
644
9458
403
8929
3490
3641
9765
3908
8082
9496
9769
7817
3008
5480
2261
1791
2644
9551
8869
1480
1076
4214
1968
7602
4903
5442
2205
3073
5156
6945
7294
379
5832
5859
6665
5440
2422
2915
4456
3924
5800
7632
7991
1755
8836
5564
8106
879
298
8768
4017
6785
3514
6170
7428
6666
7747
9108
520
828
2886
786
1060
7082
8617
6680
6765
8944
9831
7190
4300
6289
5045
4337
7810
1643
9583
7070
3762
8169
5200
8158
6940
9125
8385
5953
9210
823
2264
7064
1139
7183
5794
2795
9390
5291
6524
2147
8209
8597
6779
4822
470
6941
9532
141
2350
4398
5973
9491
8544
5743
2761
8172
7770
4184
3275
703
808
911
8970
2962
5523
9918
8331
1217
7760
9587
7125
1306
8489
8404
6981
2360
1801
4412
3825
8745
6417
3623
4185
8590
9048
1477
8810
8863
7503
8143
9405
1273
9490
1316
9148
7366
9930
9485
6213
5478
3279
5045
7671
5183
411
8687
3848
3919
538
1411
1849
5897
1581
8937
6865
6308
6462
9825
8326
3260
9134
5500
3803
690
8570
5130
5539
887
7820
2577
4948
4897
2478
8406
2854
9671
7193
508
554
6143
3755
6358
9672
3377
1223
6474
6512
1768
4071
6997
5922
4197
8540
3717
9194
3711
6150
8278
8339
6299
6383
8717
9772
6435
5745
90
8055
9815
2824
6734
8846
8685
3106
4681
8417
9909
8723
3438
9178
