369
3294
905
7345
5271
1118
8388
9842
535
2494
1489
8850
5748
6293
8341
3818
4222
3557
8420
8422
8068
485
9775
6905
9296
8109
650
4589
5027
202
5832
3224
2685
241
774
554
8569
6624
8898
8355
7651
7536
8406
5473
5767
5239
5748
887
4887
4442
5999
6138
5145
2399
5715
3333
7851
2416
4467
7004
8356
3484
1085
2701
1080
2919
7228
1218
3719
3106
698
6563
6050
1125
9680
4217
683
6713
9691
6461
8841
7234
8684
4911
1317
4793
8765
2883
7476
2984
9771
2165
3680
495
6212
6205
8581
7700
6479
4942
2342
5126
7298
744
9001
8290
659
4717
4390
2782
7471
7825
3015
3971
9329
1562
7100
7545
3552
7031
5982
7114
4199
3437
4333
9304
2098
6077
4729
3002
2386
7073
1705
7985
3597
9317
6332
6570
229
5186
6314
604
883
6021
4693
8256
6624
3407
33
1889
2640
5253
8638
7657
7499
6488
5070
2155
2649
5295
3207
9775
9626
4544
8662
1207
9743
3661
8862
1457
1864
3499
4300
693
5563
3966
7816
2702
9469
1137
6106
6933
4145
4674
2742
313
6266
841
1078
8955
8495
2088
7875
2166
6538
4990
1376
8940
2492
8534
147
1947
1905
1021
3376
7566
9963
7729
2243
4640
3950
580
1770
1291
9655
5632
5709
5726
8442
5892
7563
7006
3670
5101
8770
6563
1623
5920
2555
6515
6968
8243
3839
44
2147
7211
6010
8475
4455
2672
3899
3002
4613
13
7428
5429
4279
6756
6149
5373
4924
6047
4303
5830
2788
7984
2855
7179
7013
2793
3178
8514
2280
6072
2007
8489
9651
6154
8382
1679
3588
1137
5987
6304
4838
128
5038
6440
643
6899
4002
4009
263
3963
6328
6360
124
5367
6503
5537
5591
3630
8546
283
7535
7705
2591
677
9109
5630
9903
3760
9540
8502
5679
855
7863
368
2714
3528
9617
2799
7193
4150
9389
8334
9560
8056
6482
2836
2853
8265
2386
7939
8600
8258
3600
9658
1594
6101
412
9050
2403
3760
365
3493
932
4529
8649
3330
5213
4969
2148
2797
6509
4409
8018
8012
8932
2009
3515
6541
8070
4200
5018
1227
9614
909
545
3599
8876
556
5389
882
9725
9076
3202
9696
1013
2661
67
1065
4124
5790
6064
6274
9714
4325
3692
6072
5120
6704
2041
4916
8829
9920
5715
3018
8281
7662
5542
2844
4089
7534
6908
4811
9008
8175
9575
5789
9863
6788
4503
6746
6761
3405
4937
9136
4701
2238
349
4823
2800
6113
1602
9087
8830
4472
3328
1269
5405
4810
8209
7573
7287
5199
1612
1865
4962
1415
0
6975
2221
4580
2490
8104
5593
5592
7315
4093
241
472
4618
5212
3064
6672
8473
1873
1822
4401
1381
2176
8334
1157
8183
1278
8599
5363
3395
4927
9461
574
3634
9721
6235
1672
3120
7304
3664
2916
4371
6971
1059
4504
102
2716
4523
369
4914
9933
8368
8929
4360
4494
7600
9827
1197
7691
1775
1823
4834
385
6974
5417
5343
5009
3430
2916
4172
5165
7841
788
2508
9712
2390
5921
2438
8571
6815
5767
7825
1817
5352
8010
971
4787
2167
6983
774
8128
8546
3398
447
1700
7889
1932
5933
4746
4209
5549
5923
1004
3474
9486
4386
3871
750
2759
6942
2764
5495
6903
2282
4552
6523
5251
2818
1653
9014
5895
3158
7425
501
3501
3310
6460
5090
9226
4383
2232
9777
9877
3720
3177
8758
7588
5721
5387
5824
9295
4321
739
4870
4709
6241
8030
2253
5469
6531
53
4035
3317
6097
2178
7323
8182
4307
8060
8309
2697
3241
7678
7833
4722
2352
4295
2272
3243
6981
7978
7871
8620
740
2677
2097
8197
7419
4286
208
4286
4816
8154
5376
278
603
4743
7000
1527
3121
873
910
443
1567
5890
1037
4840
255
1738
230
8038
3562
5215
1536
1842
9594
3781
3805
747
4987
7278
6187
7081
2861
6149
2691
8013
3176
1429
7809
468
3485
982
2561
7717
6309
6167
2898
9450
7145
8247
7834
1403
8029
157
4358
4789
9529
6200
3164
8986
1685
257
2207
786
4608
3133
3422
2768
2765
1038
1449
9647
9355
408
2577
3803
4064
2737
4540
5580
1617
5106
6705
5724
1904
2858
1686
7562
4979
7490
