5957
4690
4976
488
1158
4085
5604
6184
464
158
1266
1138
348
7402
9821
7072
7212
1678
8077
7785
4245
4748
8468
4676
7690
9920
7500
1323
6326
2346
9055
9852
213
8758
2209
1177
5824
5255
7598
6127
6484
3138
2396
8899
9006
6102
4732
5912
2629
5082
3923
1406
1891
3295
3775
1748
4561
9892
585
1614
5743
825
2742
9297
4397
8587
7144
9819
1192
5229
8039
6896
1796
7512
8776
6000
6755
8217
6536
3236
7631
4681
4360
4007
4426
6634
4148
4545
3135
4780
6705
3821
4660
5664
8291
7629
127
5956
360
1332
8354
3677
1941
4737
2740
9043
3867
9595
8173
3110
9285
744
2654
1118
9744
6072
7435
7168
167
6782
7654
6204
6362
1966
7962
1379
8763
8401
2224
8534
5446
9462
5553
6618
3946
5188
5288
9768
8919
1002
7347
9329
5862
9559
5222
6318
8351
5461
7548
7733
8444
1439
3772
7479
6328
5332
9316
7063
2130
8932
9956
8741
9108
1719
6169
5321
9019
6205
228
5851
5522
4640
6358
3230
687
4565
2315
7309
3882
274
7585
2397
2326
5209
9971
3219
9229
5026
9126
6527
4460
103
3343
2581
7944
1977
7502
9052
4091
6689
1500
6144
319
3888
1997
5026
6758
5143
4241
8911
6067
9363
4621
269
697
4800
7520
8658
3391
9870
1861
7599
4572
7953
2821
7994
980
8946
5270
8921
7647
3187
1523
4090
8194
1776
1673
560
861
353
8188
2519
6080
2444
9828
9416
2923
8551
1975
5945
7584
4763
5140
2652
6023
9796
7481
2231
8062
4197
9842
9219
9195
5656
7103
6686
3983
5875
9440
5100
5833
9574
447
9162
8692
7857
5819
1907
126
9091
6172
5691
1446
140
7128
2873
7856
3892
5857
7937
6585
3349
7256
2559
2210
5043
2066
9488
9947
8029
2037
842
9917
4075
9136
4188
1939
742
5765
32
4374
5767
7219
4669
7284
3911
1348
6474
1741
134
9743
8124
5961
3048
2907
6160
4265
4393
4258
2324
6232
49
9629
4799
5182
6611
3009
9745
5298
4399
838
3525
1496
6359
3344
6756
5662
2719
8732
643
2463
7790
5161
3628
4083
2161
3664
5578
6035
2718
5745
9293
2636
725
7515
3102
7504
4787
9832
1725
83
2064
499
5254
9096
7625
8391
1906
6841
1912
5333
4601
9277
8863
8241
2980
5161
5939
8074
8641
1142
6165
3476
6641
9706
6908
9700
9211
4662
5150
5303
851
6347
926
4623
9797
2666
8767
5099
2155
711
3206
1858
8415
4377
8509
9884
298
4977
1700
1341
5066
4868
2642
8815
7746
198
8618
7211
2315
6949
105
4371
5400
1183
2907
7535
7672
9729
8333
7106
3637
2462
925
6984
3737
4808
4717
2766
6400
1149
5703
7582
8040
7361
8330
9286
453
7172
1875
1796
449
4128
7447
2160
4544
5410
9580
4950
4322
1138
6616
1486
8450
1328
9585
8842
7467
6093
5043
764
8075
9059
1424
4961
543
9362
3313
7309
1517
2441
1083
8020
7457
2077
9885
1746
9679
3304
2902
1753
1111
2161
4435
2725
2551
5075
8294
3117
4762
8477
722
4247
1390
2663
6451
4456
2004
4171
6138
2216
816
8007
9958
7214
6560
3070
4606
1677
4489
2725
4539
4570
7436
5313
5411
7225
5256
9322
5552
6483
377
4764
671
3334
9503
8379
643
4217
6729
3088
1146
891
6064
7860
4712
8759
9520
2231
1759
2101
7585
1806
1152
8832
1188
3927
6507
4783
297
5434
6275
6659
9357
1710
4621
7004
7344
1988
2102
8616
2804
8980
5796
7225
2018
8291
9557
9698
5127
5614
1220
3342
1180
2389
7322
6029
4931
5574
5712
7771
9309
5013
2051
1566
4168
5846
3441
5581
7030
359
751
872
57
3196
6989
2088
2890
200
689
3443
6921
1860
8400
379
446
160
8891
997
3134
820
1638
1873
3353
8369
4436
9451
368
8136
350
4620
6629
5366
5954
2269
4714
2492
5624
2922
3707
4647
7184
1407
9416
9152
5383
7074
8090
6802
3145
2924
3223
8178
2960
885
4033
5120
2426
5531
9656
9546
8505
5679
1408
2647
4707
6828
1501
6599
2858
6564
1371
9444
8614
1833
4394
7364
5822
8997
6790
5326
5750
8263
1476
4407
4243
1307
9001
8776
7561
2308
5797
8142
1237
376
8444
3357
2790
9736
1349
7570
3654
4523
4524
6164
3095
3446
7442
2117
569
7770
1428
1083
9944
1961
8953
997
3618
9110
8132
4268
3077
4521
8186
761
5015
3228
7357
9005
3792
2182
9383
3408
4865
6881
6899
9257
7592
2649
5637
263
2475
5075
8377
3098
6130
5063
8744
5057
5777
4412
8424
4993
4467
3295
8155
8910
8706
7648
2647
1177
2979
4537
4870
5366
2367
3131
6643
8169
5947
7302
9941
9021
4761
6165
7161
3936
4663
6980
1383
8286
7765
4928
3335
6457
2197
7641
1980
4642
1099
7062
8382
6918
5268
8645
2262
344
4483
2701
9122
7095
3637
3234
6856
8572
4774
9524
103
8946
1757
3317
4265
5746
1026
725
3558
1193
3136
3260
8514
4441
950
1219
21
8185
7351
223
683
4250
2705
2283
7586
2327
1195
4496
3969
871
7799
9668
6249
8483
3159
6477
8419
6366
1659
6000
3048
2982
5897
6123
3520
2006
7174
1947
5074
5189
7312
1306
6266
5999
3294
9208
24
3469
5295
5541
4757
8275
5311
1513
9617
4247
824
8176
104
6905
7877
5925
3907
9763
7714
2282
1338
9182
2511
8689
4279
6398
5827
4699
6582
1403
637
1754
2936
4126
4870
8900
6343
6628
8691
583
3492
8466
198
6627
2588
5749
9315
8505
6393
1140
9712
702
5012
7541
6390
5387
2696
8904
8501
2933
7923
6068
5140
6308
7638
9292
8405
9378
9211
6398
9270
3025
5397
2600
2372
1033
8979
6647
8954
7982
9679
6461
56
8794
4819
4462
3023
7132
5915
8151
8712
5580
8325
1692
1108
4169
6325
3853
1918
8210
8117
1796
189
7821
4586
909
1190
9815
770
4050
4190
9609
7737
9378
8316
5315
6890
3518
1533
5335
6850
6144
913
2965
2497
7736
7283
3455
4186
4260
8007
2920
7658
5243
9051
1501
85
1526
9952
5328
5675
139
1458
5021
1370
9208
306
9740
9421
6648
4021
914
626
5493
4309
7283
2490
8379
4661
3336
4921
7669
34
792
4445
8054
8869
2359
3147
6981
4821
5832
7413
6294
4474
3568
2679
4305
8844
5353
3569
4290
5530
4223
1807
4652
8742
2827
6756
4842
8845
681
8790
3316
3989
3320
418
8234
7919
8925
6608
8720
7835
4084
7601
710
7915
6005
2021
5891
272
7871
9097
8110
1264
3827
2285
1560
9338
4560
6580
7465
5920
4438
6644
8645
5234
6281
8990
27
7884
1716
8647
938
3909
7639
549
6000
7416
6031
2933
1185
9728
481
9305
8176
4637
1203
9888
6845
5923
4854
6429
5035
5681
7011
5673
1325
3999
9857
5155
444
9152
4528
6166
4759
2855
7542
8148
7400
8662
5012
3086
3215
9474
900
4357
4493
9858
497
347
7199
3910
3170
4515
6581
8389
2436
183
8718
222
7891
199
6738
5216
885
6207
1868
5397
3444
6962
4609
2793
1014
4131
3713
5849
1067
7538
2025
9014
5298
9859
7363
1976
4839
3498
4059
6991
1549
7747
9598
5381
20
4014
849
6112
6519
5239
9291
9731
4278
9891
6128
6308
1851
9463
5388
6696
3450
8963
9272
5563
8569
6540
9579
8236
7130
5047
3856
7460
9490
1328
7904
6375
2951
6602
3852
4611
1338
6354
2698
197
3470
1788
4393
8236
3381
8063
9986
4597
5526
2220
5741
437
6764
8009
8013
6053
4670
5485
2841
2839
2774
3940
1448
855
2721
1665
7384
5917
1202
8099
971
2847
8899
8832
7183
2740
9113
4479
1145
1507
738
8466
4733
9033
2766
4096
5228
1177
2967
7184
2282
1629
5183
5761
9018
2987
4341
4903
8713
5652
5539
2047
2820
5014
1974
3620
1463
8048
5883
8538
2212
2853
3171
1688
555
6458
6531
259
5388
8250
3050
4565
902
1770
6863
956
7835
8630
3367
5214
1026
4041
176
2938
8312
8940
1341
8602
8213
7174
4607
1206
1559
9393
7756
4130
7405
2605
1726
727
6817
7966
8794
3134
3106
1793
3068
8024
6829
7436
7436
748
6296
162
9663
3912
1628
5894
4892
8760
1452
4951
7928
8277
3686
8522
8785
9108
4436
9126
9380
5055
7631
9944
9020
7729
8914
2854
696
4187
150
8017
7143
4068
5375
2515
5746
1613
2258
8808
8150
994
1777
7818
2940
4812
7941
9700
8423
3299
5335
8120
4698
8865
8027
4236
4979
3794
8377
6174
5416
7079
5545
7192
4188
7706
7834
9520
5342
5436
256
2694
5567
8970
7048
1664
8094
5646
4793
2979
2705
882
1240
5431
8050
5423
5639
1517
3556
5971
6636
3245
8352
9537
4042
551
9552
9779
798
939
5479
1242
9800
4533
8188
5638
8276
7968
2481
1105
2420
8939
2948
7029
5468
1064
3857
4926
3913
9073
8562
1626
4399
6854
644
8045
733
6273
2839
3506
4943
3819
7858
7323
6944
9047
5984
4841
2794
4348
2011
8791
5452
7136
2755
1617
6182
5151
1755
5570
2596
4523
3153
4379
5
3933
9464
8863
3207
2842
3284
9627
3008
6514
4849
3075
1083
8545
8447
6007
1678
2328
9710
2469
9428
3254
8803
3097
3563
4687
7412
8671
5836
8175
5878
8920
6915
2872
832
1338
8506
966
1115
834
3718
68
6056
3574
9661
8648
1614
5365
3507
8841
9407
8783
5648
4769
5206
8945
4927
5821
8464
168
9701
6641
5956
439
1836
4536
7663
9972
1260
8569
576
4636
3621
4038
9021
4967
7547
782
7937
918
1566
6690
8003
3769
4452
6261
7203
8157
3398
5964
4563
1586
2708
613
2319
8843
7334
5875
7323
9887
2096
7159
3176
1756
7984
6827
5075
7659
3287
5161
9882
6782
898
8632
1116
982
4293
7702
6651
4786
1827
8753
7136
2785
1179
255
6220
8664
2498
877
6167
6591
1946
6804
5559
9446
7852
6952
158
2070
9095
8635
2607
466
4340
5135
8271
6459
2885
632
1317
8115
2154
6127
2317
8889
4096
2867
5023
931
3383
4105
5478
5498
9214
3301
4640
9391
4269
7873
2673
4075
7710
4922
7780
9380
3816
5626
8751
7308
634
4607
2322
3876
7185
7723
7228
3341
4534
4645
9562
4367
7031
5244
9805
7490
1072
3132
8439
1338
8662
5513
4545
7488
4880
5112
2828
7595
2498
4365
1458
781
8711
5055
920
1161
7802
7512
7683
1619
3297
5529
803
8560
6215
7162
337
9788
4917
5086
4992
5099
8636
3125
1891
1751
9537
3259
4859
8168
9397
5341
2731
6721
4000
9772
8842
8615
6378
3979
2756
8365
3733
2739
8302
7402
7642
8501
676
8268
5711
8847
3312
6390
6274
1416
5369
1141
4181
1429
3782
2208
4006
8958
3709
8990
585
5755
7021
5377
7252
7671
9956
1408
3207
3751
6078
9906
9238
7220
8603
5078
9028
8355
9851
4688
6317
3318
2856
4718
9313
5244
6320
9736
6072
7747
2830
6486
1622
1966
3428
363
9885
401
3623
3919
2233
3369
9479
2235
764
8521
8346
7710
6199
3903
5940
1276
8737
7797
3556
9541
1719
643
3006
7268
8944
9409
9744
1262
7884
5274
3748
4538
9081
7229
8385
4272
2033
5773
7566
762
7987
2920
6133
1607
9884
8309
3439
4718
4834
4518
913
992
6813
5725
6883
4630
8306
4283
6137
6361
9261
436
9408
1521
6939
6574
3270
3093
2450
663
1078
4449
1373
7766
5439
8694
2567
1578
3377
7595
1379
3920
4131
9185
8470
9360
9779
4724
4226
9206
7147
1565
367
7710
7500
244
3640
3928
746
8147
9232
1548
388
150
3487
9703
1742
5791
7229
6115
1725
5942
5449
3668
7550
7773
7382
143
5699
6161
8723
1333
5915
1692
3557
8301
9005
2296
84
9232
65
5342
9791
2718
1867
9932
7404
6254
7909
2725
2016
5010
1815
4547
2839
5113
4294
855
689
5902
2726
9793
9354
6461
1565
9035
6051
134
1606
5903
8418
8666
4718
4041
3043
2146
3295
7672
5705
7279
5575
5614
5078
1709
8484
4134
5410
4112
8462
1205
3643
6256
9345
5417
8314
4609
1253
1182
1774
4971
6220
8255
7943
7401
4071
1210
2064
6461
5797
4972
4010
8256
6089
2668
4466
8278
6151
3332
4590
9280
9836
2137
2553
3835
3735
8715
1208
7398
1879
9320
9992
3298
3650
1628
9975
5954
8286
6211
11
3857
4944
2702
626
850
2976
1524
904
8579
3093
3600
287
2843
6306
4344
7182
7730
3964
5550
9448
800
5991
3695
3271
413
8604
4328
7957
7368
7433
3497
743
9907
4613
8210
8854
6139
7614
5449
908
7462
3297
6110
8664
6901
5045
3542
8765
1017
3733
7555
6093
2514
4520
7781
3037
3122
4655
8153
9366
9887
4698
7839
2584
360
5543
1802
4586
6879
6440
2833
322
9333
4640
5234
8029
9731
1530
7798
3964
9572
7381
9552
7900
9184
3840
8671
1888
9395
206
8770
3677
461
262
155
5026
8850
8538
5260
82
8897
5826
9326
3487
850
3573
5873
4532
6537
5411
4606
5375
9543
2081
24
3641
4591
3169
8064
8787
1334
1886
4504
368
3731
4689
4927
2217
407
6707
7851
9521
3302
7664
3141
4581
419
8020
5502
431
2954
3301
3168
1496
7062
9420
831
391
7811
7249
9342
3835
286
5170
4397
9328
3624
4735
8224
3041
5529
1653
5196
1547
1457
6278
3002
5674
9930
9490
9118
8659
1242
4884
2785
2444
8373
3226
2570
683
3983
7602
1723
522
8782
5262
3735
7668
8654
7860
2850
9743
5470
8581
225
5478
3479
9560
3025
9649
1405
5282
9027
1715
6398
2163
2804
4176
1256
5840
4699
3033
5175
6233
8620
2838
7468
6967
4378
2574
7129
7268
1257
4086
6200
5350
4288
3556
6796
617
2829
2414
8719
4376
8355
8612
3194
8520
8671
8455
2403
5217
4024
6980
3857
9802
7669
4577
4251
224
8776
3267
6894
4835
7480
2058
4653
6925
5756
8633
2819
7295
6467
117
3284
8009
9393
9930
5969
3606
3188
5925
9738
3186
8885
6097
4574
9881
8601
1617
206
9358
8935
3607
1440
4436
6836
7999
688
3644
666
5323
6256
4908
4695
2939
7519
2984
258
4440
984
8864
1176
2094
561
4534
3461
9972
5540
6394
9966
1801
4187
8676
5402
5549
1380
1405
5457
8905
6052
4890
7085
92
7256
1318
7133
1058
9574
6970
857
3843
6114
5372
7455
8310
8413
898
5083
6992
9367
8897
3814
4269
8645
5558
9318
2442
3230
4272
7715
6524
9071
2104
2585
8480
4302
8047
3049
32
5836
6530
3642
4607
7828
4060
9165
3889
4816
5481
1662
5978
7354
3874
54
7218
8752
4489
4493
5745
6257
6162
1597
7740
9844
5453
850
3964
1703
8332
2974
5512
7397
789
5433
6975
5249
1909
9653
404
6911
1631
6703
1446
6450
1632
7954
5098
848
2912
5381
8071
2177
3064
9269
8158
3062
5930
8557
7716
663
6497
9073
5614
1605
6886
5787
6488
6222
7820
1164
4418
4686
7785
6212
6775
835
2865
4477
2491
6073
6400
6833
6944
3731
3636
4637
453
2283
5013
8813
1644
9409
9794
5270
8166
8512
1065
8322
3614
8574
6211
38
6030
3970
6138
8592
7362
3343
3863
4364
5527
623
8348
9622
5695
2459
9419
7049
9445
870
5169
1094
1511
1498
8051
8017
7237
5930
3443
9541
9540
3382
7599
6119
4111
5373
518
7495
8970
7869
6936
6227
9172
1062
3449
8007
6026
1836
7521
4703
9234
6155
483
1517
5226
5877
2008
469
4669
3159
2871
469
7375
6266
8788
7506
8150
6420
8930
254
7829
9839
1238
7430
6517
34
4874
8344
1346
4075
8298
8769
2592
9454
9214
4068
6489
5127
4868
3655
8196
4139
9130
2280
7618
1372
4501
3981
7752
8556
1521
7496
2405
4969
566
1593
287
4199
2403
5149
5438
1339
9161
5349
532
2003
4583
6641
3735
6403
909
1051
8077
2922
751
2033
2691
5411
8632
2122
3338
1927
7816
1049
3150
3264
6284
8399
1892
9049
3449
2923
944
2513
6900
6381
2240
5806
7488
984
793
2318
7173
149
6796
4104
6394
7668
7620
9777
4224
7342
5294
9643
2202
6678
405
3176
8844
2381
4458
2172
8671
3541
1421
4384
2606
3789
858
4051
2048
1787
2834
9115
9522
2841
1749
9097
5632
4198
5193
5434
4016
6668
9882
5210
3148
6993
8382
5604
9978
5895
7987
5284
361
2927
392
6493
7818
3531
309
6438
7529
3344
4855
3839
4470
9274
8284
4657
4100
8201
9975
4948
5134
5738
9937
394
9729
2721
957
3336
9018
4593
9317
3893
1900
3422
3142
9579
4093
169
4453
5963
7695
2763
9228
3389
9974
7693
7622
3732
8059
2580
4082
8208
4332
1002
439
5309
9181
8727
8133
9641
4223
8159
6099
67
7275
2724
5515
4863
8508
2172
942
7782
1142
7918
6597
5274
5655
4102
1349
7495
744
552
9118
4500
7391
3569
4416
5289
5
8408
5131
3115
255
2468
7457
7555
6955
2055
7210
2460
8809
568
916
2235
3507
7375
6789
4713
9131
8041
7279
6172
4223
8971
5278
3540
3659
8131
65
8225
5148
3785
4978
5201
9708
9845
7604
1767
3135
2779
6680
5223
8153
9137
1772
9262
1610
4225
3073
5455
9223
761
1879
120
8709
1824
1207
4739
2852
819
3612
7736
3447
6654
9135
9632
668
4390
1662
8468
1212
3186
9577
6052
432
4442
3753
9427
2173
7304
8188
8576
2430
2347
3937
4159
6430
3051
3724
8278
2542
390
4343
468
7497
857
9734
7115
8449
4330
6341
4622
629
7266
2448
3590
7074
920
3390
111
723
921
7499
4991
5334
6643
8577
518
8364
4016
4659
624
2365
2801
2661
1912
8022
3856
923
2887
9712
9703
6332
3354
2894
3758
8226
5857
9715
9455
2529
196
1405
71
2850
5264
7698
7829
8860
6671
8245
6772
7549
5510
5269
4645
1130
2711
4675
9414
1697
5047
9821
5039
151
6602
8972
8011
4131
9434
8118
7491
7845
1559
7809
4166
2725
1928
8661
7637
4900
976
8605
5626
8753
9483
3850
4457
1386
1735
499
4991
9596
4688
5276
1031
6298
3652
194
6012
5958
1301
7617
6152
3247
2828
243
2730
6759
7467
1749
438
9759
6843
6791
8839
9361
5492
2527
4752
7674
2331
5659
1200
5202
4229
3985
1331
8729
58
1253
277
3968
7045
4375
6193
881
2648
4949
5832
7372
3868
1332
8157
5552
5525
2903
8877
5042
1988
7770
5581
1532
5351
8478
9611
3717
6603
7904
2790
7369
690
2248
3322
3141
783
3947
8259
6913
7917
1550
2019
9530
3248
7784
9406
9979
1219
8770
9970
9527
3840
2269
7765
5126
7119
208
8039
8170
758
4333
9894
1452
462
9983
3119
3400
630
1314
8322
8610
5184
7823
6399
6547
4634
6787
205
1188
999
1547
2330
2373
3100
5277
588
7483
5111
8054
8757
772
8953
5116
9925
616
2708
6559
8713
7726
3999
5025
3778
3495
7014
9198
7169
5100
878
6522
5406
9535
6263
9174
2855
1184
763
6079
6341
4783
8707
5571
7851
4952
5912
848
5160
5296
7126
6267
3355
8474
4797
5514
2966
4279
6913
47
5932
9800
9970
5361
7924
9441
5350
4104
8863
1883
3921
2677
6502
7206
5639
2268
4668
4602
584
4751
3778
1096
3610
2616
6042
5234
4229
5906
5220
2323
4775
6980
4580
620
3639
8252
7860
1660
6727
9956
5589
5211
131
916
9473
9828
8103
452
2524
3053
1517
8027
8873
3540
9170
6233
441
5352
538
4973
5406
4064
4522
3956
7853
6364
1444
8207
8482
3206
3360
4431
9293
8436
9061
9632
8075
206
1047
8703
1280
4806
6858
7465
8879
9368
7220
4786
3164
8832
721
4463
6168
1507
4848
9376
8812
2619
7419
5661
3041
3778
7636
9740
9804
1658
1354
13
4951
7046
4587
706
7514
2393
4195
4654
9625
9161
3475
8376
4967
9423
237
4124
3720
1070
3228
5006
9044
9534
6800
108
1159
5380
310
2128
2181
6496
5719
1806
6779
6642
7655
9760
1168
3289
4077
1900
1579
9338
9747
5054
9406
7497
5507
2727
6048
6519
1137
9586
1785
6777
9096
2303
7798
2224
2588
6078
524
1130
3103
7385
985
6741
5775
5134
1542
1963
9852
1656
1417
5359
4359
2761
5366
1698
1830
8806
5365
3889
6197
6143
6256
3727
2854
1577
995
6267
6809
4906
3734
6094
2870
9953
3158
5347
199
5727
703
9139
8355
8054
3254
5244
8565
3148
7858
621
315
7259
6747
7792
1866
4825
6539
6853
9615
4543
8530
6935
2161
6041
6933
9806
5122
5961
3190
5328
8339
1239
5310
8212
3399
7353
5143
2533
8768
1947
9175
1503
7526
7564
7366
5129
422
4965
4512
7855
1319
4438
8758
10
6168
926
7679
7822
3124
1670
349
1937
3672
6875
2330
6051
3627
1575
9824
1326
9212
8395
1959
699
7914
9611
7322
7470
2668
3478
963
4400
5137
6320
6741
6103
385
9486
2296
1700
7427
3917
8030
1672
1656
9199
8436
4468
468
8083
7093
6171
8717
6607
7912
230
603
2093
5658
8149
2560
2624
3462
3389
8113
7506
6417
8418
930
5691
6994
4274
5488
5024
6494
6891
2296
7413
6146
1738
3285
5312
5833
5105
5991
732
430
7060
8142
2166
9739
6129
1525
1272
6079
7753
3692
7504
7135
6335
7678
7692
1955
92
3938
1924
8929
8797
476
7555
3639
2906
7203
3380
7665
3763
9118
4629
4635
7625
6903
362
8049
3766
2033
9169
3954
8618
5478
2238
5282
1107
6665
9859
3710
8616
2699
9421
8203
1842
7657
3053
4007
6359
3666
5425
5793
8053
9846
8975
8517
376
9321
6781
1759
3112
983
256
8897
9921
5458
4128
9456
9136
2791
1284
8728
7975
3503
7663
591
1918
273
6310
5495
8503
964
5724
3581
3563
291
3021
8879
53
9801
8883
8907
6107
2347
1560
9858
7589
1349
1993
6955
1964
4908
5251
4356
1504
5811
110
8435
3125
7738
6786
9274
3627
6560
4761
4681
8809
5385
9059
9213
9974
5034
8800
7207
9667
2209
3150
8872
7512
6642
7631
3944
5594
268
9749
966
357
4411
6653
6937
7516
8086
9030
100
1066
1128
1196
3832
8868
2204
4374
3332
509
2577
360
3128
3845
9661
2597
5527
783
5998
9508
5995
1118
3243
5310
6994
2427
3354
9938
1781
4357
5930
4629
1802
5654
4528
2553
6511
8382
6928
6841
3623
8415
3841
222
674
1108
7139
1441
4340
8686
6172
2318
407
1036
1517
2945
9644
3830
7236
3183
7245
6838
2523
5876
7406
2772
669
100
1010
4013
5033
592
8714
6815
4399
7784
5352
4228
1335
1703
1330
7640
2289
8927
9042
520
1015
8466
7545
201
7742
1210
7828
7346
1900
6870
6807
5880
5235
4209
9365
1668
5467
9104
6706
3330
7886
6488
4208
6233
4365
1562
6341
258
7760
8316
5502
6134
2203
4325
2844
3401
5772
6613
8621
7613
896
239
7302
6613
6901
9444
3548
471
762
1996
5922
9804
4387
3907
3868
9783
921
5679
97
3647
1438
3210
256
7739
1230
6768
4186
3433
4369
3733
7309
8252
6061
4692
5328
2096
4936
9184
6730
3402
8427
8185
9470
9232
4305
3230
8305
3202
399
5625
9579
180
3823
3563
9979
5146
4324
6036
5605
1183
9810
2239
4903
8561
2805
9128
2826
7516
415
6331
8052
81
9216
7466
2730
4291
6717
3515
834
9583
7587
6716
6374
6453
1445
8932
373
2423
6210
5543
6307
9196
9026
5797
7297
7618
4030
2303
9384
2142
8287
2599
7054
3393
4798
6564
187
5769
6731
3119
1365
9840
8330
8605
1591
9174
6663
3992
6848
8838
9898
4908
8936
455
5189
4012
6365
8337
5579
7038
8076
8970
6699
378
2428
6620
9593
6314
1411
8133
4750
8366
2476
2363
5638
5919
6448
8426
1031
2813
5857
9211
6849
5736
1686
4370
6929
4039
9184
1060
7519
4569
7084
2275
5416
3990
5969
5240
1190
4256
7465
412
8394
9851
6156
4035
8076
6310
2951
9621
569
998
2332
9146
4860
4782
6899
2530
7463
6284
446
3630
4144
6275
6891
4206
9609
2576
850
40
2919
4715
3614
5970
7012
3996
4777
5964
3056
5847
6719
5533
7187
2806
4245
8728
1853
4450
3618
730
4670
8014
5691
179
4257
5424
429
7519
5443
3452
5907
6912
7026
1582
7880
2186
5456
9524
1910
7755
5111
8038
5437
788
4822
4387
1263
4744
5513
681
1096
7232
8360
4704
6922
5464
1942
8180
7991
58
1161
1422
8840
5141
4457
350
7914
8217
4913
9190
9144
6738
5555
8566
6499
3487
5400
4687
2415
7726
8821
5462
3559
821
3897
4712
673
4255
4227
3684
5899
3618
784
1402
1909
4121
9714
1086
5336
8883
7468
7384
5444
6439
6185
5419
7703
9537
3965
3424
1625
8462
6019
4846
6869
640
3974
8024
6818
4526
8971
4340
2784
2667
1419
9827
8173
466
687
658
9351
7579
1492
9196
8988
3644
4238
8249
8077
2095
4568
376
5649
1084
2601
2532
5493
3923
4018
4822
658
6504
1540
7879
1367
2859
1551
3711
3061
8130
2486
6719
5114
8966
6990
87
484
5783
7044
6901
6215
5613
6286
5260
7306
9276
1257
845
5020
3747
4818
5284
5748
8353
7233
5985
9622
6820
5520
8609
2833
2447
8137
8360
3269
9863
8253
5134
1794
4891
529
8227
1467
3230
1746
6352
6649
8243
3609
7148
7693
1043
538
967
1885
2189
4262
5638
7568
4203
9921
6940
1077
6364
9630
5698
1404
5204
1878
7923
9672
2957
103
5718
860
2295
7673
1448
7171
9667
7900
6837
4428
2024
4077
5795
1010
368
5191
3371
1545
771
790
8869
6692
3294
2183
8832
6676
7727
1148
9979
2939
8319
4716
946
767
6060
6998
2040
9257
674
8005
9069
8909
5414
2287
8492
6500
3055
9864
4948
486
3633
8116
6241
1667
279
2506
5862
5888
5564
372
2537
9359
5206
2098
5244
5942
2560
3806
3603
1394
5779
986
7991
3701
9552
2182
7334
4042
3356
6797
4308
9657
2809
4783
1778
7638
1549
4874
6505
4852
5200
9233
7091
2295
9047
4591
2247
7079
5080
4564
7215
240
6490
8782
1431
4663
6603
643
4580
2231
7261
8763
7119
1000
4350
5546
7821
9537
3202
2011
7596
741
1503
5208
6396
7081
197
1701
2439
5733
7096
3949
6335
2361
251
3989
5090
6567
2171
3244
1468
1102
3973
1428
762
9991
1557
2330
8310
728
6396
1088
5012
6294
4077
5180
5192
7159
8036
4874
9505
8581
5283
3181
6806
7407
9739
6818
9468
1609
1891
4933
9105
404
8344
653
3512
9097
8818
7666
2321
7934
30
7359
9364
8091
2445
3234
5034
3590
9960
8177
1384
1882
1342
4967
3785
8358
8796
8155
3367
8994
8024
7809
8166
5789
6282
2026
2861
465
7064
1751
1666
2248
1804
1835
4464
2088
4852
3998
4247
682
9669
9437
8673
6088
5661
8127
6477
9700
1428
6499
5545
2949
4910
8069
32
8396
6976
3519
3982
4390
908
1292
2748
7226
7835
3080
5917
3090
8597
1347
3876
4038
2240
7172
4895
9843
7091
5178
3444
763
9318
9934
2934
4518
8888
7460
244
3303
2556
2272
7326
521
225
4678
3429
6584
765
3050
2478
4444
1285
7125
5923
2975
5788
793
2359
2240
789
2428
2899
8896
518
8592
3361
3674
731
6483
4340
4880
2692
9906
1778
9456
1533
2584
1440
4517
1848
565
248
3306
904
1578
425
6297
2620
9312
6235
1762
9591
8312
6398
2263
6664
4717
1198
7780
5243
6693
613
4796
1339
2903
6941
5310
8402
2199
7808
7511
1390
2605
5166
3424
2226
5683
4810
1368
6982
4141
578
9837
6972
2610
3865
5172
5953
2281
2098
4152
795
2047
7003
1391
8293
3284
164
5831
724
3238
8058
4048
8837
1350
4565
9971
5686
4262
9258
3968
397
5107
9853
1078
2729
6480
7432
458
6403
4328
3360
8027
3072
2053
3146
1692
5606
5294
3514
5392
3016
2042
1379
9588
1088
6340
8096
5414
8937
983
6237
5092
5622
3144
8771
7311
2945
6195
2142
623
9476
1630
2445
9087
6174
314
4678
2104
5282
4263
1843
4572
7922
1239
3789
9449
9508
5083
8531
1086
6414
9545
3335
4761
8883
5375
325
3582
6202
7713
1697
6965
1271
7183
2060
7178
2520
5826
2690
9032
5358
5013
7284
863
4294
8304
4685
3169
6243
4191
51
8029
5098
2305
9323
5603
6266
7692
377
7127
8789
7518
243
8416
7600
8495
7985
6448
7155
8722
9220
877
2797
9722
8352
4078
7639
633
7511
7858
867
7332
2067
8953
2881
1426
3519
9798
1213
1619
5858
204
4281
2653
2042
3782
419
8418
6993
1507
8402
6062
3167
3502
8418
3580
1835
6523
2442
9511
8271
4782
102
4398
4871
4054
1366
8289
8373
9446
5106
552
4917
9427
7512
2451
4216
7321
3540
3644
6687
2841
8203
9369
3190
4605
7571
9901
3066
6125
3330
8702
9112
345
8690
9377
3652
2406
2094
6497
9011
8406
9900
975
8117
3536
1159
6612
1154
2334
3223
2817
1792
2469
9743
3031
7518
1312
3092
1139
8849
2421
2453
8417
2456
2201
4282
9569
3389
1823
8141
1127
2347
9451
319
6012
4151
4021
5785
5106
2940
3497
7361
5013
7767
5212
9365
7277
1548
7625
1991
3008
3362
5512
4068
9317
194
7856
4418
5138
359
6164
7382
5351
6802
1945
7984
1123
7550
8792
3428
6196
5306
2606
1173
4061
9112
2912
1167
7423
466
6156
8081
2746
5780
8011
2518
7293
3433
6659
2943
1897
1685
7337
8302
7891
2540
9428
3329
3897
7390
4092
3705
9916
7392
6848
7031
4299
7704
8855
2242
4048
8037
8655
343
484
9096
4274
5645
5581
9203
1574
8499
7256
684
7587
5705
8546
5821
9487
3112
7056
2332
8517
767
2382
8194
357
795
7588
3931
1492
5202
4037
9337
1748
9676
9217
9732
6415
7006
3195
7570
1501
7060
3748
2959
5525
7210
3846
3065
3535
9224
845
5019
1768
2760
5567
5412
9231
6741
2573
5283
9180
7682
4305
4242
6080
5171
6135
1052
8552
4476
3256
3963
8923
8293
4082
7346
5155
9526
8899
3620
4408
8757
5108
928
9016
8489
3427
9338
4435
3721
2616
4918
8946
4551
41
3107
9719
7954
2537
4130
400
348
7787
1090
805
8666
9172
8554
4177
2801
190
2114
1038
4307
9801
8334
4601
2949
4317
2791
8980
5196
9514
3080
5194
6276
3872
4962
4957
9821
1467
3132
5579
1474
5094
4987
2111
9463
7584
3706
2452
9470
2923
5046
5541
2822
4257
9209
2287
7345
9761
2449
5816
1441
6824
5916
680
3518
4955
4242
6677
7686
7584
894
2926
1841
1725
3498
8925
464
7256
711
4335
1874
7309
3318
4672
1987
414
9350
9311
1633
1397
8922
5409
5756
7204
678
257
9769
5342
3686
3173
2019
7454
5339
3323
5071
5269
8883
5011
1242
3921
276
5766
9905
5881
5348
3700
9740
1973
5784
8876
9656
3322
119
3092
4481
2900
8315
7576
1160
2619
4963
8527
3654
5720
7048
6841
4061
5361
3674
7284
9191
6400
2709
6046
8366
7042
3430
5461
9447
6699
4356
5498
6940
4390
2413
7044
1140
5770
4334
6577
8784
1721
3438
2983
1077
8994
5895
2809
5026
8246
4434
4469
5997
6824
7423
6250
3422
6813
9726
8311
4551
6402
941
3390
942
2381
3198
3335
7097
4108
8819
6753
4533
2058
6329
8403
7843
1984
5071
3601
6784
2248
5937
9386
8943
2204
3445
2334
9701
2349
1857
1965
4416
4672
5543
2155
7621
2578
6799
655
4453
8061
2015
6842
4171
9234
8537
6293
4116
3094
1585
8772
7275
442
4186
7127
4433
4578
7356
2990
7302
2711
7315
348
7766
7687
1911
117
579
938
9060
5761
5578
4544
2709
547
965
6678
8210
5522
6589
4152
8627
2902
8985
3424
6208
6735
4471
1676
4807
7727
8646
1406
1928
4216
4606
6429
4496
9552
3692
4488
3393
1313
8414
4411
1242
6893
9383
9146
9160
718
2384
6906
8057
9212
1452
1855
2344
791
9813
3344
3242
2404
2520
4423
3508
9845
9386
2916
8231
369
790
7137
5513
8067
5700
8288
5313
6397
4887
1553
9247
8589
4179
4464
7446
1464
5528
7339
8950
7427
5392
8481
5370
401
8785
853
491
1143
8064
5954
6591
7579
7171
3657
1522
8650
8208
4549
5951
1880
9063
9680
331
6691
9304
4094
2798
7872
8371
4967
9950
5783
5803
9618
1130
9483
6629
9949
9409
2417
5587
7386
5180
8978
9943
8131
2782
4619
966
4189
6151
7650
9228
794
7711
7411
8181
5912
1221
3544
8287
2312
5156
247
9546
729
2303
1589
7256
9011
7353
8088
8087
431
6307
8507
72
9763
7795
9690
6187
7836
8861
4413
2297
612
9249
8994
1325
1987
2801
5619
3968
2785
6492
838
5217
5369
1836
4547
7293
5817
7737
3184
5504
5015
3672
6168
7016
318
2755
3675
2833
8726
7638
671
8659
9361
6931
9892
2981
4033
9027
5188
1820
7335
1114
6025
5380
4406
6885
4137
5689
8246
1171
1597
9042
1525
9805
799
4139
6215
9924
578
6542
6990
1109
9835
318
6886
5163
7452
5087
6119
5713
3794
4021
5917
2306
6276
5223
2324
3743
7132
1455
6668
7756
6066
3394
2380
9160
3172
358
5091
5624
1986
3477
3434
5647
7477
6333
8614
7979
8176
5169
1369
4222
6574
5503
3656
919
3563
8894
4871
9182
6447
8420
4480
9897
6869
2162
2162
8413
7353
7965
4998
8756
2048
3594
2861
1847
658
645
7862
280
8530
1853
1915
143
4718
848
6907
3775
1729
3326
8931
164
8214
8124
3989
3004
344
760
6362
9711
6868
6692
9139
5420
7488
4193
539
7329
1973
841
7241
4214
2055
4313
9202
5559
9845
89
3755
716
8220
8794
1979
791
4614
4315
3263
3898
720
7783
3288
5730
6537
9486
9599
6628
2165
6527
920
6994
9202
1199
1812
4297
3251
1096
4704
5115
3223
6209
1019
7684
1134
9798
1877
3963
9570
1940
9283
1687
5424
9523
0
9435
5338
6288
7421
5775
6549
934
5848
7021
7101
4777
7690
7557
9641
1118
2075
1213
7865
9770
3808
6681
6012
8902
2596
3107
3726
3148
165
7287
9102
4720
6933
237
6845
7630
6274
6627
9026
5852
5967
3366
9259
8027
6048
1598
4270
400
3221
6660
9918
7945
2398
5408
2281
78
9469
2147
4174
8726
984
8941
1116
3267
8317
5676
677
7307
4353
7283
6721
6292
1617
4130
3855
5275
2570
8504
6246
6368
7699
3601
3882
3394
1784
2845
9563
9603
3890
1072
6295
3847
7729
3807
7295
4334
331
573
1526
5692
6094
8306
5318
4434
8690
4661
9613
8538
539
1254
4677
4388
506
5451
1714
1176
2082
8148
2692
9031
376
4205
1036
2771
4035
5408
8682
8455
6947
4276
4613
9284
5903
7782
2165
4154
8566
9106
7418
8991
2903
4222
8639
9023
8716
2403
3864
112
5377
1849
7545
1264
8483
9614
9025
7165
3219
9043
1011
5377
6217
9971
6005
7513
6150
529
1905
1312
7602
237
4825
3756
6211
6050
7831
6581
2879
7103
5155
3933
5993
9424
989
6929
2487
280
9178
7722
4036
365
9292
3984
7889
337
1258
7404
9895
5192
7279
6216
4216
315
9886
2582
5411
6743
9395
8874
5365
9442
8932
4180
45
941
7046
5614
8760
6399
1308
3982
7275
5427
4890
6232
528
6063
3385
5508
4359
1711
1507
7255
7421
7391
7869
7025
394
4306
7989
4610
2660
5153
6064
6537
4769
9299
4598
2827
4426
389
5242
6636
5004
4023
1489
2334
7256
6259
5492
515
8985
5034
8545
5760
1189
8189
5531
5040
2589
181
7569
9169
9071
2591
3164
4320
4299
7256
8482
3692
2898
9264
8280
2505
1722
6270
8949
5236
1006
9840
7345
2190
2498
9085
460
2167
3780
3722
1803
8088
2351
9781
77
6604
2617
2369
6460
940
3580
1406
7534
9670
3394
9012
9291
1993
8985
8828
4169
8240
1094
683
3892
5464
1846
6972
1737
8688
6559
6761
2513
5404
6405
9798
283
6502
5048
6122
2322
6690
4027
6586
5198
8235
6399
2564
1142
3807
8286
8005
3491
3797
7540
1879
5823
22
9192
5227
1516
7055
7896
4063
3282
9025
2434
5324
6736
1059
4975
3662
6020
7333
137
1825
741
7601
398
2484
589
3920
9293
3453
4933
8967
4828
8345
344
5052
6204
2270
9241
1832
84
3151
5505
8683
4667
107
7920
9847
5954
2786
5365
1482
6909
8597
7496
6971
897
73
9333
2736
8105
8743
3731
4890
5299
8532
5730
6654
167
4680
5540
3264
7688
3725
3346
7454
3907
6486
6271
3974
3220
6521
825
4373
7272
2395
2651
9133
6269
2710
7936
7442
54
9705
5827
4674
6443
7196
690
1487
7261
9455
6384
5818
4438
5518
4633
3629
4783
4003
7536
8628
2667
1400
7701
4073
2209
5655
418
4124
4807
448
2676
9739
505
1526
9239
5299
8777
7270
4810
8355
1313
7717
7074
8026
4276
5365
59
7933
4866
3220
1512
9734
5642
5746
3947
2203
9946
3180
4993
9690
1425
9898
9973
2527
9510
6449
2580
7938
6802
6437
4624
9808
1608
9007
8686
9780
1748
727
9931
4129
7361
1743
8123
5342
5173
2635
7234
5327
8775
1632
8651
125
1121
2776
8085
8193
1632
9167
1326
5938
5816
3758
7240
3432
2517
7842
1512
6460
332
2295
173
2398
5535
4502
8653
7362
720
4760
1419
7209
8829
7734
6933
8247
7353
3631
1930
5046
5036
1045
8521
3111
4656
5460
6756
2224
3004
9088
4611
4166
9166
3178
9397
6920
4497
958
306
6389
9759
1132
9436
9036
4895
9857
723
350
5423
6690
8935
4402
5869
5685
8776
4965
5231
5372
2842
3835
3491
1966
597
8951
6640
9875
9000
4338
123
1851
4285
4043
3430
9468
1944
2268
4546
1847
4601
6053
9958
4726
1409
9464
5432
9684
225
7664
2439
6408
3037
3358
6235
7456
8288
7281
9941
2534
9737
4801
7088
5697
3427
7465
777
1227
1571
7695
826
4682
4794
9361
1857
1502
2778
8509
4528
262
2598
9932
894
1983
1682
8637
8491
8793
601
7674
6736
7000
5789
105
6885
6596
4296
497
6108
4093
7394
5223
5786
8752
5164
5444
8406
2590
6824
1620
9658
6063
5020
8910
1207
2242
9051
59
3765
5375
8547
4501
935
8844
4486
8061
3053
6376
8016
3385
8723
8183
3239
9064
2231
1131
7377
5107
4728
9899
7007
915
6393
3203
8982
2729
3893
4823
9694
5581
3965
3525
3172
4854
8941
5670
826
4914
2748
753
8142
3620
1986
6861
696
9064
6308
6176
5469
387
8410
6200
1489
5131
4594
7189
4809
9744
142
4770
159
3879
600
5950
1710
4753
1749
331
7516
3980
119
1586
7400
3542
2061
3985
5129
2825
6421
4771
1894
2295
882
794
1092
8659
2697
6315
2234
3545
4788
3686
7808
9084
8745
6304
7222
5707
4709
1599
2641
2334
9666
7873
8624
6387
7880
7657
1805
5871
7584
8776
654
7123
9251
3284
2939
6813
7361
9287
2699
24
9677
5351
663
3649
7237
4317
5152
2502
8656
2100
2860
6429
2224
9872
4699
847
6183
2153
5031
8960
9382
5891
4634
1115
8545
4842
6907
9070
6782
1503
8608
351
300
2202
5751
9146
8928
506
655
8520
3306
1009
3281
5757
1062
3045
2572
8670
495
1892
3758
6125
334
2423
4606
6531
3472
9473
598
9497
7605
4613
5935
483
7284
2994
1188
9786
9053
5100
8264
5108
6487
3047
5572
2737
7767
1474
9913
9829
2466
4414
4771
2589
7481
8362
6078
7840
8820
877
5362
7028
4554
7566
6602
5625
1979
4035
1235
2934
4480
8421
7728
3886
5627
364
3690
3358
1896
1916
564
5319
2693
9036
4124
6226
5342
2110
1342
5653
1136
2960
8818
1984
832
2702
8822
404
4308
1474
7911
7745
6606
5370
552
1226
4266
2739
6085
2280
6893
167
6034
9287
8236
4641
748
1473
9967
4825
433
6325
2698
3248
4091
5972
5019
3321
4375
9416
6483
8226
6404
7281
2299
7839
5303
2141
7992
8641
5404
3154
8696
8871
4966
6091
5276
3841
4647
574
8704
1709
1756
9174
1349
881
1776
6386
9680
9955
8433
2537
6284
2776
9871
6856
1322
6631
9008
1753
6345
153
2896
9761
2512
6832
8774
1271
1175
4641
6338
1724
7910
7375
7027
6779
4389
1030
9557
8751
7155
7168
7271
1547
9715
9911
2490
1274
2752
376
4742
2532
4145
3344
8567
9785
503
1526
6884
8269
9667
3877
9104
912
5284
7348
1417
9129
5630
6739
7390
8142
6375
7300
6638
3411
7004
3332
4619
188
8560
421
7086
2753
9732
2377
1444
1981
8465
8525
37
8258
2050
2623
4261
3486
2175
2686
7076
9090
2853
6237
8320
9508
4033
3795
8954
3795
8923
3842
9030
9634
9151
2593
1868
9780
2630
6488
3691
9634
1667
8840
7789
7467
2330
9861
7478
9289
9435
754
9142
7260
3020
4967
2286
9653
6772
8768
2111
7377
9844
4821
7357
1568
4176
2242
9315
113
1643
7874
4977
5644
8721
7517
8528
1259
9181
6219
3509
5766
1483
1811
3252
3417
3304
4853
4620
948
4213
5569
2512
5680
1371
4226
6694
7945
3416
4378
7848
8716
6151
2442
5145
1198
8270
9326
6529
3014
6577
5972
5641
5576
1219
5399
4722
3839
2573
9228
239
5766
39
6520
6067
628
7172
5756
5573
5378
2122
7102
3984
9705
5950
9717
9847
3245
8302
1249
7749
8816
3816
68
7187
292
4905
785
8275
7105
4223
9584
6169
4399
5935
9306
4362
3057
2851
9127
6444
7982
1835
946
9229
1725
8884
6550
8255
1084
8151
7336
5488
589
9752
7408
4056
9550
718
4373
4860
2803
7586
2451
7072
6530
7233
300
5146
3291
7148
5048
3777
7282
2015
682
7683
6571
9726
5266
6310
8112
5130
7784
2086
5986
67
1611
317
7226
808
358
7249
1690
4331
9995
4504
1605
3040
3008
8934
4791
8995
4835
9719
2882
792
5754
3336
1559
1310
3035
4751
1741
9149
8501
6715
8481
9567
2522
9286
235
667
1049
1782
3208
8028
4252
6467
4505
6448
9691
8036
807
6844
11
786
7618
8429
5878
766
6901
697
6632
5646
6711
9252
7587
2978
1520
3055
2256
3157
8133
8474
4899
9839
5283
474
3449
5303
9317
3686
9985
8998
3169
7499
6676
4823
3349
9760
5266
138
6953
9348
42
7096
7393
4610
1494
8016
4754
8518
9505
8160
5214
5290
3382
5455
9838
1178
1846
9383
1099
8758
9989
8417
4200
2629
2562
8985
4880
4885
2962
3712
9991
7377
2183
7375
3616
972
8914
4121
6907
9722
4050
1770
2584
8862
3831
4428
9517
9134
9768
3272
7503
7155
3773
4873
6048
6668
618
7996
1942
2497
5449
2179
2804
69
9235
2921
9943
6149
1642
1857
7215
5694
5750
3815
5448
2875
5450
6856
8372
8587
7410
3453
6646
465
2636
1521
5038
1461
9056
1668
7292
9560
6189
8873
7459
9285
6129
906
7531
962
1412
3931
9843
1510
5506
4924
1185
3461
3299
3063
4695
726
1289
7930
1172
2629
9493
9279
3556
405
9559
9862
8406
1869
9312
1908
7480
899
901
4964
7680
8279
8162
9628
6873
1254
9065
8043
3704
5614
6278
7423
5931
4897
4592
7875
8573
51
5614
6197
6712
9454
7491
9541
9879
4613
4839
7849
3367
4309
7252
6333
6202
5751
5226
8104
8743
4290
7263
1899
5761
1469
375
2850
1266
5634
4763
6669
404
526
7881
8376
4892
6693
3096
85
1188
9219
8870
3436
9412
1613
6321
5433
5708
2054
9598
8723
9728
7229
1689
6445
255
9412
9561
9557
770
2971
8511
9226
5054
491
2059
6939
4742
9583
7275
9883
2449
2908
5298
4112
6211
753
3968
2506
4250
4121
8179
9313
8984
9213
9738
7687
5975
6823
1010
2716
446
9394
527
2369
351
4861
7529
8436
2265
9006
5648
9290
945
3715
5325
7098
825
7251
5510
6822
9178
7876
4637
5925
291
8421
3207
8956
5837
4603
2548
2491
2890
5482
3152
7235
6890
601
6133
9541
4474
184
6378
1222
4841
925
6620
318
9928
169
8535
8704
1806
9018
9408
644
8293
1769
6147
3440
4164
5316
5253
277
1162
4198
8933
4630
4036
8290
8036
9651
1275
2959
749
1891
2125
4493
2034
1280
3318
54
6005
2700
2843
1903
7616
5362
610
2317
3682
8584
3761
8533
9351
7312
4610
7276
4130
7821
8400
1069
3449
6834
6850
8137
8446
8918
6736
3656
789
8292
406
3933
9334
5471
4036
4824
9313
2659
7519
8918
5497
3494
6488
5331
4191
3134
615
2255
8636
5564
5940
4413
1370
5445
1265
8600
4640
3490
9111
7233
1928
4205
4364
548
9726
5756
5166
6089
7511
6426
1023
6278
6635
2000
108
8097
705
7363
1116
5138
7910
5287
2882
8567
5130
4274
6990
3778
5431
6123
3782
3933
4702
6273
9260
8846
560
823
4429
3797
422
5821
1494
7266
2029
8586
402
9491
641
4853
7636
59
4853
6499
6622
5583
7661
6347
3884
9834
6040
1878
4224
4480
1357
6642
9307
3199
4400
1349
6996
65
2433
7198
5592
3870
4818
9159
7662
2255
4643
6038
9333
5629
3692
6243
1805
4424
1814
3861
1791
4019
7350
1189
9226
909
4007
5316
8523
7290
4563
4664
4264
3408
6462
6673
2569
3918
975
2810
2227
2630
3451
3500
1427
5340
287
8300
6371
7030
6618
7476
5260
3939
3318
6254
8392
2280
7569
7405
5090
1077
4140
9142
3853
9351
575
8780
4685
3878
3254
5706
1574
8286
6189
1704
8416
6668
1619
3617
9268
2446
5070
3435
3973
9085
1323
8693
5517
8502
5968
7423
1651
4659
6880
5059
4070
2713
2345
3985
7769
7291
6990
6904
7387
6203
828
5793
9441
448
4396
3541
9763
1908
5156
3295
1792
6468
681
1820
1918
4091
2502
9647
8546
9688
9042
5777
1832
5419
