4170
9544
1431
2195
3724
8110
858
6616
3461
9296
3392
991
6317
1362
7316
7147
3744
9620
4768
7667
6534
8080
7315
5661
4097
8468
877
8918
9987
9514
7466
8382
2665
8642
9705
8048
4791
5025
5767
1327
897
6099
3325
3003
2356
9195
7347
8611
9679
9324
5583
389
6801
7264
5438
4545
2240
2901
9214
7404
8755
6552
7238
8671
4957
697
8770
4175
4135
7870
6078
104
8808
8355
3518
2419
2867
1407
2041
9639
3261
8611
6784
1019
5642
9835
7246
6633
2788
8743
5101
6863
2454
2163
2162
2159
6155
6401
6711
390
3214
3817
7364
7737
4477
4135
1816
6635
3103
3938
5161
9643
9503
973
9062
4730
1349
8278
7382
1659
6191
2588
4975
5363
6753
2158
8004
1568
9926
4463
6940
6358
9169
7797
8059
9780
6965
2192
4399
8038
3373
2920
121
3699
3416
431
8214
9686
533
1733
9274
5850
1528
6571
2136
2606
2502
511
2831
1656
3506
2806
260
1094
1636
4631
1384
9839
771
228
9639
6632
3199
9972
541
4467
4141
4700
2564
7106
4768
5212
2270
1225
2512
2533
4667
1601
2698
7576
3128
4585
2692
4570
8452
8919
4603
1604
6736
1741
4315
5158
6419
1638
4026
827
4727
127
6449
7592
4707
6578
2232
8542
1734
7998
3709
6432
6845
5779
2929
926
3921
6697
6191
5199
3344
1600
8778
7341
8598
1265
4674
4394
5911
9556
1730
993
4140
1787
1321
2600
6824
4235
6322
1329
8646
3787
2147
3967
2209
9686
3103
8597
9215
4714
9832
9738
4699
6002
2772
6681
1278
7361
8891
1973
9577
3909
5915
9338
5777
4891
4967
3006
6663
1713
9266
8711
8515
534
3716
9830
3772
6062
8888
1169
7255
3346
1074
1214
3466
2644
2911
762
1164
4800
858
7578
9803
3213
4296
5065
5833
7523
6802
1297
8979
4199
8237
4901
2495
9986
2279
4666
4130
1920
4559
2741
4332
4211
5265
9231
1265
5048
4558
6886
7508
8897
868
6637
1234
8866
9535
5316
8104
8119
6795
2386
6705
8450
933
3870
8768
6067
3421
2941
9879
991
4618
1558
7890
627
8426
5186
6051
930
6660
9007
7211
9914
2621
5203
1089
7605
1970
749
9202
7371
1912
3447
3797
6245
14
8759
4233
2988
1052
4758
4174
7072
459
6824
8301
1013
2848
6617
4965
4327
6870
7049
707
2350
7623
4142
8413
3900
3863
3513
3099
8596
8029
259
2658
4165
6190
3845
9294
1187
6760
582
1836
1847
3928
6111
8049
9101
1800
4667
6059
4827
9881
5098
1042
2849
1384
692
9610
2315
6832
7787
8711
2292
1181
2858
8397
2453
6376
9818
7428
8187
7540
5203
5172
4551
5107
8014
7699
1822
2581
2553
1800
9633
1871
1108
3099
9479
5236
9449
3723
8038
5395
9065
2347
2816
5116
5952
8730
5610
640
4330
5133
2568
3460
7440
5180
7876
8753
9994
2102
350
6924
553
513
8269
1693
9148
8722
7732
5486
4367
4949
3743
2754
5061
490
6540
5343
4986
4364
3015
569
6795
3967
5694
989
1777
8053
4899
2262
5928
3389
7056
8672
8605
1354
9988
1815
1270
4827
6140
1722
3724
9483
1917
1746
7252
3799
2125
2441
8731
312
6817
6297
5615
8365
1137
6386
1162
7894
4008
5926
3433
8670
7384
1637
2588
998
1114
6129
4742
3626
7667
4333
1619
1363
4322
9927
5801
9560
4037
8910
5768
5234
8779
8722
6155
2843
6325
1799
6320
1073
1206
3781
5508
44
3994
9328
919
8330
4274
9151
4319
8676
8829
4826
8793
879
2466
2517
7818
7233
9129
1763
6547
1453
9930
9449
195
8637
8238
737
7174
8683
8658
391
3691
7436
5001
2020
7668
2601
5681
4100
7990
1148
3902
9830
6337
7395
8866
1248
9129
8804
6462
2300
290
6782
3762
4978
2475
4311
3216
6115
5249
4295
5071
8224
4596
1040
1659
293
8566
8776
9706
1302
9775
7461
3898
724
9663
7445
4709
9307
2907
5894
4774
3387
1112
6072
4934
5905
8726
4733
2575
2274
1827
6970
7858
5556
7153
9422
2019
9560
1
9995
7986
2759
2094
661
1573
2360
8071
1814
1968
9484
9924
7068
4967
4870
2506
3632
5050
378
793
2388
3279
5921
8978
5112
2542
9430
2278
7912
9445
3761
9978
4390
284
7181
3559
5983
2275
1879
9981
2509
967
6517
2264
9193
6579
6481
2123
7258
1363
5265
9592
575
8068
1045
1745
6516
7592
3740
1369
8324
4405
994
2052
8204
2589
4698
925
168
6104
1332
1062
5868
8877
4540
298
3601
2928
8879
5727
8538
2549
6170
2455
7185
6050
6401
2261
6435
2851
6008
6396
9781
1111
6433
1235
2322
9800
4739
8917
4834
5096
6628
8149
2856
839
3187
8527
7112
2128
7604
7802
2067
5395
8809
2905
368
9102
6025
561
6425
3396
9295
2484
7215
3791
2706
5580
7803
2818
5484
2707
7379
3479
3930
7695
4693
4712
687
3051
690
1241
3397
6865
6346
2466
1809
4692
8288
4266
6914
5433
9449
7934
4566
1957
1927
9698
6616
5265
1309
8462
7418
1787
8638
250
4266
951
9174
1284
9269
5074
7428
3598
2725
950
8178
9605
6536
3786
83
4667
2431
5617
9288
2630
1823
995
6159
674
2391
7240
3865
7441
5630
6368
9830
9411
4649
1105
9632
7169
2007
5096
8160
5602
6441
6992
5104
4416
9152
1936
8911
4533
2884
9278
2682
3936
8191
3169
685
2532
452
2901
4246
2319
9871
4488
2626
7943
107
2433
3766
3968
6586
432
1948
7659
6756
6720
4984
3769
4174
889
1718
6381
1830
4643
8482
1439
1930
996
2628
1100
2578
2266
2038
7307
7120
1509
5907
6843
6818
3291
5933
3912
7793
2607
2299
4572
8010
1868
6318
5793
4983
3579
7454
8789
9545
8100
2117
1607
2451
5440
5608
9726
8134
5661
8846
6169
4485
2091
3646
2721
6980
1124
2009
8922
5986
5241
8257
8184
3744
4135
5717
7391
1101
6920
2954
803
8575
4277
3671
6957
864
6825
6349
3455
8579
1889
9313
5598
977
2928
8664
7886
4901
4959
6894
749
5232
4514
2178
7733
6745
2565
3409
3397
5269
7109
1726
4089
8351
6411
3851
3285
5700
1123
1719
3713
1021
395
1092
2110
7034
4166
9379
5447
3880
8977
3647
9122
5534
6605
1427
678
2698
283
1304
3143
8227
8166
2302
1036
794
9513
9926
9746
5394
6833
603
1561
8425
9789
2875
3596
2786
4307
1381
1262
545
7212
4321
9904
6626
2175
1350
175
5734
3228
1916
2330
8571
4046
9487
2241
7958
7475
1436
2409
9600
3336
7019
508
9674
4013
5017
2509
8671
7561
5761
2553
1989
7574
9719
569
430
1468
3937
3156
7841
1772
6082
9457
8688
4002
6931
2762
4999
5806
5872
8765
6432
9148
781
3292
3589
399
1747
6404
1139
7260
1323
1594
8471
7810
7206
7313
3080
3752
8695
9641
9104
6223
9773
4049
3880
9495
5440
477
703
877
2247
9490
7607
705
8452
6478
2797
7125
685
246
4355
914
1672
5255
7035
8085
9330
2333
3970
9143
2860
6994
6262
3450
9826
4846
3910
8254
7881
365
5253
7636
9221
94
4922
8218
9268
7255
1558
3525
7466
8646
8755
1309
9002
3138
5286
1042
7662
5425
7073
3948
9236
4723
6008
3616
1221
6139
7741
9774
4546
205
1754
9239
2061
6290
971
8541
1233
9673
7093
4242
3088
9049
2071
3730
7239
6161
7963
1997
1103
3872
1049
2860
4307
1392
2697
7221
9881
5020
9762
6058
4175
3843
7844
2443
7684
1973
7695
9564
2176
522
6621
1777
5664
6610
1683
9349
114
5495
847
2154
9529
1374
1614
1963
7629
1133
4573
2254
2435
8534
6618
6629
2597
9505
2823
4915
3245
9017
6329
4459
3811
5580
739
6532
4657
1910
5786
954
351
2071
5701
4654
4479
6896
3652
3181
1495
8750
8057
701
1367
9981
9863
5156
3510
5821
3093
7363
4446
7106
5183
32
640
8085
3322
3361
8693
5768
482
4036
8386
8215
1602
9052
726
3498
5582
4005
2692
5239
3120
9769
8200
5124
302
9387
8648
6410
9493
8528
7512
7029
7060
7741
6442
9464
8711
9260
5040
2301
1085
2920
5839
6058
7305
5112
6642
863
7122
9609
1960
9196
9687
563
2891
9312
9907
3645
78
3116
6440
7693
898
4117
8156
3431
7493
6872
5421
3095
9847
2856
4897
5898
6634
7396
6478
4902
982
6740
3763
1179
6359
1345
4049
3377
1252
9092
6234
2752
124
3222
4052
5598
3230
1511
122
5010
7845
5707
4432
952
6382
8062
9008
4462
4760
4792
1958
5147
6583
3964
180
287
4741
6842
2659
8550
9526
3797
7383
7686
4246
9086
8429
9095
7585
8031
5491
6258
7678
7972
8468
2562
3225
755
9568
8839
8732
7644
2052
714
473
6396
1306
2059
7207
6108
5120
9462
646
8102
5549
9028
7072
1623
9238
8797
2702
2352
9100
1291
9253
1974
9631
7129
1275
7146
2563
7627
2698
5155
5997
7288
7375
3143
3962
6385
3887
2489
7260
3813
6696
8892
3138
4717
3151
5269
6675
595
6059
5310
4503
7856
4044
6119
594
1058
2601
1448
6878
7372
7894
2257
8499
8007
7614
3586
54
8759
4067
3046
8812
4200
8463
1466
8281
2199
1797
7868
3705
9101
3065
4990
6521
3046
1129
378
8755
3184
6215
6976
4277
5311
8036
5274
6269
8349
2186
6912
8323
4559
4758
759
8467
1698
7680
1813
213
7460
1256
8256
2267
5904
7055
7108
534
4321
7695
5507
1365
279
7576
7190
4492
9351
6824
8770
2813
4973
4934
6230
1301
9437
6780
7025
837
2264
5406
2688
6763
7513
9531
7013
301
5278
927
9123
4258
4708
3506
9814
9709
8988
7729
9311
6294
8506
3975
1069
8743
1996
9191
9896
3648
3975
297
2870
9847
8844
271
3184
6288
9898
8306
4911
8964
8237
526
8832
2753
5077
198
2039
6286
6273
7926
831
6377
8682
6067
143
6703
8268
2337
7288
1112
8079
3393
9644
7676
84
9332
8329
4422
6443
8945
3586
6195
4161
7791
8318
1191
710
5472
9898
2797
6301
362
2249
8808
5404
2274
9116
6394
8691
9415
3821
2624
1546
921
1941
2025
8259
1508
8654
7986
7695
8877
7554
1423
1580
2935
6162
4631
9420
8466
4611
7485
3121
1570
6098
5814
7172
6791
7544
9756
7349
7502
2969
4910
7884
979
1894
7857
2862
9969
611
1000
6203
2760
6691
1083
5604
986
5007
23
6667
3682
8645
578
8851
2865
8797
217
469
7910
5015
7880
6436
8058
2128
2933
4425
2613
8404
7593
840
6160
6957
1500
9523
9448
4521
2572
8269
1819
1850
9801
6806
8787
951
8145
4005
3452
3263
947
7173
9204
5117
1858
9846
1918
2792
2856
2868
4658
1378
6724
5061
1029
4464
3169
8427
2912
1560
901
9993
2799
5574
419
4995
3673
4714
8637
1566
8823
7051
3737
1718
6531
8079
1710
654
5919
7250
844
7058
2286
6323
454
4969
6931
8767
1421
8486
724
821
4602
3022
1258
9912
8823
4276
2584
4371
3258
7663
8982
5846
5967
6205
9865
3775
66
6913
2160
3268
4374
5783
8349
9485
9540
2761
4047
5598
7939
506
1096
4722
4336
5967
9584
9059
5754
6973
9253
9606
9965
8830
6556
9652
4793
4318
3641
5170
4047
4993
2550
4338
9384
7271
4996
2386
1617
6215
7468
5635
7782
681
1936
5108
6282
464
9204
5196
7808
1268
3218
5079
7642
9390
4734
1752
5787
1420
4630
8604
27
8532
4101
6143
6295
7894
3862
1384
6322
698
3263
1135
8732
6904
9409
79
1884
2454
5418
8535
9965
8428
9285
2554
7555
4595
6975
5782
2153
6988
6583
2626
9289
9390
449
4016
2807
6087
2886
7698
1306
6051
1692
5257
2119
3850
1342
7576
4011
4628
184
1159
9717
6168
3569
8755
9455
2962
68
1795
4455
8754
5085
2726
206
3393
9661
3896
8268
9663
9818
1379
285
9960
5750
450
6028
7861
2714
7665
5131
3630
5744
4336
5180
9021
3498
87
3311
7054
5313
2451
9977
130
5549
9213
4157
8099
1790
3340
7529
1986
581
2241
4688
8780
4035
2241
5391
6955
9643
2399
14
9240
3510
5847
8454
6591
5476
1448
6393
8059
5065
5369
9890
6512
8716
1932
538
7911
8247
5215
3668
5060
683
6479
6390
9555
1764
1271
3508
5233
9221
3431
8571
5607
143
5504
2150
3409
4611
4491
6113
6925
1746
1961
648
399
1036
9877
106
6881
1741
1318
7488
5256
545
3905
1348
9378
7888
603
7759
5115
5018
9211
6979
7166
6991
558
1986
5864
5627
4564
2793
2121
5853
8904
8589
4452
1763
366
240
2390
7220
564
4944
6771
2105
4523
1613
5116
4937
6815
4980
2076
3855
1585
5180
5794
4154
7542
8892
5065
7857
6152
9848
2066
4817
7722
3238
659
6676
2281
1121
6505
7024
4398
2297
1369
5705
4769
8245
8597
4020
2711
6439
3706
1065
2907
7258
9813
1427
3995
3674
8789
4936
5241
5887
3244
6128
3490
5832
3792
275
6988
8416
5518
6916
2184
944
8686
9060
5926
7073
9457
8916
2888
587
311
6075
9855
1007
4237
223
2034
1054
2899
8580
189
5060
2172
4958
9893
1813
30
2981
617
2418
7162
100
165
3623
7158
286
192
2772
1685
3550
1845
8246
4312
5545
8703
8386
2045
8850
46
4509
1830
8953
1270
8379
1157
4305
9622
6802
1763
1132
6726
858
6944
9286
9593
6787
3876
1131
3634
4723
7700
6678
1315
1914
3072
4119
3649
2564
7514
1343
8932
1435
5969
5339
2378
2455
8859
3259
9370
1123
9313
1182
326
60
8388
6860
8297
6920
4125
4255
4096
6721
9906
1839
1078
5629
1461
3673
3768
2219
2470
3435
9175
9916
1513
2718
3291
7340
994
513
8404
1323
8845
4926
7820
1533
4410
2043
3305
3018
7957
9775
334
6706
9652
8990
2513
833
5961
5587
5847
3243
7
2889
4348
1364
9218
2983
9503
2718
1247
6806
6201
4032
6378
1504
9134
8784
9767
5334
1500
1389
1040
8685
4464
2923
140
6935
7657
9147
3105
4218
452
6870
3825
1567
8966
2871
3743
297
3432
3202
8805
975
7308
1269
7854
5160
8447
4041
6398
8178
4855
7301
8897
2719
1995
3871
8513
5549
5329
6559
4865
2576
3730
7939
7862
9967
5610
9209
950
279
1564
6444
568
1168
3506
1741
9899
3290
9954
3437
3619
6147
6525
9077
2717
8376
5041
99
932
693
1950
8161
8364
3675
9749
4963
8732
6333
6395
2525
4025
4151
3790
479
8093
2364
4959
2654
7590
6602
2237
9392
4730
9228
8690
4451
8552
220
551
7898
6027
675
4963
7141
2680
1374
5056
8588
2086
8238
7230
8169
3917
3053
9489
6591
1222
7432
5958
6682
9267
9693
9283
1332
5768
226
2332
5713
6198
6335
6177
2264
8505
9050
4468
3247
1591
3245
3641
8210
3672
358
6551
9151
1301
5563
6891
4929
794
5175
2363
7574
101
9958
5784
1983
9856
5673
380
3605
4299
7766
3859
690
6658
7215
7463
8339
1662
1181
8707
6968
6087
7689
3193
260
6503
5398
927
8472
4506
5695
8227
919
4609
4217
5440
8213
3574
6612
5641
4337
9594
931
2946
5404
2746
3205
4877
1412
49
9424
8498
6674
7510
8474
8616
7293
7301
6771
7888
6104
2812
4498
9522
7183
7916
154
5167
1097
7167
5672
9380
74
6040
5916
1024
7384
6326
4066
2173
1528
5619
7516
5290
5701
7897
2574
2041
396
5636
53
7892
390
547
276
699
7219
4071
1693
680
6079
3118
2937
5508
1604
7257
2196
8754
8700
2345
2536
3545
3985
8985
4564
7487
9636
9989
7784
6288
3478
8552
2272
366
8102
6003
4266
6595
2743
1369
3782
8801
6812
6807
938
955
1635
1425
7535
9708
2156
6648
955
1573
5221
3143
1820
7717
5587
9533
8765
992
4079
2501
4264
8162
7210
3856
3144
4333
1982
7413
5706
6669
979
2702
3984
6109
8651
5988
3505
7043
7499
7189
8544
486
950
7489
3880
1200
327
5733
4049
1118
2955
9310
6433
4948
2168
8239
4450
1517
5838
3070
9211
9440
6969
872
9998
8879
6672
2917
6750
2345
8461
7254
491
2975
329
1627
7500
6468
4787
97
2823
5549
5069
6328
96
9208
4708
2499
9195
3609
2730
8761
7871
5711
9009
3624
4122
6789
1110
8377
6059
6724
4599
2494
2304
5221
3362
8904
4188
9189
6860
918
8036
7458
3819
7287
9319
7874
5633
2624
2536
1106
9493
3402
2201
3436
2207
3282
1302
2834
6880
244
9771
6086
7612
914
306
7356
8917
3261
5133
6455
4325
8855
6572
2736
9496
2879
236
2230
6723
7355
557
6863
965
4740
4253
4396
3224
3739
7686
9370
9908
3545
4273
9349
3281
325
1174
5655
5862
2286
7202
1470
2307
5448
1970
332
4631
7460
3426
6840
2687
9383
1597
497
1964
1404
4192
7267
9215
9622
2895
226
3588
2942
1203
963
6249
507
4095
3819
3993
9935
8446
6814
6393
7325
2588
649
4397
6409
253
2636
2280
2168
6397
1999
6079
9991
6468
8421
5929
9111
5813
30
405
7717
2900
9078
9352
1080
4419
5163
9970
1812
5623
1884
2987
7803
3115
5852
5775
8675
7681
6806
6899
1491
9136
7019
3330
3862
9743
4038
6777
722
1004
7169
8636
7331
4809
3424
6739
4081
9235
5659
8324
6464
9457
5130
1678
5125
6950
5400
9071
6326
4338
5770
6323
6394
3643
3113
6393
2528
1812
7243
9300
4812
9719
9375
1371
7724
7892
5319
8829
4008
6214
7888
3013
7352
974
8717
9429
5392
4751
9970
1730
230
7765
2252
4764
1091
7794
5918
1112
1656
5702
70
2604
7032
9643
9422
2519
4531
7995
9022
1066
8116
8830
7598
6871
1904
2755
6217
1252
1182
5610
7902
972
38
7500
1920
8659
6258
376
5325
9347
7441
7004
1532
8552
2986
7467
7903
5940
702
8992
7224
8159
6870
4976
4008
3247
9355
3269
2595
5536
8517
3469
2607
1425
9355
173
5754
4635
1417
611
7947
5038
7024
8711
8625
6617
2135
5613
8841
3446
5615
6281
7771
7520
1828
3727
19
2018
8255
9639
6413
6669
6808
5322
8985
6997
6025
5963
3055
8408
3886
2020
6876
845
5961
3788
4250
3445
9122
834
4253
1472
4827
6073
5450
9136
3809
4544
498
7778
3006
8909
7980
5966
2556
6437
1745
2331
3268
714
2881
2911
4212
2610
2323
7187
2687
4304
3737
5136
8127
8049
1554
7304
1445
3141
8665
995
5777
1927
3434
7828
2653
7867
533
6375
9683
6420
2603
1209
4864
6591
1413
9236
9248
7503
3077
5382
1800
5445
2628
5165
50
3084
730
5985
7187
8959
3883
4589
8601
8040
9983
9628
4112
2181
186
3468
1859
7817
4922
4530
8480
2156
8944
5738
8884
5184
3429
5880
1750
9889
4941
7744
2720
4424
9881
4894
2359
8173
9558
3267
4348
6070
6435
7101
6010
3152
689
7634
6864
7336
7235
5241
2233
4519
7124
1973
1238
1736
7399
8974
5694
567
2826
4110
2988
8472
1492
4421
6342
5585
6877
5129
3406
3573
6973
1949
2257
2142
9644
6205
1996
4198
553
1091
1023
9138
2198
7018
810
2204
1009
7645
6884
6619
4685
3306
2794
33
9630
6424
9828
8769
1748
7010
5363
9131
95
5567
7159
613
1425
5711
8829
9207
1857
4197
6358
1699
2267
9916
1314
4544
9140
295
859
6802
6572
9544
1711
9143
9900
7724
2964
5536
6447
3954
4784
7226
3133
9622
2161
5128
4258
5151
8182
6495
4894
7617
6641
349
2293
7343
548
8935
2342
8337
3000
5950
3945
8653
6973
8525
2898
1509
5260
930
6146
6941
7912
4678
7740
9000
6834
5387
357
2078
668
449
5525
636
2837
3653
4906
2328
51
5910
9979
4479
5711
2805
5754
1916
6474
7401
419
5527
5982
6251
7681
6233
4271
4229
9808
9879
9600
9810
8333
6882
2050
3554
1545
9034
134
5261
6236
5722
3028
7265
7911
6932
5428
4282
6050
9130
3706
4156
6243
8198
2543
6528
3328
3783
4730
8041
8476
5593
4589
1442
2429
2719
6059
358
2463
543
7560
5243
9441
3322
7193
7547
4284
4198
3851
5697
2644
7978
255
6189
4951
6102
5043
276
6819
1277
8923
5527
2405
8432
4590
9645
8507
3624
9198
4928
2938
8127
7375
833
8667
1147
3992
2793
8097
3064
5351
2158
6822
6401
6607
494
6259
3851
1373
2170
6126
9118
2793
7442
1486
305
5543
4825
4138
5457
4876
6453
8879
9133
4174
6549
3408
5425
1797
911
328
7181
2254
6597
2795
3986
5901
6835
218
8168
5778
7880
5781
2799
69
7135
9339
1920
3596
4345
862
2446
3195
904
2609
2399
2826
7370
9651
4385
1954
8240
677
8043
753
858
5639
3521
2478
3554
513
4227
8918
9233
2317
3875
9285
4289
1378
3649
9936
657
7850
6436
9934
8142
2581
9463
4359
9524
3303
286
5045
1537
9581
5460
8487
2610
4253
2643
6901
4061
1451
9022
4093
6954
1128
5614
2028
7710
2708
1272
2776
4149
9620
5383
5898
1563
3919
9019
9737
2456
3122
1373
113
2358
5700
6925
8147
5184
5635
1867
3062
9624
2109
655
2267
2789
923
5013
366
8840
4312
6920
2648
89
5967
1034
3585
3059
7154
9245
2531
2040
1319
9473
4922
6994
7053
2827
6264
1480
9580
14
5
137
5114
872
8659
3800
5002
1371
3631
547
9055
3271
8372
4882
4191
6673
5977
521
1442
9730
8539
2282
8266
3999
6485
7866
8444
5952
7227
9038
9292
6143
7591
7522
695
8238
6378
3333
2138
4885
7204
4069
576
9159
1871
3586
4360
3105
4534
3490
565
6686
4291
4609
7582
3354
3557
7634
7942
7793
5296
1750
4183
7810
7823
7127
9015
8085
676
4034
8621
726
7824
5679
108
3038
8126
4991
7934
6589
8362
2161
572
6805
3456
5648
2617
5446
2110
2189
5183
8194
3483
164
9521
4076
2721
5406
7903
3089
2949
4018
5448
6099
1032
5992
7130
4206
6805
4300
5653
8665
9899
1835
2109
8187
1189
8014
2366
8312
69
8128
2378
4630
8671
2893
1918
9424
561
1928
4147
3462
897
2377
5856
6303
7710
8290
3484
2828
9848
9725
6081
5098
5404
1668
8028
9780
2728
6988
6081
3619
2189
8158
1612
3763
2785
6611
722
547
4196
396
1126
5880
6539
8668
2327
4590
1944
1122
2006
6781
6267
4934
2598
4131
4673
623
7436
4244
1819
8207
8262
2859
7978
7340
5784
5452
69
2700
6193
8632
2205
8572
7436
2843
9448
2669
8674
3045
5273
9932
8893
6339
7361
812
9976
7385
7327
2321
9634
399
5155
4076
3153
8309
5168
1038
435
2692
5951
8699
5343
7219
6720
3565
3482
9138
4316
4482
4294
775
9430
6723
6789
9475
2799
7537
475
63
4793
7086
833
4376
9347
2118
1510
3028
7988
2632
32
9425
3779
6532
96
2857
6786
7795
948
2259
2794
430
4309
2184
1954
9580
4321
2976
4537
7051
4931
7578
4275
4650
8062
7653
9441
6528
7817
4685
3816
2941
4324
4261
5028
7308
2168
6733
5686
3137
1181
2624
2248
9173
1077
4445
4753
5626
6485
5248
4051
1245
3236
2173
178
5000
3964
3912
8079
2608
6942
1251
4515
5074
5506
9381
87
2885
5676
3700
5568
220
1865
8831
1736
9163
632
5994
6487
3970
4054
6694
369
411
8178
7036
6696
6364
672
6310
9858
7098
2185
395
5318
730
2623
5349
4272
7669
8350
2273
1572
5895
7197
8802
8431
3604
7796
5041
4249
8312
9368
9894
9526
3897
3138
4060
3275
1084
3630
2628
4574
4224
5598
2632
2999
4763
9614
3801
5363
815
3187
4728
5959
1400
3517
8926
5729
3924
4332
2761
2713
8720
2094
2083
3879
1963
8550
5312
9343
4282
1784
1892
119
2936
5921
878
3225
4022
1540
6997
1907
4070
7759
4526
6204
8560
5868
5447
161
2640
1299
4723
6238
365
2189
1762
1080
1606
7763
988
2982
6778
437
5115
7920
9972
6086
8354
8256
7858
677
653
5622
4625
4903
4774
519
3174
7183
881
2581
2971
3519
3365
185
4948
2008
1384
3725
1693
718
8373
6054
674
4103
1149
3567
4122
8466
8295
7489
6801
9972
4581
4686
3585
8365
373
6269
2780
5689
6592
7327
5017
8227
467
9792
8264
6436
1463
8793
4899
3369
5391
2306
8356
5682
1245
790
3485
7671
4722
911
8184
6373
7553
2895
4875
8886
254
8640
7831
7647
8504
132
5038
6787
8895
9206
5870
6756
3348
8577
6254
1289
7869
7471
7828
4699
2385
8873
4049
8522
5958
9182
3594
1517
3492
2415
5300
647
8837
3159
9274
7492
8844
1303
1422
466
4368
2527
7722
8077
2595
2345
1058
8195
4227
7760
6872
9142
2012
1534
5738
7920
1095
9330
3388
4048
4724
5216
2190
4626
9343
3731
347
4125
1154
478
1869
4934
4583
3264
2543
5778
6536
2197
7777
4873
9285
1289
818
22
8705
2055
3421
8107
5434
4240
1970
3889
195
4344
7759
3149
4431
2906
9243
3662
1324
1931
5376
7746
4858
4844
7650
5640
8679
3305
192
8577
7256
606
5510
5888
7222
8009
2684
2208
3458
5179
5663
37
630
5752
7386
5930
9770
9423
3425
9401
6368
5235
969
1850
8301
487
4039
9347
8244
1992
868
7405
2096
7204
234
3703
7453
1288
4221
1972
916
6231
9592
1935
9729
919
2723
9071
3043
1494
3855
837
7456
8234
4894
7618
6130
6837
4914
9078
7474
5495
7648
1379
7983
5373
1359
4144
1403
6904
1091
6841
5123
825
6081
5444
2169
9080
5215
7438
5759
339
7098
820
1633
4419
9954
8062
5376
9659
3254
8421
8679
7674
6759
4981
1628
8992
5836
7038
2452
6156
6482
4420
6387
7460
3134
2391
5888
9294
8896
3645
3457
1083
2069
10
1319
8164
601
8114
6584
8828
4583
5077
5269
997
16
6393
8344
222
4579
2982
8733
6682
702
3082
7529
2124
2546
4589
2123
9438
7260
286
6701
6609
3701
7596
1670
7055
9240
2498
3504
9852
4315
3530
8066
7179
8492
5362
5497
1277
2057
5915
8104
6996
428
4206
5464
2613
3505
6969
9597
3260
3046
5255
9656
4441
190
2942
3026
201
161
1314
76
8336
7460
7751
7488
8689
1248
1539
4179
1744
3890
8354
761
1438
7310
3859
2773
4948
3249
7072
7532
6124
1154
1259
4037
920
8355
1747
8383
5525
3754
7862
8447
5562
2918
6448
7236
5259
5121
4978
8249
3435
6177
3934
6150
4206
1418
4927
8499
5340
6596
2581
3627
4225
964
1933
9576
3937
5033
4896
4193
1273
2806
7826
2541
6081
4855
5770
3042
4781
2257
8034
7151
5395
3787
2612
2226
8374
2275
7860
3527
6145
94
8989
9917
5328
704
5811
934
264
7652
8168
780
7191
9208
1514
3467
1814
1097
3609
1022
1227
7782
1318
3257
8186
2003
9399
9712
4828
6621
3640
1539
72
9381
715
88
2029
410
3360
9235
6850
6247
176
7843
180
9111
4882
2364
1951
1584
2176
8524
6824
8851
8228
1228
2119
6446
5068
1542
8066
5532
1710
6446
1891
3035
4116
8174
8300
583
5400
49
4001
1015
8331
2284
436
9284
1726
1444
2879
9250
5956
5264
3961
8428
5407
8252
3675
9872
7559
9174
3676
2724
249
5257
5833
1540
4076
6964
448
7546
2831
3303
2539
2248
7630
9353
5579
9236
4531
5176
5658
9873
5096
4382
4178
3158
843
9948
5068
6301
8875
9382
5520
9642
351
266
9531
8965
2358
2382
4063
983
3145
7734
9188
3917
3004
5183
9052
76
3091
4251
9204
977
8769
1081
2295
5011
604
4448
9293
8504
2941
8984
1744
9840
9827
9381
5423
8930
7782
3793
1723
754
3785
3764
5934
9771
7066
882
7452
4526
4371
1458
6290
8631
6674
2823
3035
9737
3334
9309
882
9990
3280
4513
3217
2860
8345
2925
5048
6943
2754
415
345
5071
5813
2676
5871
8358
3307
5174
4703
9104
6488
7632
2551
7879
5104
3706
3732
7451
5021
3078
4175
3178
6248
773
8215
4689
3828
1558
8218
6079
1483
6364
1996
2546
896
9611
3818
7985
5636
495
6105
2037
4868
458
3848
3781
5615
5688
468
3420
5301
7807
1753
4649
3274
6088
6694
4067
3018
1349
377
3495
7399
6270
9882
1824
3070
3820
3428
9665
3368
8577
301
642
780
2402
3799
7028
7442
5875
3007
2883
2146
813
4851
359
7578
4686
5281
3623
5998
1853
9418
5947
3194
5992
1317
7915
1123
3676
9200
810
3372
3008
5457
7145
9205
6911
8858
2057
7933
9712
1275
7121
6328
4675
418
9687
4619
363
1165
4015
292
2290
7168
1422
2631
2974
7762
9769
3987
6238
2146
3391
6852
1408
9831
4783
4609
6563
2612
9480
7541
1187
7098
8859
2379
5414
8264
3103
4194
2562
4686
5745
5408
9785
8319
9781
1475
2515
901
5357
6626
502
3070
8261
8691
5396
1972
713
1478
2194
8442
9508
9438
2576
6562
1622
271
7273
3099
5008
8018
2105
1768
4783
7766
3942
1452
3283
3825
9212
1313
7179
9061
9929
7737
287
8733
8418
6251
6362
1798
208
3423
4978
4379
2027
4789
5828
8184
9329
3006
209
8272
6498
8830
8703
5130
6059
202
2349
2038
2558
7660
3400
350
4058
3301
595
215
412
8018
9062
4727
5570
3159
1717
3840
4456
2407
3323
5866
8449
6326
6500
2319
9491
6470
3796
4256
351
4637
4855
2997
4875
216
3990
3954
2110
2984
7731
9061
344
8555
8545
8491
2987
7862
4994
9474
7450
5262
1342
153
6221
6054
5341
2036
2910
9266
9986
7100
6019
4666
7141
2563
4360
3290
6155
7109
4728
5526
8771
2346
3816
7083
127
7304
9056
8545
2237
3413
5079
4860
8562
4602
6570
1698
1490
8627
2744
4487
510
4706
397
6355
9370
4484
3161
4565
5577
4283
6893
2194
168
1147
5713
5142
1813
5920
6372
8922
3850
4892
8465
8550
5177
8575
8283
2174
2469
5439
7509
4088
5482
3431
7665
6638
5307
2075
6098
7919
4374
9241
3439
208
9478
8907
9815
847
7141
8265
4956
2024
8284
8796
2510
4896
4120
4093
1061
9935
6059
1804
1801
5611
9548
9661
1201
4575
8331
3420
8887
5866
7445
3889
3045
5604
7777
4319
4382
3643
8437
4774
9291
4268
8984
4856
4912
1486
6308
6729
9050
4248
6807
5823
3896
7314
9767
5929
8819
1000
9983
284
652
6427
1067
328
6704
3458
7420
8650
5530
2575
6616
5435
3493
3436
993
5253
2028
6179
6080
7781
3441
9357
2318
875
9478
8562
6511
5647
3515
8383
7579
7839
6884
4214
9882
4147
902
8367
6028
6769
4815
7884
8690
6139
335
2219
1196
6518
7158
8084
6208
6982
9836
5442
323
2022
6711
9039
8376
3699
6972
9063
1523
7032
9397
4863
2488
916
5403
1470
8516
8967
1904
7769
7367
9916
7580
8365
9293
3360
8499
5493
2152
1889
6447
9868
6604
2353
8254
6732
3750
1066
6954
5461
8986
8027
4017
1113
1767
7713
3842
3140
761
5537
4979
9529
9035
2289
753
3239
9447
2454
8452
26
7644
504
4366
4062
9915
1250
2049
3935
3566
8134
2730
3259
8228
1565
6094
3993
6525
6764
5295
5859
4959
4978
7291
6687
451
7870
4161
4140
5631
5197
8960
439
1409
1537
2302
556
468
6109
4322
8362
2594
3804
6271
8447
8343
7746
1166
7539
3405
9659
7831
8177
6745
239
2267
1456
1922
263
6592
2336
2921
553
5610
7103
8857
4238
3395
1195
141
5973
5143
4994
9224
3281
2430
7205
8821
6509
4262
7547
8219
9088
1149
1682
5644
6011
2888
6816
2715
4960
5267
6743
8024
4156
5878
6279
6682
9525
1904
1854
5160
9583
5250
4922
8243
5303
9354
591
2531
4467
4362
4932
4860
9393
9317
7160
5516
5819
5270
5698
5796
3660
3517
4134
6705
4685
615
8579
5127
2440
3865
7385
7817
4382
3544
3848
3991
4420
3416
7619
9588
3559
3838
8532
6322
4640
7316
2841
2109
6515
858
6268
2081
2657
4835
9584
312
6606
7907
5463
6932
8733
322
7664
7141
2775
7741
8654
5576
9994
3434
1236
1933
7822
4950
6973
611
6323
254
6408
4002
7158
8358
6880
6724
2514
8072
3449
6625
2771
5708
870
7477
887
6288
216
3872
7325
2037
3633
3403
6607
2119
5399
1378
1979
374
7412
642
1420
981
3689
9023
9769
1583
6323
2098
9107
9825
4934
3327
7170
4967
1701
7007
4617
1463
6644
7230
629
5236
69
9522
1189
6800
5998
4838
4499
2546
9564
7011
8193
8623
9233
410
7295
3384
7384
6576
553
4320
9481
6742
5628
8697
8968
5124
2121
4794
1992
578
5074
7646
189
7539
3314
219
7471
6686
3417
8926
8491
6778
581
6320
9907
8309
4268
903
4757
9057
3606
2380
8169
5084
327
9892
5907
7242
9434
5389
2505
8753
3497
8439
831
6337
2344
2236
7726
1806
2978
2429
9027
7819
9388
8123
8627
1157
6565
1503
6268
4713
4191
2342
8215
1427
3207
9869
5002
596
6895
9028
9962
6174
670
3666
7693
3232
8557
3606
6045
1305
3042
8725
2617
3530
2073
516
6517
509
9262
4611
7506
6476
1048
8308
3737
9311
9407
856
6560
454
1022
213
6175
1215
5812
7445
4028
1204
1124
3261
3906
820
9308
4920
7552
8892
9330
8624
3438
338
3594
9529
2603
4222
677
3050
1138
1029
8916
7240
1482
3060
7594
6977
6764
4869
2159
1906
9792
5297
7360
2246
6880
7698
1716
8891
7150
2980
3914
5154
1409
3432
6606
1155
171
8627
5530
2827
3926
6521
8121
4723
9356
5250
743
3134
5222
8519
7556
9502
3468
2284
8839
6692
395
5369
9199
7298
7685
1078
6261
4031
4643
8482
1661
3446
6213
8256
8908
395
8521
1311
7683
3532
4394
1621
1497
5039
3424
5047
2231
5838
1653
9623
9708
27
1176
4827
8017
9521
8730
7014
8711
1354
2470
6293
9884
5255
558
2264
4861
5455
4896
2474
1381
3190
8455
255
3140
8617
5134
4458
171
5796
8479
3784
6339
704
9706
5068
3741
7708
5137
9432
2868
9159
1584
3844
4223
2136
2842
7151
3042
2474
8206
8111
8452
2295
1913
4118
6028
1727
5141
4739
516
8309
5630
8114
6480
1862
7557
4290
8584
9095
1422
8416
6512
9339
7524
181
2680
4190
253
9257
9504
6640
1736
258
548
5249
658
9245
1109
2197
1383
3575
1607
901
9494
6297
5271
1922
1150
7326
613
6198
500
6051
943
7529
2775
2042
4990
8109
5770
6586
4201
5558
9760
2246
9479
7657
5671
8600
195
9568
8938
4362
7752
984
5130
2657
1579
8999
3080
5623
1960
6573
9417
6387
1397
8102
1403
9431
2227
4184
8039
150
3506
3536
7260
5040
3236
9619
3067
843
6570
484
7122
3072
3242
9633
6560
6287
4850
1658
2711
8031
4327
3151
6591
5702
7078
3717
9366
114
3387
3061
102
5586
2256
5264
4143
7891
4541
6739
4948
299
4366
7923
5746
1308
7202
5766
8457
1893
7807
2542
4207
8731
3475
9682
2538
5807
8854
7738
1356
1212
2203
3927
5996
8624
6213
3036
2542
2565
4982
9037
9908
7242
4627
8547
8013
3730
4867
8330
396
8249
5894
4823
5717
9503
5619
8504
224
5890
9145
7562
6015
684
6455
7729
2556
2854
4887
4168
6988
119
4516
8517
8816
1278
5421
5768
4458
4504
1458
6064
7212
5118
6347
8698
9643
4654
1848
5191
6179
9172
3251
2696
3237
7780
9154
3721
3804
1335
5832
8439
9293
8432
4523
6399
3899
3962
7008
9989
9866
7168
6130
8925
7196
1432
2114
1642
6776
3949
4457
8353
8552
6199
8280
105
1585
7849
6128
1025
7582
5783
1070
3853
85
5106
14
9951
8507
9234
5520
3630
2195
6239
4872
3558
9249
6411
815
5067
9613
2655
1304
2667
7683
385
5277
4176
504
2479
2519
830
8551
3386
4859
655
3161
6530
5394
8984
7602
9450
5346
5208
8936
9528
8888
9357
2447
8411
2327
2034
3328
4185
3017
585
8200
1940
5428
2321
892
5865
3912
2660
8027
4837
2901
6240
2843
4083
7482
6544
3269
3558
24
3606
8301
2192
3941
5063
6202
3069
332
4067
4036
5391
3649
1983
6347
2166
9346
3313
6819
9228
9225
8567
861
1754
8175
341
6994
9323
3979
6425
9320
2075
8199
9645
1383
1499
1283
3112
7557
6340
6275
6321
109
3381
1459
5073
2479
4378
555
4771
65
4155
5390
6811
6722
8975
2796
2865
1951
1723
3656
5833
8079
3132
1731
4063
4665
2380
4263
5588
5429
3315
5392
5504
9984
5118
5860
7139
9737
6133
6516
5404
5928
6699
138
1700
46
2583
2050
8232
6904
4458
230
4050
9917
4380
9809
3875
8103
1944
5573
6863
5502
6400
6903
612
3824
1246
1784
7480
8701
7145
5615
2623
3630
9584
2130
214
2629
6454
4308
7087
4656
970
6200
2473
3207
8801
3331
539
5189
4771
8288
9724
1252
7503
7357
1954
7217
3515
2098
998
6462
7564
66
9504
6086
6926
8233
3717
1243
80
8662
9913
6411
1344
9299
786
6897
5422
2591
971
6952
7984
1324
1841
8331
3234
9764
5694
4135
199
9079
2223
9922
5584
991
4420
8052
5176
7204
3060
595
186
8444
3435
2958
2303
6330
5313
9167
6648
9815
2263
9699
8996
7614
1121
8726
1294
609
7627
1927
9591
5002
9993
667
3659
8475
7183
4461
355
7815
3113
1443
1046
4217
6216
684
3228
7730
3514
9397
4145
4065
6532
2107
8562
4122
591
8282
8104
6169
5997
2868
5134
847
3510
5022
6752
283
8931
3476
9618
677
3510
2029
362
3603
692
8713
4987
5870
6192
2694
1343
6399
8534
7938
1792
4451
1104
2107
4099
9406
968
1394
8625
9531
8923
2974
947
7298
9350
685
874
7218
8832
4806
3833
6109
7108
9801
3839
3267
1257
4087
8133
6583
8816
3518
7296
5182
5577
3469
1907
9957
1249
5062
1412
1842
7420
2273
9641
4931
5740
9901
3215
2355
9468
2833
5287
6427
2123
593
1805
7109
4248
8924
4886
9115
6118
834
7942
4798
3628
7747
4076
7267
8188
2259
5546
9607
189
6809
8196
308
6840
375
3508
5260
5676
4163
2808
7457
7438
228
6697
167
1360
8345
3272
5265
1532
6339
1511
6344
5998
818
5570
6938
2684
4461
3752
8863
2066
2059
7130
4471
6622
751
7454
992
8565
9553
9472
9907
4032
2774
3894
8029
6535
1905
4495
7259
8391
4435
1191
1727
5715
3438
9337
7408
4853
648
9346
2958
2175
6571
3758
7794
947
4025
3153
7651
5211
3565
84
3381
2773
3548
8985
3532
6447
1626
8925
5775
6619
3960
1386
6104
6335
7227
3126
775
4748
41
1451
2006
5016
7805
3316
2984
666
8170
9136
4266
3522
5483
8054
5115
9698
7368
4598
344
509
9542
6808
3104
3627
9350
659
6742
6934
4077
187
2197
2180
5923
7336
9582
8545
7668
6656
5884
6647
7893
6800
3385
4765
3489
4508
5481
7786
705
928
5508
7829
5865
2114
3266
9803
207
2695
5486
8635
9735
7582
7901
4897
7914
45
6696
1757
517
118
228
9359
1118
821
6163
2194
9585
7657
9379
9634
4936
4236
7493
123
2281
6657
1576
8656
7449
6281
1236
8020
4590
2146
9058
6808
4387
4093
3832
1154
8276
6698
2067
2262
2009
9506
1213
3811
9680
8865
3582
3917
4323
5134
2382
7939
6920
4520
4680
8845
3255
479
3195
6531
5798
284
4282
780
8736
1053
2163
6706
3301
6433
3565
702
8843
3132
6074
1110
8882
6280
2540
8288
5093
5913
852
2833
6235
7691
6389
6278
8541
7050
615
3118
5667
6366
9864
5266
9448
9425
3757
7522
7548
2798
3638
8142
7351
3975
5967
8429
186
6099
2978
526
1122
4962
5306
5560
8550
1199
8579
3632
9648
2673
6013
8407
4345
2253
5807
8205
3196
4524
841
6198
4076
7381
3617
711
4449
1622
3407
2750
6494
4100
2356
7067
2494
5629
4965
1166
5453
2022
4246
4398
6195
8278
9345
2931
7563
5422
9605
2865
2562
2659
539
8274
3786
3146
2340
863
5678
1870
511
9515
4256
9281
3415
9788
654
3933
9224
6438
5684
9398
6562
6245
42
5598
4838
7830
2462
7268
2285
6499
9485
5194
424
8618
2858
9873
6258
3002
6545
9011
3106
905
6805
2477
9885
9220
4677
6263
1928
611
6046
4433
4555
664
6234
8012
4192
7844
3062
7315
315
9047
8865
4324
4132
3730
6240
9822
8159
90
9470
3464
4829
1772
2961
3308
1803
615
8600
9567
9064
5738
7520
45
6677
9227
5046
1301
6084
305
7334
5839
1539
2895
6962
5910
498
5566
9951
4630
3615
4822
7337
7522
7491
4376
7079
4818
3062
90
809
2344
6685
6656
2046
9390
7348
7075
2498
8829
1094
2897
4052
7676
1561
8098
3589
5907
8167
2226
1452
7147
9558
8239
3591
5365
4265
5505
2620
7507
5728
784
6382
3671
8603
9671
1675
2854
3148
7476
9138
4744
5769
1880
3810
3758
6993
6881
861
5617
5606
161
6811
1683
7064
3867
7051
4836
3603
5914
8101
932
3902
6526
7706
9375
9589
5444
6765
3418
3873
9152
6347
9721
5634
26
9957
3706
7134
2674
8574
1473
5652
9473
5120
7297
3561
5518
5161
4564
9620
7561
9139
4695
7989
6327
7234
8005
3071
587
6406
1519
535
7389
1040
7557
4628
8666
2753
8851
2646
5592
6013
7306
9108
2740
6063
569
2766
7082
1958
1769
512
7744
7613
7954
7559
1792
5817
429
4334
3456
9659
4759
5394
6959
6005
3359
9028
1214
5193
9149
892
2696
4157
6542
9227
1408
8379
4944
6873
1414
8933
8118
4380
1173
1365
1960
2874
1836
7635
9099
790
422
4688
6056
7174
5177
398
5292
1317
3624
2194
4044
5317
5397
1490
5122
6188
2871
7833
3192
943
3891
8858
3696
1196
3274
6433
173
401
6671
1652
9186
586
4579
3976
9461
6551
559
6000
8864
7724
6205
3073
3700
1747
1636
3857
8825
572
7134
5133
4695
2372
615
745
778
4883
6964
9955
6006
639
8974
609
3031
1119
2218
3800
2531
3050
534
1742
174
1117
4258
8455
5001
4955
7224
9804
489
5070
393
5243
6655
2428
3046
7639
9241
8022
2551
9119
9893
3594
7148
5596
109
8328
2558
4500
1908
2337
4753
2109
891
267
8297
491
5216
3089
9941
8089
691
5191
9132
1110
262
4764
6323
4727
5553
8424
8264
4443
7648
2900
366
3580
2073
9801
789
6640
8157
3985
8533
7583
2059
3658
6631
9119
5019
2361
96
4316
94
7259
7499
1619
7951
7878
6866
6637
3398
7390
3097
1913
3673
3955
5575
6978
9663
2184
705
6208
3683
2334
1765
9786
7873
4127
9408
953
4592
2311
1260
9735
1724
6349
3434
1126
1967
6191
3527
3166
8699
8891
8398
9342
5334
8938
4523
7956
3059
8742
6071
8535
1913
525
7013
9601
7474
8046
3127
5035
5426
5920
2750
8368
4786
4225
8892
7811
9560
3436
3559
669
9925
8804
8125
6174
1370
3005
3695
9237
2904
3130
3467
2891
7683
6816
6858
6345
5634
2634
4050
9321
9797
9350
6873
7914
7603
9916
711
7262
9488
1823
6726
9998
9271
6700
7017
2093
6874
9263
614
3401
6787
5878
5617
5918
6053
1245
2999
3572
6996
5111
996
7817
5006
190
4401
2762
8436
2178
2861
1226
2313
8125
4103
1861
6294
4984
8261
7198
3256
454
7525
6821
3687
3694
2557
2100
2451
9158
1088
1336
157
2682
1632
2893
8927
4380
9147
3491
3545
7302
2868
4300
1193
8235
558
9799
4182
4363
23
1927
8425
7397
7919
7484
9161
9479
6115
9427
6658
6977
6378
3321
3409
7063
3692
4619
7630
7173
6426
8473
2309
6925
8798
7672
5523
1339
4624
5863
1435
1002
6049
2186
1826
624
8552
6642
2269
5140
2103
3837
8116
3760
4153
7721
1267
7137
9546
3508
2413
891
6851
4672
4062
6714
5008
674
6011
4467
2992
6745
2280
7433
8665
9643
8054
667
661
699
9590
2554
7709
8055
9679
5129
4624
6526
9016
6157
5839
1103
8098
4020
1305
9596
4805
7762
3742
3166
8022
8406
1458
9906
2625
8795
5969
1824
6153
4106
5849
5036
6393
845
2952
4613
2550
9342
6259
7723
5331
718
9999
447
5200
2498
432
8930
5521
8856
204
3839
6342
7639
9547
9076
284
4
8590
7355
6543
7457
7401
4424
8538
4512
7342
8667
2493
1141
9110
5909
5626
6985
47
6151
4300
8827
8829
8837
8596
513
8894
3002
3761
1660
767
5429
7771
1897
6180
9137
5516
6820
6392
6451
6124
711
4241
8780
5480
8688
1854
2175
7118
5985
8577
3420
5240
545
7395
2186
7730
832
584
3987
3642
2183
1952
7993
9635
1134
2519
2790
2773
775
1338
466
8692
1847
4902
6430
3532
981
1663
1453
4630
1563
9097
7602
3930
6522
3223
9443
2193
5002
8926
2685
7381
4318
3652
7026
4935
3542
2123
2894
3820
2686
2644
3175
1350
4612
3985
2659
5531
2007
9676
9139
9860
2938
5597
3644
6676
1800
4812
6198
7379
5554
6627
3950
326
9172
7839
7590
4252
4869
179
9101
9063
1789
5177
8953
8805
1633
6502
7103
3771
5370
4585
7061
1517
739
7296
5136
6716
3777
4822
8999
9724
1805
2205
4232
8929
3245
9364
7832
1030
8625
8325
8278
5865
3560
3758
4905
1142
7683
4361
1336
4399
2961
1947
7784
6101
9530
3797
8656
1925
6119
4634
6872
2386
2878
2782
4736
6362
1836
279
7469
8264
9435
9284
3694
3782
3459
2310
1597
7629
1325
7982
5648
7371
2210
8901
6367
479
6514
6370
545
1075
9424
5372
3999
7159
4250
2748
9866
3958
2887
5885
4760
4119
4569
9235
8473
882
2787
1333
296
9437
1940
5881
2733
7475
6560
7195
3295
528
5791
6921
6150
3035
8671
862
1583
9871
3541
8585
7257
1112
369
9305
5309
1943
847
4455
4330
1346
2250
8096
462
5931
3131
6366
6688
395
3583
9042
1210
4395
7974
3104
7029
5455
248
7878
1820
5663
5106
8618
3795
9124
3518
8608
304
8395
8769
149
807
4280
6957
9739
2003
8923
6103
8145
9872
9848
3491
5741
2694
6293
8875
2873
2384
9237
7534
4792
2955
7739
357
691
2394
1742
2914
7861
4006
8552
8513
2735
5314
3818
1696
984
6700
5904
6587
5061
2240
3276
0
1025
6567
7618
6385
713
9404
4111
7815
7383
6303
8711
5940
3944
1251
2346
1457
4508
3250
5602
7622
8922
1920
3003
5880
45
1820
9487
3628
3135
4067
8749
9706
1633
2399
5077
9948
1428
7837
2835
5990
4007
3548
9062
9392
3933
5489
5132
4895
5962
2552
1164
2434
810
8117
6383
1479
9262
9256
411
157
8212
2110
414
1925
2609
852
5076
5650
9246
2519
1092
1503
4397
2359
9149
3743
8198
5866
5641
3728
7234
4060
2779
6617
9667
7620
8154
7922
7582
9426
282
707
5910
9013
2323
9877
3606
5865
6176
3764
971
4733
5879
5590
3100
4979
9136
2981
8823
6352
5283
1832
361
5811
1330
1568
8569
8450
9009
4574
8593
16
1518
1986
8538
1691
5408
9502
