5452
1423
1436
9451
9305
8253
7482
6868
9339
6346
7116
8769
6182
9806
7831
5945
3192
9666
5484
1143
7531
3786
1738
4793
2278
863
7497
4308
576
6907
1930
5621
7746
2317
9368
7954
696
6045
3178
3247
9044
2810
7641
6621
1550
3054
1209
4541
1932
7571
9253
9634
9722
975
939
1268
4183
410
4481
2080
9643
6192
5075
9373
5272
8194
3211
9417
8909
8711
187
6834
3985
2240
4409
961
8434
2953
5352
4801
7482
2700
2207
5518
8666
6959
4056
4568
6614
509
2007
6390
125
995
9285
5063
547
8464
6376
7987
2588
7183
6176
4000
4167
642
2001
1282
5141
7236
776
6314
3413
1152
9580
8526
8686
2736
5251
697
5656
1998
254
2665
8391
918
3425
3479
2197
8028
515
8068
3754
4362
2158
1902
6235
3842
2852
18
4652
6962
4639
5883
7283
133
1154
328
6171
4837
2049
7420
9713
639
7033
3023
9455
7791
4462
8386
7603
9210
4640
7168
635
3659
1977
7088
1647
8965
373
3830
8810
9991
2926
4537
422
9837
4548
6719
9252
9011
2565
8437
773
6277
4734
5499
5832
8353
1374
6636
5361
2574
8931
3707
6065
4214
9156
5976
888
4015
3226
4354
2532
2935
7036
9847
6452
5005
5190
3799
5853
9597
5348
6439
8840
4403
1088
1777
2615
801
5318
4632
8066
8315
5313
7017
7875
704
7956
669
3641
5123
4455
2955
9981
9639
203
1866
8575
2553
3836
1844
4507
2647
2
6311
542
5743
3956
901
7311
7954
6906
4731
7628
6535
141
5134
6466
1707
5309
8513
4056
7446
5550
6963
9817
7066
6560
4630
2764
6293
4410
9642
9762
277
9475
6392
2923
955
2764
6075
6149
504
5133
7992
8322
7268
5418
2078
6276
2669
1682
5112
2920
2908
9844
3440
6061
1492
1807
5614
5263
4084
7636
7469
5892
7820
9482
4223
7634
6060
9374
967
4892
7831
2612
1460
6711
4806
7534
909
9965
8234
9048
9207
8573
2281
3534
1716
8156
4809
155
4406
444
6539
9455
3106
743
4911
2299
3311
6665
6629
5596
9229
3544
5380
6914
9906
385
6243
7228
5583
2703
2948
1427
306
9194
7889
6975
9813
1930
190
7481
5811
7575
990
5358
8379
4095
4914
5932
7901
5890
9052
6492
3521
6382
7586
5517
1287
8962
3485
857
344
7441
7569
2662
8876
6661
2535
9963
3285
1644
7862
8860
2985
9828
7825
2084
4285
4399
8154
3999
6876
9091
8803
6673
6679
7761
7493
502
4774
9327
3145
7351
7789
8500
212
2054
8473
4480
7985
934
9834
1174
1190
9609
2299
1126
5735
4424
7452
4635
9961
6409
6737
1678
5663
4272
4403
4197
161
9572
8852
8668
4363
940
2832
1566
7570
54
1375
1760
5200
3796
5270
746
9216
5300
8238
1715
2166
315
1532
7352
7941
1693
3583
4888
9716
2379
3609
3855
8043
5049
3876
3501
5447
9691
5222
115
8269
9115
6015
3145
5083
5034
9967
9167
2218
689
2725
8862
8896
2690
4530
9769
402
6480
2411
629
646
39
3245
8915
5686
10
7403
5558
3985
5224
8899
1062
8187
1769
3599
2079
9077
2906
9240
774
1015
3971
3668
9802
4714
818
5648
7251
8594
7574
9065
3961
6744
5177
1715
3331
2886
4298
1149
3787
8348
8247
4492
5915
7775
9396
3555
5446
1217
1642
7988
3301
2940
7247
1457
9004
7815
829
4299
6713
7291
6578
1260
4472
5584
8964
6640
7254
1504
1310
5437
384
5501
7964
2179
7494
526
7279
1934
4242
5460
3005
89
2223
9675
9608
1965
1320
4221
9529
1464
8399
2944
777
3208
8118
7104
2124
3238
4941
8151
5482
3391
5641
7496
7307
2413
9453
8859
8591
3253
1159
1874
9335
2042
7897
4586
2787
9407
2979
1582
9273
505
1370
4646
1151
5666
3239
7292
3493
6682
3806
5951
9730
5192
601
496
7577
9583
4065
2090
8183
5964
8665
8799
6668
6907
6486
973
3892
7448
2239
6175
9521
7507
3581
2672
3815
5118
7983
2650
1587
9552
3565
1228
889
6924
7462
6267
2424
9883
1880
2767
2732
1621
9531
1294
2849
6015
4491
6038
7182
7471
6001
8804
661
6603
2972
7122
7782
7311
5681
1596
7355
1373
3548
8451
387
2878
3314
8891
4078
7799
2469
4015
9618
3911
1379
5556
8680
3804
1659
2395
8342
7798
9724
7792
5194
4819
2332
3200
6143
58
4211
1943
1823
8787
7426
9975
2230
9747
8930
9365
6078
2885
5149
7261
5933
7716
147
9493
4759
5829
5738
2447
4144
2769
2358
8873
1314
6385
2337
8478
5336
6738
4247
6383
3173
2279
800
4172
3380
8046
6299
5420
6493
6235
8915
1789
4336
4528
7584
341
529
6254
77
2887
8256
5621
9170
2161
5619
3031
1070
4913
6067
3531
690
4040
5872
7182
1500
9175
2274
9892
8495
2870
3181
9947
4363
84
1743
4128
6591
9256
6314
8523
6712
7733
1497
9318
6883
8861
912
4571
6439
6493
3140
4779
968
7205
6532
9466
42
9595
9043
8472
1011
421
1171
1691
9162
2420
4992
840
5298
2945
6630
6448
5949
7839
1071
8359
1183
9520
557
64
352
9876
720
2755
3117
9676
3717
7585
8317
1564
5500
351
5419
1422
2212
6861
1988
8884
7317
7003
2654
6869
9177
1185
6034
6921
1416
5148
1112
3904
4030
9257
382
7836
7307
4890
6021
2975
6232
981
217
1694
1425
2172
9082
7189
83
8535
2715
9813
5587
3725
1671
3592
9704
9570
3771
3365
3078
4378
3139
9583
1976
6380
7781
4872
2505
2562
6724
4178
2655
3580
4130
6118
5205
2900
6262
3742
9844
5020
7430
9212
5645
1555
9712
942
3493
9159
763
3033
1581
9397
7525
1330
8813
4332
1096
9276
8093
9103
2734
1627
1120
3256
1021
1687
6189
4106
5266
9180
5547
8848
6982
1870
984
4785
5631
6266
8006
164
1430
2296
2307
1056
5296
9229
6483
3804
731
3596
3596
4102
6679
9532
5870
2511
2494
3605
9629
7555
9697
9876
1068
7014
9425
9919
600
4858
1111
4018
4158
1389
2176
3143
4538
1248
233
1107
3165
8338
7347
2621
746
4890
4322
8587
3117
1476
3624
6981
3208
7314
345
954
8460
8068
3290
6753
1936
3635
5211
4024
8753
2935
7743
1096
8822
6344
7812
4762
3135
4305
6483
578
554
8112
2101
58
6385
5898
6719
346
7235
4572
1164
8418
1181
1389
7446
7562
181
5887
417
5921
2595
1268
6004
4385
7021
4253
7396
8964
7005
6829
4447
448
5633
6588
722
7773
6686
5447
7832
8504
9938
7797
1311
1792
3093
6965
984
45
4667
9763
7419
496
9065
2697
8197
4981
4033
2322
6799
9670
4043
3338
4076
7898
7954
3553
3823
762
1113
4414
8918
8291
4664
8432
5863
8407
1383
2768
5909
4446
549
2834
4927
1787
2021
2042
1925
3593
3846
7100
3736
6900
9342
9403
7037
1923
9970
9491
798
3779
1924
1795
45
1776
4890
6529
694
2924
9847
865
800
1890
424
5297
6447
6084
9453
652
9849
9360
2801
1294
5058
4113
5896
4102
1671
5522
3877
5399
6580
3085
6629
1881
6178
610
6539
7198
2529
131
9753
3838
109
4860
8392
4979
4800
6288
9284
2193
8324
6078
1766
7053
8419
5426
4239
8478
1837
1304
8830
4993
53
4700
2207
7062
6841
2413
2833
3464
7611
4864
929
1690
2545
5040
3240
9629
7254
8578
5518
9806
2538
5015
3641
2924
1709
4507
5094
2711
5763
6203
9011
6996
4005
5076
454
6541
1300
885
2542
1845
954
5206
6916
1897
5903
4114
429
9122
9333
9840
8303
2664
9024
2496
3421
1600
8453
368
7825
7205
5086
5582
581
1909
1016
7896
5454
9970
4745
5375
3734
8665
4337
2810
8581
8063
9356
2055
1306
4007
3712
3884
3387
6721
2778
5836
6295
1341
7456
8485
9204
620
1186
9397
7611
1431
2641
9773
9596
9705
6332
5934
4446
4743
6644
144
3431
5360
1115
7426
6661
1392
9677
1947
2791
9470
4458
9455
1131
7365
4752
7869
9732
6416
9825
213
5127
8847
2774
5591
5362
8102
3760
3239
6138
8948
1062
7564
6224
1873
2736
583
6560
9744
367
8465
1349
1460
4087
2173
6460
5855
1578
1709
4867
5269
5793
5281
3838
1120
6058
42
950
605
1481
6828
5022
6339
7452
3666
3507
2132
5152
3483
9935
1035
7881
994
6107
7349
9282
9147
9967
6285
1937
3017
1927
4368
9622
4941
227
5599
4128
2457
27
9282
4492
1731
637
1785
6987
6405
1221
7502
6750
5089
6935
8278
641
8241
7116
2919
4593
5932
5191
2596
7131
2901
8371
3395
6883
1438
4539
191
9742
4186
9781
5929
8588
3535
1484
5337
1013
8442
7048
3347
4127
7037
5484
2165
4137
4003
6620
541
2663
837
4313
3639
5291
3029
5627
2803
6860
9591
5210
37
358
8447
408
6438
7966
8069
2366
5656
1375
6773
546
6567
4886
4899
8722
4859
8534
2860
5872
8842
953
7512
2745
698
8820
4236
7139
8900
4870
4108
8355
7652
7037
8013
5593
4733
7397
1415
7976
1802
6717
4826
1542
1806
4055
6056
8668
2077
8588
3664
8570
20
3130
5019
2635
5107
4140
6751
3712
2987
7348
9825
3707
7681
8199
1847
3482
6210
8229
3724
9006
2946
2003
4380
6312
5325
9719
6815
9695
4078
5952
3715
176
269
6831
8129
8866
5763
1909
8194
9428
8122
8011
5755
2086
656
6808
6867
6081
5210
8963
1333
8148
6452
4149
3472
9452
6598
1449
9788
5518
7651
7571
4504
4660
4347
4331
7679
2339
3920
8869
616
4053
9126
9486
2060
951
3124
3492
2179
3473
7527
5874
5527
4157
2117
8039
8714
5974
7582
4306
5924
3294
7135
3516
8148
8076
545
5938
9527
4801
5166
7326
7079
1285
9395
2369
5435
6211
4081
5663
8572
3886
2366
1046
5143
4862
4649
9596
9950
5706
2410
1989
7738
9475
5367
6430
3499
507
5075
1705
5327
9073
5152
3429
9969
2810
5286
3401
1049
8334
5068
3517
8594
4940
1091
2340
9320
5402
675
7482
6624
6029
284
967
1794
3585
2846
6893
6593
3893
6180
2339
2715
5415
1451
5102
747
3480
3793
7417
6428
4843
1977
5681
936
4255
7435
3344
463
1894
215
1716
3779
5025
6922
1994
5904
1051
473
6636
1721
4591
1178
7365
7437
4230
4691
8637
8601
6881
2394
7478
9319
5231
6875
929
5540
1371
8840
3501
9231
1270
7274
7405
5996
9452
5542
9909
4761
1254
7675
2257
9544
5451
4984
5314
6667
323
6763
2246
7950
6634
2051
7010
5598
4014
727
1167
2872
4437
2911
6463
9740
6413
1248
810
2975
6641
8294
8921
6640
7333
8825
9486
6770
3583
9938
9406
4248
5250
887
9213
6496
4424
8866
3780
6582
6331
7888
625
7577
8208
7957
6731
6794
8416
4748
3215
3872
404
1692
3484
7593
3101
327
6201
4635
9390
7804
7838
3481
9590
8060
3413
5889
1870
649
7630
2850
9803
6906
7257
6426
3168
140
868
6845
3315
7651
9025
451
8986
734
8306
4008
7938
1528
5988
6247
5884
4138
4149
6432
7652
1581
1732
2950
6432
4846
52
998
1633
7691
8332
5921
5961
4042
9838
8410
409
2152
6130
8299
1605
670
3934
2658
6215
896
6676
6377
5629
7536
8680
8899
1280
7023
8844
7026
4930
4211
8474
5142
211
5924
5790
672
2831
4289
9438
5268
7767
1344
7798
8493
7051
2866
2436
2762
1873
8596
7789
1062
661
4770
3626
1078
1630
9462
5251
731
9080
4654
6966
407
1010
1964
2819
6844
4246
9655
2791
3584
1201
3262
9667
9213
9919
1021
8521
3653
7524
9992
7427
7762
6393
7284
4591
1995
1681
6149
1323
9523
6886
2594
5177
3996
645
8869
5743
7321
8067
8350
1886
4641
426
5751
3532
9694
9845
3362
8176
7285
2484
3535
3482
1681
4971
874
6812
1416
7789
913
5545
7375
2529
9202
1945
825
4270
6675
6310
4634
3897
1068
3878
2315
2215
5038
1781
8470
7441
5207
1806
5408
6964
9709
3461
1830
1553
248
8693
224
88
9533
3233
2227
3739
8628
8073
5923
9378
5803
7275
7381
6923
8995
2787
1698
1804
6888
3217
7847
4167
9247
2054
6041
8024
9768
3114
2311
1918
8658
5420
9096
5572
8605
391
6579
2394
7563
1886
4093
5653
4944
6756
8172
111
2281
8666
2458
2108
8761
1286
1606
4315
7149
6252
1093
742
1873
5548
5094
4886
6060
5431
9170
9093
6327
8991
1522
9761
4331
9499
6347
7562
9847
6691
8596
3177
641
5934
5928
252
8196
982
695
3762
4295
1669
2343
4784
4335
3614
8967
9597
1402
6010
9380
8928
412
7389
2261
4020
264
9620
897
9366
1172
6430
5713
43
894
9876
6239
8384
4909
870
5101
4351
2304
3620
3027
1738
2595
5621
7280
5832
3441
1736
7537
6601
5107
6629
2608
7160
5061
2126
2676
7452
1354
2311
2038
9306
3942
6079
1412
2619
8169
3786
8062
7750
1868
7197
6973
2186
7908
1478
9139
2841
275
5717
3486
8452
989
7418
839
2127
9032
1292
9303
4145
9725
4131
9640
6827
3948
6276
5785
3570
3420
3591
6444
9659
6079
6453
4282
8242
3283
403
2934
278
117
3670
2366
1588
1857
2050
9117
4895
8372
5379
990
4249
8402
1255
3259
7809
8980
5110
9700
5001
6889
4254
5484
7010
7837
2736
4428
6790
1255
2721
9787
8578
5244
782
2773
6990
1697
1583
7111
8667
9213
6406
7837
488
5485
6549
2131
7232
1025
8025
9576
5011
4852
3110
7681
6335
330
4000
506
9819
3378
8628
9334
4145
954
9537
9495
646
6161
8791
809
9223
5527
1818
8233
4257
8209
4434
3412
3420
3817
9138
8074
2517
1827
6434
3345
9847
3482
4220
6421
6517
6136
8336
5309
9399
9476
452
1145
7247
9414
1900
5655
5239
4038
7025
309
9864
5171
5937
9025
1033
1919
4692
5341
978
3415
5670
2718
1740
4417
6469
6051
3288
4942
9193
7218
5048
6991
9178
9662
9214
1955
7747
8533
6095
286
8210
8838
435
5798
568
7632
6124
6679
5683
597
0
1734
3157
4093
5732
8355
2593
9943
1063
3591
1474
890
6153
2077
984
7418
166
989
8304
1238
6419
8867
2350
8014
2836
4303
2362
7314
3319
8853
1476
3734
7825
7252
4853
4578
9298
1764
9124
9381
1351
6408
209
6873
1357
8100
9841
1729
3597
4600
519
1984
6360
2249
1036
9683
1440
1825
8410
1630
8848
3629
6234
8197
4537
2389
5384
4960
4554
8648
8016
9890
7820
1253
2024
5939
6039
7958
6778
5896
8820
7527
2924
1092
353
9989
7037
8265
1850
353
3198
7191
7450
8675
9050
8469
6973
8699
2676
7229
5841
9091
2828
208
8505
7105
8973
2443
269
1961
3654
2370
8482
9806
6499
3785
4449
2057
9255
8546
759
4834
9064
2848
537
4459
2423
3306
7985
8653
9627
6187
4889
8233
7689
8006
4243
625
8322
3846
9858
2399
6201
3268
7801
659
4319
1746
9310
7978
3949
4644
5771
4233
9901
4062
1889
9609
1606
56
5657
9101
5234
3727
8104
207
2797
245
7037
8232
2844
8088
3163
5022
728
5712
9966
6183
6150
834
5404
4668
9876
9938
6761
4553
850
4277
134
9361
9594
7300
4040
5695
9117
6380
5073
6151
9052
4627
6413
810
6256
9013
5450
5448
9142
1004
6100
8656
6410
4878
9405
7379
9711
1952
4502
2567
7577
2425
3229
9864
1223
7761
323
8184
5616
7160
7431
8950
25
403
164
2045
6448
465
8197
1411
3992
7547
6657
8690
6273
2906
6326
4628
7139
2675
5414
3271
9799
3789
2424
288
2914
7779
8925
171
8463
805
8833
8529
7672
7561
5929
8562
1041
9375
6767
3714
2769
7730
9270
3584
9949
3274
2972
5537
4819
174
8044
1820
1680
6998
8365
1614
5038
6927
2843
7997
5022
3320
8096
9274
3614
7018
5262
9120
2614
8468
315
3833
8581
2211
9930
6655
9699
4065
6994
9279
4371
245
7565
9066
936
728
191
8630
2768
8776
289
8674
5696
1269
4409
5190
4974
3896
5832
1944
2613
660
4671
2123
1849
7092
1423
2882
7735
2148
2812
4099
1832
2060
4701
2518
9410
7479
3122
7788
6843
6402
4802
6813
6555
3472
5585
3658
7676
2633
714
8417
3169
5779
143
4430
4848
9561
9690
1758
493
5799
6782
5855
8645
200
9023
7252
2356
2471
8235
981
7283
7153
659
7090
7937
7996
250
5160
9709
7057
8377
2205
3822
8036
8653
2949
1743
68
1918
4694
3449
2334
44
6025
959
5276
8440
8727
9184
4203
3420
1523
669
7690
7288
2999
1816
5198
394
9606
2788
1346
9081
9200
1695
540
8511
4676
7817
4619
3616
7871
3711
5661
747
8403
4457
9052
7772
4484
9276
6488
1003
523
1308
2752
8981
5469
6082
6874
6900
6038
342
3138
4542
7503
3049
8543
3095
5743
1490
1953
948
5869
7747
7079
173
1619
1959
6397
6094
5038
5610
2962
8427
3826
3269
7847
9837
5338
1108
6996
9084
7998
2006
469
363
93
8033
7969
4475
8058
7423
9899
8397
867
4185
3169
8376
4811
7502
8082
9523
1082
5343
5085
191
1914
4411
7556
4132
962
530
4911
2631
4976
5513
2493
917
1071
5177
7270
1758
7240
2275
1083
6288
2629
2564
7055
1823
1009
1425
4879
2894
5163
5376
4252
6381
6745
2226
3162
6512
3320
8080
8241
8007
1410
1313
8640
2399
6473
9094
4561
5316
3679
9795
2407
2689
3928
5402
277
550
4615
8293
872
405
5206
3103
9284
9737
8961
4383
7661
9235
4513
5810
2012
4450
1638
5541
5185
8334
414
2380
8903
1282
1362
6802
2115
707
9584
4445
2630
4625
8355
5693
3346
3386
5214
3105
2617
5797
968
3909
2929
6673
6448
1884
7364
7131
5234
5702
2964
2310
8642
4367
6988
2730
5237
9316
1441
7339
4592
3762
855
117
9736
2349
6480
6097
2408
6186
9039
6055
9568
8009
3323
6864
6570
1778
6495
966
1945
2011
8046
5994
1882
8675
8436
1138
9997
526
1159
5005
1276
7966
2460
7076
9801
5354
8918
543
6007
8125
2314
2289
3519
7054
3198
3826
4595
1752
7295
5591
7822
5093
3410
607
1050
1260
1906
6412
2796
3491
936
172
1882
99
281
7028
3164
9287
1497
5528
7984
656
701
5801
4295
5449
2750
7067
7358
8305
4106
7106
5559
154
2772
2857
8869
4429
891
8958
6583
3800
2649
9133
4779
886
4882
1656
4916
6345
3436
8512
870
390
8477
7010
1774
2540
4128
6321
8191
7331
5458
6395
4247
3997
9065
7979
1344
7836
6547
315
5474
9664
8268
7220
2469
8586
1338
5332
6933
5651
9507
1706
2942
3618
7294
8880
5831
1886
8567
1702
1707
6416
7115
4215
1458
259
4931
9002
1038
4491
7502
7720
5201
9392
7239
9764
2252
2101
9270
1804
7411
9929
258
7195
1532
8122
9076
5304
8390
9616
6503
9918
6757
6029
8331
3801
7452
3855
5304
3114
6820
5520
4000
759
9512
2522
4781
3794
9635
5498
6442
1892
865
7712
510
9126
8995
5440
9571
5196
7614
5624
7892
2383
4803
3854
1636
2005
9944
8230
3756
2494
9749
8173
9964
7486
3148
4693
7795
9586
7119
4973
3722
2513
8405
1963
7258
5872
2343
4617
6142
6962
1733
330
2675
8427
9158
583
1387
9839
5596
9931
7281
1307
1782
7175
3863
9919
6431
2642
4524
247
6660
5345
9961
613
482
2479
4906
3725
8237
6537
5402
1373
3246
3321
631
7590
4244
9932
9364
2363
4635
5170
1213
9861
9930
9202
8437
3472
8198
3768
9932
2102
3860
8044
9181
4534
732
4703
3555
3265
5289
2308
3195
2113
8045
2985
5844
1733
4769
2817
67
813
5033
5472
6211
2223
6630
6226
3818
356
1158
3112
4839
9459
7606
2400
4968
5815
3111
1376
152
1983
9022
8718
9012
5682
3286
2607
6910
5148
1264
2922
6715
5834
762
4360
3624
9246
1102
6587
4922
3263
7601
9496
8066
4641
604
5602
2590
9500
7671
596
2573
6619
3201
443
5467
2484
44
7454
9178
1919
6502
203
7890
4708
6770
1375
3743
4918
6101
4801
3992
326
2828
6251
5984
2533
3482
8662
7381
3689
2080
6722
1158
9179
165
3791
4898
1995
8373
1034
8011
1153
4614
6599
9338
8065
3573
776
7020
954
1887
4631
1193
3051
3516
278
485
3090
4389
2928
4607
547
7318
9563
5064
9009
8479
3677
1982
8988
7268
8696
9622
3111
7445
628
4663
2212
6679
6631
9123
3775
8417
4547
8465
1892
2035
2060
6245
941
3905
9908
8194
1964
1005
3590
4182
3026
3234
1195
3475
3834
2317
1340
9277
6980
3606
3236
4831
4593
4813
6241
3416
2424
2863
6440
5892
9380
6535
2114
869
7674
3697
7862
2816
6554
7610
3668
8580
1185
8131
8875
6660
3048
1092
4712
9782
4830
4766
3485
1012
5949
7433
1705
4576
8059
9004
4841
7813
9007
3450
8523
5272
3917
7785
8186
1197
8720
8047
811
9046
8211
6693
3027
1286
1085
7981
6803
2868
3686
9232
6433
6379
4522
2000
2660
2462
6009
188
3995
8745
3561
5650
3483
1539
5865
3774
452
9375
8114
2513
814
9617
6108
6077
9173
6686
602
5948
2830
1676
4611
881
1669
7464
7918
534
3509
6055
6025
5924
2723
7972
9206
4898
119
5480
659
468
7927
1624
2932
132
2898
9448
6447
4606
5382
6717
6692
4902
4687
6145
8135
9972
5933
7295
5244
1327
4400
3181
3069
9336
9843
4074
9834
4541
9250
4909
5390
2750
2825
653
1834
3468
3946
9375
9921
4605
714
970
5120
1581
5018
5031
2231
4718
1789
803
8663
6432
8714
8550
890
11
1040
1774
2698
9097
2656
6261
5903
833
8380
2050
5113
9982
987
7819
134
5310
7781
7432
9792
3350
8833
2594
982
2035
5929
122
9830
4171
8758
1094
8980
546
8046
3190
4313
2424
1014
7749
858
2432
6070
9403
9076
2812
8328
5023
1953
6612
3131
346
1674
7973
2218
5558
4153
1878
4341
4982
7482
8373
6089
7855
8526
1184
4801
6932
6699
9024
3608
47
3011
7424
4249
4619
6030
5803
9285
5695
2343
7347
4576
7909
577
3774
6809
4744
8276
1451
4404
1116
3576
4515
3814
7191
3644
1674
8636
2429
5780
2164
6489
6217
9405
7188
3690
1623
6541
7040
9863
4576
2924
768
4456
5964
25
7542
1489
8731
523
1367
8444
8351
6117
4343
7042
9457
1604
7699
197
7636
9992
5128
4173
6455
9597
1969
5485
4307
5525
8253
3377
6756
3251
1855
791
3301
4310
3631
2438
3268
4913
7086
6911
8469
1331
5527
6255
7826
1032
4528
1215
4671
6587
2944
9784
5595
7382
8330
3142
6099
7784
1112
9736
2689
6769
995
9776
1314
6733
5534
2285
5286
5899
3123
4787
992
9848
4501
9780
2124
61
644
9133
5184
6386
8047
2383
2875
557
4628
8809
1083
9403
9251
6607
779
1946
5729
7113
6905
3552
408
5721
9013
7116
7259
6794
6853
9511
6918
8226
5509
7862
2244
1349
3660
9743
6555
854
9850
4182
1171
8281
3902
5619
5428
3482
6420
4321
9804
4324
683
2901
8639
5295
469
3609
6441
1241
2823
4900
3183
4384
9568
9768
420
3721
1399
2856
4823
9696
1389
9172
7450
140
7697
7379
8061
206
386
91
4889
6614
8543
4815
9336
6242
7578
7718
8225
5380
4636
3492
4291
3327
8738
4023
8391
3166
180
1632
9191
6657
2246
2508
2173
6373
4344
7215
7364
286
136
6956
3243
3011
8408
9874
8024
7847
2313
6422
7561
3983
1814
9465
8165
2437
6670
3879
4945
6280
6617
4011
735
9566
235
8306
8737
7127
5559
1787
7339
1503
2235
6503
7511
6159
9401
1666
4721
3968
6693
5054
3570
5790
1194
9561
1019
3525
2856
7675
2519
1227
2664
926
4963
7834
5920
5913
7834
599
9009
219
5480
228
6749
1153
8768
7230
4567
1508
713
8212
7171
1778
3571
2229
2156
231
9895
3924
8500
1559
2429
4715
9398
1931
8279
8569
6199
1574
5627
3402
6107
9107
8334
2225
8292
5341
875
4948
7638
3338
5698
20
38
8181
1678
4952
6896
7783
9423
9685
1703
7489
3798
5884
8839
9480
8575
4528
7126
9005
5416
7010
2233
8728
7472
3515
3508
7616
2955
4325
1593
874
1746
1894
8050
3468
871
6586
2409
7933
1638
5037
3780
2923
2343
690
2686
7048
7999
6802
608
6241
9334
3748
2159
4156
7812
3125
3439
5214
3717
5861
6806
3175
7628
4702
9963
3947
1539
3825
3052
1181
4480
3007
2063
393
1091
1440
8160
4015
6203
2052
7642
4103
7305
8852
1553
2997
6205
7796
5051
7659
9308
3511
3551
581
9139
5999
1973
1397
9957
207
3741
8411
2416
3247
2076
9585
14
6828
8993
4401
9416
825
838
2691
5908
8422
6514
726
2383
1275
331
3786
7605
7713
7881
2712
6973
9149
6789
2271
6642
3002
2912
5964
2220
3730
7136
1173
6654
5224
1637
3298
2696
2181
4426
3272
8156
8990
5415
5475
7597
4622
84
496
8740
3525
3623
6836
8813
4509
958
4957
302
7076
4361
1875
1687
6939
2734
5065
4836
4010
9328
7158
7200
4941
7193
7259
6004
6495
3364
7601
893
8402
2472
464
1116
3833
6799
6542
2630
7890
7941
450
3420
162
4251
7940
7157
8046
1050
8387
2503
276
2437
3538
8740
1589
5608
6800
5537
2415
8157
2338
4018
9530
4493
1455
9201
3071
755
7945
7726
16
380
8387
608
9576
7819
243
5866
5008
3897
6229
1273
9451
9257
9289
8521
559
6234
6234
5702
8353
1429
9132
7744
11
4550
6481
328
5196
72
9032
6280
5148
825
2963
607
7626
6781
9972
618
8629
2270
3907
4174
1651
8480
9150
4481
6721
5619
8814
9848
4136
4130
3106
2107
9384
8904
154
7045
3940
9778
8305
9688
6233
3535
7736
6333
4956
5621
8235
5769
1968
9613
3747
4299
9472
7774
903
1041
4703
3127
8751
3515
3561
2598
4967
6295
6
7334
6701
2939
2715
501
2903
5538
44
147
4900
461
8802
214
4813
3643
2421
9931
8903
675
8230
2983
3624
5806
2300
6651
2179
434
6217
6262
1298
7992
9687
9972
1471
9423
9637
820
4271
314
1544
1832
3451
4
128
1813
780
2260
6664
2442
9827
5883
2105
4366
7219
202
4844
5858
4380
5729
2490
533
4212
1298
9874
7942
5987
8820
7605
9204
7771
4372
3778
3554
3586
9941
265
662
3438
792
6638
3664
4252
7367
4493
6168
9405
1547
2484
1024
5934
9085
6545
6601
9522
7881
6584
8817
4606
6527
1265
4905
5377
5603
9693
8469
7405
6917
8195
7549
4038
3627
971
7921
5094
5898
741
5113
8555
4579
1943
6697
1486
8889
2354
8436
625
6705
8784
8456
4724
7715
8204
7623
1363
1597
2189
7126
192
5511
5568
3358
3352
7569
5682
6223
8357
7736
3207
4932
5056
5239
2137
9058
7424
2570
2289
5755
3716
510
6811
5087
5880
4869
2441
3298
1079
4134
8807
5864
9070
3632
3190
1020
985
350
3975
4400
9900
8534
7749
7935
2880
3100
7103
4590
296
4260
9713
3121
2254
6405
9055
3419
9711
2568
5806
6909
1776
416
2878
4607
8588
8851
2663
9932
8747
8758
718
6071
9376
808
9029
4492
8847
7797
7117
5970
5209
9722
6840
668
4645
6856
4223
862
557
9585
4301
4109
8402
1104
6614
1151
2605
5493
5720
3842
8852
7950
8844
2041
1269
6929
761
512
3041
469
86
7504
8488
1185
9289
1774
7517
6556
6320
270
565
9044
9659
7158
6866
6970
532
6605
9718
2666
6013
4722
9687
8616
5717
9128
4862
8390
3014
9055
7739
3794
2766
9678
3016
380
3207
1420
328
6165
757
1951
8284
2243
3180
6987
9554
2354
1292
6380
2971
8709
3178
1055
5591
2633
2492
5418
1440
4106
8112
60
9375
670
4137
1231
9726
2432
40
3386
6651
3560
3171
5971
3382
8789
5572
7682
7384
764
4929
9760
5936
9978
6659
8462
7739
1029
5205
1298
1230
9713
5339
5165
9971
2319
1436
2360
8126
3360
8318
6236
8411
5735
9245
7264
8630
6732
9207
3437
1399
5644
2151
8542
8488
8878
6268
8387
5492
9617
4261
2453
2989
4833
1547
1316
1466
4216
2683
8971
5676
3969
7694
7333
9627
5511
9255
1017
8017
5372
841
5361
5491
455
8082
2361
2600
7172
6152
6418
4279
2351
8479
2982
2513
1451
2452
2438
5048
5085
1992
895
8907
870
3644
2811
6767
1469
6198
3699
8347
7130
3102
3330
4896
8383
7719
6053
8771
3010
1037
431
8409
3301
119
7081
142
5686
1593
5302
1633
2657
8682
4661
9871
4836
4412
7456
3067
1051
2285
8833
6279
6666
8329
387
1474
6089
7722
742
4238
6057
333
9309
8764
6213
2834
7074
6247
7828
800
9674
857
5450
4562
7538
9614
62
4034
4200
8643
2183
9153
167
3194
5423
2944
4218
2750
1545
6494
3441
2765
2575
4526
5137
8022
4708
9523
6
4768
8729
3035
3732
9461
4827
438
2619
746
8745
5842
7993
2684
4531
9013
665
1976
7070
7813
9145
5974
4964
1671
6729
5267
8728
4962
3263
4394
3591
2303
9768
7567
7866
1216
5529
888
6600
3626
6787
8808
4808
7456
1157
8728
1989
6813
2412
1620
4714
9150
6149
9728
7468
7657
2354
1205
1943
382
9355
1132
6192
1433
1308
2230
2458
2113
7837
6166
5877
9136
4463
6379
4832
7199
5841
2029
7503
9822
7746
931
5368
6349
7185
7583
7447
1385
3153
679
7809
502
7160
4561
3909
6358
5911
8810
6382
3523
2803
467
5910
6479
7746
5976
7189
8357
1601
7294
9127
9035
6978
4761
6187
9415
1859
6727
4647
1899
8889
9180
8665
7278
6908
2331
697
6649
3963
2846
5546
2874
7169
947
1823
9176
4223
2051
4730
1204
6425
8511
9359
3417
7069
8265
4312
6032
9469
8652
1010
6274
2174
3993
9492
2282
6169
5744
703
9526
3391
5431
8593
3690
1881
2154
5892
9905
9293
5423
1091
9234
188
9972
4765
2443
4329
9240
1314
2812
1524
2915
7354
306
1956
1362
1029
2702
1364
8643
7341
1058
980
505
4071
6199
384
4476
7577
7534
7085
6817
2437
8689
2368
3154
1588
5941
8073
7529
3822
2543
9628
254
5173
0
2624
5306
1953
8862
3616
5784
1718
9216
320
9191
8338
6613
6841
3806
9570
5058
8741
3773
6468
9462
551
4667
1767
9532
6401
754
3343
1965
2073
6083
9557
3359
5141
5446
9227
2253
2419
9667
9805
4388
1685
422
8035
1624
3978
5187
6019
9569
6328
182
4979
6597
1189
6549
6588
8307
1189
8868
2394
2841
9326
4277
64
2979
151
9178
216
5905
1887
8600
5448
7155
2186
6842
2624
5092
9781
5791
8528
4064
2475
9329
5575
7746
6688
3027
3558
1519
602
8694
4162
2617
8352
4856
825
4353
2299
9209
5676
9852
6713
9579
1034
1632
2448
1462
6765
4540
1247
6470
3389
210
5648
8610
1395
4881
3914
441
5513
4563
9059
7274
4956
8367
2995
1152
3187
5916
36
4504
6394
4484
581
7937
9543
7152
8973
1487
8157
6198
5100
3580
6591
4027
4669
4108
5532
6422
680
1067
3768
3859
6485
2501
1132
4929
6027
7217
7604
217
5830
8475
3414
7915
1574
7213
1554
1734
5732
185
6309
2548
3792
197
8296
3344
9813
2260
2517
3621
126
5501
9849
7268
5955
2570
3269
9025
4427
3776
9807
2363
917
4229
2725
4070
5586
259
6337
3895
8729
3095
2168
315
9294
3142
5101
2756
3277
9614
851
4785
368
3412
5039
6329
4272
815
5771
276
921
9951
2711
7702
3158
6939
4603
8441
3067
8935
3303
5430
1697
9582
2203
1775
4059
8450
2578
9420
7864
3325
6249
2688
3810
4738
4734
2279
2707
4901
8308
1855
6983
6116
7890
3135
4028
7041
7291
2664
3653
317
9432
4295
1919
3442
9825
2036
3419
9005
1132
9995
5162
8806
6876
3460
4423
6557
6970
6721
7949
5059
5249
8020
8329
3586
4787
490
6827
2314
2633
2311
7910
2441
9768
5759
1783
4950
8559
7758
6914
2507
2141
5718
7351
5404
7407
1507
9284
3096
471
3244
8772
7483
8024
9544
5653
6253
9374
7049
7799
9851
4283
4314
6001
3984
2939
1761
4109
6687
2425
3729
8355
5120
9178
4976
1204
7349
2375
1311
9965
5879
4857
43
3723
5010
9117
6830
5949
2713
4199
1795
2805
9736
9618
9493
5241
516
4341
4082
4966
6209
4546
9937
5764
7344
2344
6717
1252
2850
7528
6077
3461
4446
9556
9026
9927
6619
611
8220
5447
2219
1522
6217
8920
8484
5188
4715
115
1179
7994
5717
5797
2495
8382
8258
1799
160
6601
418
2315
8346
4805
4337
9458
4370
4876
4038
1290
555
4511
4229
1365
6405
9731
593
2405
7028
1269
9218
227
4760
526
1470
2094
190
2594
7063
2305
4210
4307
4306
6733
79
5586
5967
5366
8549
1781
9210
3098
2630
2196
1436
4331
7805
6366
494
9710
3867
8184
3260
3420
6879
4773
6754
1382
7490
5954
8022
8053
204
3496
17
6367
9878
2836
2651
9334
3229
6531
8322
3306
8143
1063
1495
8687
3062
9015
517
4169
8174
802
7422
484
6709
5636
196
9504
3838
7521
5409
2713
3297
5774
916
2948
35
7871
9513
8454
1629
6731
1459
3055
8987
3819
4248
4387
228
8354
6361
5465
897
7495
4109
2317
6684
9885
3513
2704
199
3347
2206
7791
4101
7255
7919
1441
9801
7094
6605
7641
7017
5071
7264
1996
1662
9685
9620
8684
5355
1635
7903
5859
7576
2809
6987
5980
9738
1061
1540
2474
8320
1149
463
972
6380
7353
2500
5272
2621
5934
8986
68
7861
8004
6142
4597
6827
9
912
9278
9520
4798
3194
4602
5510
6367
5469
4020
7889
6560
6825
6195
4334
6915
345
2372
1499
3319
9913
2815
1458
6394
5590
28
8773
9406
2704
4094
6119
1194
7806
4541
1493
439
1694
8162
6288
875
3351
4571
6471
2387
8973
1486
4997
5960
608
3242
5780
3444
3362
1273
5805
3694
2211
9234
9070
8354
8219
124
502
284
6195
2636
8960
4402
3968
7823
2665
9201
4381
4723
7823
7520
9363
9999
9209
4849
5992
4484
1917
8854
4610
4395
3010
3824
5990
6509
643
9058
8658
1169
8587
5972
5827
8400
3747
9171
4131
6613
8102
2326
5634
7377
4398
1356
4272
9387
2173
5185
4293
6660
2473
6656
3789
6775
468
2753
1316
9823
5335
4915
3689
2708
2971
7797
8546
9245
9940
4943
9708
2793
7003
6350
9580
5961
1206
4284
8903
245
6598
9085
4811
1583
8252
8037
5640
5636
4024
3048
863
3742
2576
250
2213
8150
5466
3477
9763
6119
2487
2904
1534
8078
315
4028
6782
2494
509
9698
7933
4881
7479
5576
1885
1880
5114
8667
6710
947
7922
9431
2524
44
977
7929
3305
7373
3179
3477
5932
4306
8686
3619
8365
6073
1835
8068
811
4598
3957
9971
7909
931
1221
4343
4529
9301
2136
3909
2764
329
7574
9858
7007
8205
8431
1974
7354
876
8899
7371
2543
1169
9230
3845
5998
8141
9871
9900
1097
7603
6036
6564
5219
1520
1044
3790
1018
1944
1736
8359
4317
2299
7399
9198
1323
8375
1580
1443
843
455
6918
4731
1778
5497
2124
8448
8388
7726
2443
6549
810
7370
6029
1383
9564
6491
2136
4687
1339
1174
4800
6421
6845
6172
9593
8414
7414
6652
4734
3910
4032
1043
5863
4152
7031
2974
8859
9945
6116
1168
6770
2997
2563
2799
9268
3234
1235
6664
9572
4625
9321
6515
9651
3555
1137
6545
2690
1895
5843
9473
5448
209
1342
2707
5083
6823
4387
7716
895
4901
5777
6024
6888
8992
88
2693
3390
919
124
1739
4092
6150
9784
3874
1429
3285
9132
9965
3620
2861
7333
3818
6717
2426
5576
2875
1814
8219
971
9934
1788
8886
6847
472
2035
393
5965
5969
3869
1436
3260
5001
4166
7474
7133
809
6266
4623
4371
4419
1460
3395
4786
987
6916
4915
1203
8719
6363
4345
2001
4258
694
9122
1235
230
9381
7813
7094
7031
6327
4004
1238
8021
3460
7818
6394
3354
9382
9973
7113
9946
8325
9853
4076
3751
8910
8562
7826
708
3487
1508
8378
9586
2465
8507
6656
6550
4834
1543
5271
4619
5407
818
4943
9332
1643
8146
2867
8954
1758
3451
5011
6771
7356
1824
1689
7636
1520
8202
953
9965
965
3473
6746
5138
8050
7335
7291
7131
3728
5540
9284
3937
8665
5660
6826
5928
4238
8173
574
4604
3428
6853
2915
2692
557
7536
3019
1236
9343
5854
7421
3022
9779
7555
1716
5208
5260
9912
7319
9065
4033
9584
8336
2252
4201
2741
3164
9559
9586
6192
7550
7446
7118
5223
8240
2448
203
1872
1031
1611
189
4420
5409
6044
1482
5263
8814
7398
1602
2644
2680
1988
409
494
4289
482
5187
9760
56
3268
5675
7870
7239
9626
4847
6421
43
2812
4571
5301
177
7647
9264
959
6410
9962
1777
249
7819
8754
4778
1486
3827
5968
3486
4226
761
3781
5435
7683
4050
4356
4076
7740
3900
2093
7707
4755
7322
6970
6289
5538
5261
4018
6235
4771
6379
4140
4794
3380
4942
2541
7944
857
2236
2306
7266
7969
5518
7177
2678
4593
6511
4074
7402
733
1411
3475
6726
1445
5489
2608
7840
7292
7327
8666
2818
2483
5064
2838
3706
660
8237
6574
5342
3819
6021
3661
9065
3934
3362
1028
8423
1806
5314
1034
217
5462
3502
4240
5013
4559
3939
2241
2269
4742
1786
7097
7722
645
998
3853
1109
4622
762
424
2833
8167
8500
2502
2041
3278
6906
5288
4578
2174
9343
1224
764
1066
5378
3239
2058
2134
5460
770
9403
7637
9924
7491
3045
2492
1016
4420
1134
3030
8874
5934
422
3793
5725
9823
2132
2533
9610
5370
1243
6181
3147
4569
3448
9582
2308
477
6491
5708
4841
7990
800
124
879
7358
5337
4236
4499
4831
1337
5775
1105
8517
6160
5148
3443
8542
3950
7462
7638
3166
8438
5639
8858
1743
2945
4581
3238
8614
3691
9750
261
1153
5614
9424
6881
7084
1625
9865
4842
2019
5500
7069
2979
2561
2995
3086
1146
3510
8380
4022
1282
8712
1831
1528
7327
8353
8250
5204
2333
5158
94
6905
2124
5063
3561
68
2732
6114
1176
8295
4834
1666
4313
5957
6884
8565
9571
3562
2839
3500
2642
1208
6018
7147
5107
3084
6654
4896
4712
8478
9052
7168
6008
1959
9139
6941
5846
7165
3013
9668
9405
6330
1022
5954
8741
4827
8952
2631
1396
3140
8541
6163
5844
5601
2314
2540
8092
1975
8043
6802
3166
9608
1689
170
3229
7045
7246
2342
4249
5919
3537
9845
4793
6678
2802
7815
5043
1650
9107
6729
4074
1232
7920
7663
6997
5092
7773
4303
3416
429
7163
9306
1778
7846
4039
3222
5762
968
5103
8550
4534
4893
8754
3627
673
6239
6163
9059
5992
5759
5288
2144
554
82
7493
3524
154
3366
8033
4248
8922
8914
4722
1580
2150
4107
2698
7385
6282
4354
2173
5506
7888
9995
8829
8904
9210
5929
5668
3260
8344
7221
3805
1120
439
9726
2528
9559
4966
9914
9048
4219
9430
8842
787
9229
9902
7563
2085
4806
6520
8937
9833
8668
1404
446
2661
6593
6454
7128
8265
6966
150
4473
5492
7084
2373
1512
6291
3067
5183
8101
1783
7195
737
5641
2786
624
5999
2347
9150
1203
8930
5359
3337
2122
1053
4522
9632
7002
6091
5889
55
259
679
1774
4355
2954
1320
3892
3876
6948
3382
8762
179
6269
2013
1315
7251
9849
8893
5935
9575
2610
1323
6058
3024
6448
8169
1746
8369
6870
6012
3078
1233
6601
9231
4921
3084
3676
2436
2310
7143
5846
4722
1854
8686
1557
1264
5740
5244
5244
1884
8458
2597
6472
9144
5725
147
1296
8545
3226
7628
2555
9934
3916
2924
1883
210
6910
9988
3079
781
8530
2351
6966
437
7284
2269
4167
6604
7321
2462
6318
5887
7473
7324
6057
1659
4139
1829
8144
1404
1960
2564
1995
8323
8983
5963
189
3571
5376
9279
4958
5864
5948
7024
9399
8596
1905
436
1622
5063
5084
7631
6386
5659
6231
1440
1912
2138
6586
9819
7875
1788
6685
2174
9179
8704
1916
5219
3236
9510
7283
9937
7655
1895
9752
2335
5293
962
8521
1031
4120
6260
3914
4498
8988
4003
3889
8581
4890
8295
4749
8376
3950
7414
1248
8351
5630
9994
8445
327
2867
8657
5388
6174
4628
4896
6715
4719
8717
5221
2815
7241
5759
6440
152
3180
1793
4156
8274
2687
8916
5784
6263
416
1220
8141
1154
9
8858
8916
1439
6555
5470
150
2895
3770
2986
6198
4423
7477
826
4382
1351
6944
1199
901
9512
3232
5219
7322
8703
5490
5319
4784
30
8328
3161
8822
4698
2225
657
7618
5271
4788
3913
8745
5295
7065
9085
6573
8257
6196
2728
6836
1270
8095
1886
8673
3615
2418
3144
8385
1483
9218
8682
4100
2069
1155
5697
309
3033
2331
7784
792
3479
8933
4233
880
2288
2767
3840
6762
2398
1456
9371
1817
8096
8217
6622
5582
466
8151
6436
8660
3579
2562
3424
4710
1728
9286
4720
8430
4006
6555
4243
218
3188
5155
7953
2332
4055
639
1337
5791
7632
766
8984
8354
4552
4531
1973
9570
3667
3682
458
7640
8018
7016
8252
1771
6547
9972
4923
5588
2227
1733
533
701
8099
6769
5509
7684
5848
319
2810
6770
5084
6017
4738
4914
5603
5474
7701
6160
4776
5208
7165
960
9349
374
5827
3368
8417
8465
5029
2219
1828
269
6403
723
7414
8131
3546
5834
5174
2177
8392
4805
263
7342
2781
6302
8964
5432
274
3468
7779
5484
6580
8177
9896
6017
4873
9472
1104
5650
3267
8041
7486
3814
4082
8962
5107
7022
1427
6499
7174
1482
8694
766
8563
6264
606
2074
1967
2890
6946
7499
5082
8355
4864
5951
2413
7342
3041
4951
2707
2922
4904
5984
692
326
5955
1997
4301
4133
2564
7235
5419
7678
7930
6224
9333
9715
4616
9497
1066
2604
2359
4959
8320
9792
8823
1853
8139
9167
5744
1025
4078
8158
8136
2276
9836
527
4621
7752
2807
4701
497
1437
9962
3313
6742
1408
3970
5108
8847
8160
8630
9298
5734
5550
7848
6327
3484
2768
9348
6873
8443
642
2997
3521
6503
4619
9175
5175
1843
2023
4727
2777
8719
6998
6214
7015
9407
6224
1756
3694
8423
5219
634
6464
7875
5419
1784
7981
3395
5676
5549
6976
5972
6079
5244
7063
1545
6503
8795
1728
9880
8031
6848
221
785
6626
1204
7188
5209
8886
6089
4854
6869
2549
5144
2906
9698
90
2642
5061
5121
3029
537
3799
5199
1274
7911
2517
2931
4220
9932
8991
6321
818
165
2110
6059
4484
3239
6108
2423
5716
2092
4207
6268
8059
5476
5331
5046
2207
8124
4995
1689
4158
3084
3812
7426
2745
7594
1935
4232
2720
333
4936
8578
5622
796
7679
9266
1665
7188
8259
6479
2208
968
766
464
5257
7683
577
6916
4974
1385
6428
9055
1275
1195
650
7887
5359
9066
8407
8877
4149
4051
5071
9054
6494
2360
5925
265
684
9647
6492
5187
2557
8451
1558
4758
1570
2696
1046
4320
9723
3565
2660
4648
2450
9994
8748
4875
2912
3545
1635
1748
4303
8561
4120
5515
5374
9516
3091
7636
1642
9467
8653
7336
7743
928
4475
1217
1275
5640
