8419
9479
6973
939
306
462
6123
6643
6758
8449
1709
2071
6197
302
2638
1362
4564
2208
3154
9172
9837
6034
8524
1758
9119
8478
3049
825
8051
5236
252
8822
1990
8006
9783
2512
3463
1536
7906
9566
3679
6389
8844
6628
4600
8244
6315
473
9020
1657
5025
1444
6971
416
3485
9903
1960
6837
3531
4654
8593
3303
4377
8793
3737
299
5959
4196
8707
4940
6187
528
6557
3903
7406
4858
8743
7621
998
2913
5486
4858
2432
2261
5514
8075
8249
3899
3024
4693
3082
3917
6133
4263
1246
8046
2912
3481
706
5755
1817
5206
4088
9757
8500
7125
9687
5163
5333
8502
6882
7565
5231
775
6003
9579
7229
4918
2116
1171
2315
4993
9402
9978
1810
3417
527
3834
6158
9093
3962
5337
5150
4163
4365
3162
4008
873
5547
4957
9302
1866
6308
8321
6305
1972
7598
4506
7000
5926
7986
8941
2173
5310
8640
953
2316
6752
7519
5520
4201
3987
4309
322
8005
9478
9439
4442
6668
6448
2271
8114
6415
309
5487
3714
89
6404
2982
8790
9232
6813
1638
957
6985
8720
830
7117
1640
5329
8371
3668
2691
103
3222
1370
9986
9619
8402
18
870
5518
2741
3791
9667
748
5897
4564
5611
3340
8461
1827
4376
8817
228
3238
7957
5339
3754
6828
8457
2702
8703
8188
1874
5765
5025
1493
1626
4607
3082
5638
1497
2871
4147
1129
5766
7297
2003
8074
6171
5488
4265
5365
3764
8981
8610
8893
1235
6210
9863
1817
1684
2365
2182
3706
6632
3152
8139
3607
1520
1421
266
8505
5880
1614
412
4371
2573
5338
6084
4536
9405
2676
1757
3136
793
2494
1090
5718
1913
5275
8105
297
8972
7409
2509
4946
9946
5405
9318
6885
1673
2369
1095
2976
1720
2648
5156
1168
8508
5627
2894
8595
7636
5260
8333
9129
5003
9839
8440
4499
1385
984
2340
4974
1478
207
4407
6633
2269
9088
8
2401
5704
9999
261
5294
3870
9417
8383
3062
9269
3366
9670
2303
7206
4491
1693
6322
748
5868
1162
6587
9768
2222
9244
637
6165
6074
7209
4210
7827
4397
8515
7584
8914
2268
3319
1079
8716
6805
7346
7383
7343
1793
9631
1791
6325
3686
5313
4880
3234
41
9882
6752
8842
3056
6454
3002
6269
2486
23
34
8736
7079
7949
1846
1209
2363
3810
4561
263
1792
1135
1337
2587
7071
8927
4792
8135
7169
7886
6215
4673
475
3773
9654
7347
3684
6549
8073
8227
8503
6916
6861
8746
931
3497
6424
948
5136
6601
5965
5571
2717
2156
9263
79
5941
8967
4477
2414
8128
7606
1228
2268
5509
5158
9154
5047
5484
8572
6414
4186
1761
8150
8438
7492
4582
7356
5400
7172
8320
9281
6194
2836
1249
8620
9372
5391
86
8558
4275
7903
5318
4079
3345
3623
9899
2266
8264
4554
6045
2561
8750
9095
8249
478
225
6274
2625
296
7291
8175
2926
3422
8705
9773
6608
7571
2854
9949
7846
3174
7117
5982
7608
6828
3035
8567
5953
5341
8427
8272
59
2680
9307
9725
3299
7283
4515
6103
9163
9939
2406
2921
4910
9300
6801
6276
4254
1637
2320
5472
4409
6868
9184
4959
6554
6017
4543
7455
6460
1842
3087
4045
3833
4179
490
2864
1841
343
144
9977
1094
5663
6171
8917
6836
2374
4595
9516
9662
1719
8974
6841
9347
4843
95
4902
464
4371
1135
9540
1615
7710
4105
1332
2973
8023
6111
853
5161
9679
1195
7546
3943
7522
9184
5655
5397
392
8798
4824
85
7179
1140
8526
1817
4192
4767
5655
5549
7524
2705
8633
5166
8660
3533
4330
1785
8521
4191
4527
4334
5982
7593
5648
4610
4495
1335
6260
9876
6848
5940
6446
9639
903
8549
8499
1214
5303
772
1878
7623
8410
1063
850
4430
7546
8110
8324
8690
6732
5612
7971
5572
6521
93
7709
3947
3098
9142
5647
7285
5184
9593
7712
3320
1982
9879
1226
9959
5891
3840
3975
1824
1015
1927
8580
466
3506
3713
5684
3227
1476
5052
2564
3072
8228
7163
9958
854
872
5263
2300
8572
6397
4802
5555
8812
4084
6173
2634
103
1241
6042
1453
4781
5345
3779
3826
1182
2720
3465
5103
138
581
6817
9190
2132
8722
1801
975
662
2795
6632
9392
430
7514
2499
4571
8166
3341
9147
6964
8290
717
5748
3118
4674
9995
9905
2369
7430
6361
2971
8713
321
9859
1201
5150
1415
2760
2808
748
6928
9
1251
8575
5598
9004
6671
3404
5515
973
9157
8190
1836
4946
8515
3340
9266
4986
8932
3652
9199
9201
2042
550
1701
5842
7502
1119
4650
3914
7087
5905
2920
6869
3478
2987
6881
4695
7738
2698
5471
4489
2511
3452
1401
221
2458
2460
8194
1392
4079
1487
9388
956
843
1146
6970
8135
6750
926
9731
7083
9904
