2338
6706
736
1525
4678
4159
3680
5970
1984
1027
1489
4594
6372
8801
668
2714
9118
6259
154
9092
3211
8819
9623
9260
8314
4246
5049
4907
5277
2101
1690
6125
1225
8618
1825
4561
9101
6227
4176
4013
6864
5702
662
2203
5475
9570
2099
5907
133
5277
3676
2358
5381
7871
245
8309
8706
2986
5003
5484
4271
5509
7380
7583
482
579
221
3023
1307
7477
2851
4024
658
3481
7662
5018
1689
3628
7175
7155
945
7539
9803
9541
2408
5490
8471
1833
2719
1576
5907
9071
3578
4087
5979
2705
7681
7459
6360
9619
5956
4439
5838
7321
475
6958
1118
70
9226
7316
5004
3771
8196
874
2443
4724
4183
2096
7828
6731
2757
8402
6325
8984
707
7074
6678
2550
3241
2478
2678
2914
3578
3821
9829
4354
1454
3259
475
480
2203
6782
4245
8098
739
6565
3392
7304
5734
1052
5101
9345
2071
4558
6805
6201
2701
2600
5270
2131
3328
6646
6716
7119
4115
5628
8683
265
1857
1139
1127
4750
1423
8158
775
4683
497
7592
2110
1364
8633
2139
6073
477
1211
9263
6519
6873
2044
5166
7666
5708
1560
7552
4652
223
8946
8984
900
3824
6326
8362
1800
7059
3099
5959
6261
9898
484
3479
3881
652
9925
4993
3962
4469
2355
1066
4127
1753
7300
231
9804
4358
2310
7553
7915
5797
3115
3989
3557
4044
4994
356
4097
3940
6865
2094
5699
2034
5182
2758
2214
6389
8509
8674
1348
1691
5252
8401
4305
2927
6794
2345
1096
2227
9166
492
349
8550
1331
870
6978
8418
7113
4550
1717
8452
4103
2150
4102
6537
6196
5689
695
5954
5398
1201
6828
4148
9281
1465
3089
4350
5953
3093
5227
9784
7683
9589
6567
7204
2397
5296
6686
6932
7006
4226
3610
5192
4480
6884
386
769
5802
6485
9777
8183
5890
4274
3253
8148
1584
4263
1716
8731
8637
1650
3528
4808
8842
3856
859
2070
4717
6262
9998
2311
9831
3470
307
4563
6449
860
8522
4048
6580
252
5848
5897
1159
5259
7876
9135
7667
6206
6316
2825
1315
3378
7476
8489
9495
3921
9182
5341
6584
5677
6933
3327
7078
7981
1619
2601
8796
1010
6835
728
4485
388
8065
2204
2696
1646
5149
5481
3615
8482
9070
4477
150
2794
8483
8446
686
5436
8869
9743
3889
5929
9416
4207
1760
2515
3872
8991
7911
457
912
7614
4354
9872
1806
6867
2394
3599
3187
9845
8888
9847
8734
2538
2010
8237
5736
4970
2147
3654
6946
3552
9916
1982
5866
2781
9816
2308
4717
2520
566
5782
4662
5494
3311
52
2725
98
9264
9107
4650
4905
1665
2721
8977
1492
6499
80
1336
8787
6553
8418
4298
3955
7965
5919
3952
6348
2964
4773
2206
6617
8891
5212
4041
7572
3088
6292
6600
3581
9902
8030
5880
423
7488
1413
5273
6944
7318
9575
7254
1083
5237
9379
4914
7740
7945
1425
8733
1823
4118
1528
2263
6661
4524
2832
5403
7564
8361
5573
8716
3513
1944
9700
8686
7269
4087
6181
5835
5809
6534
7717
406
5064
6491
2447
3548
7488
1203
7191
3558
7259
1555
8003
2171
6688
3868
3718
6403
3746
3997
8122
7286
2762
3154
5768
2978
7365
459
5655
8524
1148
4535
1104
1310
1660
9919
3882
4014
626
1087
2022
2703
2101
5647
4313
4480
8687
896
2513
1507
9017
2913
3958
3689
6802
7969
3903
5816
3420
239
3326
5310
1572
8302
3209
3679
284
6900
6438
5066
7638
6466
4274
8523
5295
1629
1822
3961
3989
2826
918
7487
2455
953
511
7704
536
616
3085
7651
7167
2969
5230
3671
3534
7246
7255
7615
9276
8048
6808
3958
8545
6254
8526
4126
1198
2115
7334
2410
5495
4160
2393
2460
9454
617
4328
4025
1709
3932
5157
9464
1968
5195
6043
1065
1836
2779
6252
3602
1392
8661
5109
9605
3127
8793
239
6781
502
5763
2149
6503
2808
70
237
2190
4436
1812
2101
3758
4279
1920
812
4378
3124
7578
1082
7978
3845
5449
1116
7516
1692
7528
256
8826
3882
5879
6569
4140
8139
8402
4160
2420
9276
7198
7479
72
9307
3215
6603
2749
7434
8952
8054
8414
5119
1834
5773
3356
2042
6749
4893
1855
3171
2652
1853
315
1920
4346
4480
3086
1745
4771
217
6485
7224
174
139
6959
2728
8894
172
3945
1849
8
2518
2072
3044
3679
2794
3893
5697
6602
5169
9746
8443
3287
2560
859
4637
5960
8535
3160
2380
4604
3430
2446
6976
1881
1356
9254
543
1893
8526
8341
5256
2148
3793
5514
6377
5612
324
1239
8990
7412
8956
6103
4695
2411
1565
5645
9028
7557
7746
3549
7695
2031
2490
9236
2310
4036
9839
5089
3364
2136
3060
8215
1595
545
890
123
3281
7590
6207
360
3780
1088
1988
8866
5514
7277
8409
695
441
7731
9527
3713
9248
6625
4169
4681
4176
3281
5528
3238
1803
3178
7122
6226
6775
3986
198
6349
5503
2001
3231
9339
1543
9793
731
8344
2345
529
5334
444
1553
1896
9864
1226
6721
4118
6903
1330
4482
4886
9578
8342
5080
4096
2540
4922
9776
3180
5977
7940
4617
2881
184
7747
7244
4267
8565
9197
4697
3850
7162
160
4895
5767
601
9593
2648
1458
249
9171
9087
198
6970
1592
8223
5758
5654
9411
7657
4753
7239
8821
4385
7673
5103
7286
1430
4114
1159
1604
9036
6781
6984
9735
9256
740
240
1541
3223
5192
4609
9648
7227
1574
7212
7709
7235
4936
8069
9617
5094
2775
8803
7284
4476
3231
5110
7335
9673
123
5189
7777
6439
6175
5732
677
2463
1476
6431
7680
4083
7837
5765
6446
5547
1193
2003
92
154
8210
1499
40
4044
4898
4274
8244
4766
9765
9395
8314
6714
6793
6003
6585
6222
1
402
702
6024
4426
3754
2398
2176
1221
1688
399
1394
2755
3012
6854
2294
5599
4638
8411
2526
5204
487
2810
5579
9983
1481
8066
7004
2304
2532
3776
85
8970
1430
7062
7224
8442
8598
2564
834
4164
382
2936
7892
5176
3778
1378
4812
6692
4929
6320
8128
8979
7399
7801
407
8883
988
6053
3476
6932
4669
4649
4128
8029
5205
5585
2130
1992
3095
2373
2701
6189
11
2702
8278
9293
1731
6466
1921
8261
5192
5898
6039
7698
5926
7045
5382
8723
6577
7862
1077
6074
6002
4217
3138
9325
5730
1283
6059
1385
2385
7494
453
2870
9235
8131
5788
3733
6217
6650
5063
4501
567
9550
9095
5125
7575
4516
1228
9253
6490
8473
4756
9141
9142
5347
4641
9519
3184
1840
9414
2896
119
4411
782
1793
5243
2141
792
5684
2872
4111
6691
1338
3011
7502
5058
4577
143
3703
204
2171
7580
1250
2212
6586
5470
6972
2383
6791
3525
6316
167
6033
2702
823
3467
5571
4693
62
7264
7182
6021
6389
57
2534
1646
159
3214
7161
3442
3429
4588
3545
5580
1093
5817
1851
2877
6759
2418
1256
4853
3211
9011
8689
5418
430
4658
8175
7767
2524
6488
2520
6340
6767
4957
814
6894
165
8191
4017
7444
8127
142
7765
5613
6150
9048
7118
6984
1961
7676
9671
482
1729
1021
851
4590
4181
9701
9259
3492
6041
9971
2373
4793
8337
4083
9718
7878
9268
4856
2238
5864
7148
4776
9441
6787
2745
9508
1014
8723
6613
6898
6249
4065
8066
122
5611
2447
5904
2073
2745
2512
8555
3381
5146
5479
1552
4382
9777
4426
2064
3277
6547
2290
3246
9484
7794
7842
6978
8353
5656
3378
8672
4889
4111
5063
1122
4525
7789
6384
754
1859
574
6672
6324
7795
569
3811
7344
5380
4356
9646
9261
6515
1140
680
7257
8943
7100
1471
2373
4292
246
7880
797
4291
6512
2743
9590
3210
5390
5271
2640
4789
846
5222
5770
2912
9704
4544
3732
4391
3459
8039
1344
7533
805
7580
8322
6277
4211
3340
5959
9521
6710
6858
6481
5173
8687
7701
3184
9734
5841
9333
6221
964
5580
9480
3968
6641
9770
8787
6113
3165
3682
4999
8107
6240
443
5074
4876
7474
2138
607
5802
7659
7292
2347
6304
6002
8527
5557
8645
7892
602
6273
2477
4004
1933
7880
441
6649
9156
2624
2922
5064
6005
8340
9539
7534
1160
2752
4844
2682
9766
5259
4403
7958
1482
5088
349
672
9781
6411
8250
2137
3614
2589
7910
5417
3158
2188
3019
172
4424
8363
7684
8269
671
5665
813
1246
2883
5800
5654
7153
8571
2356
5174
2454
454
8413
8860
7858
421
939
8497
664
5408
7614
8249
9398
3832
2215
9577
6607
1148
6583
4674
5872
5446
4706
8491
4834
7181
1182
6157
9067
1821
7566
2199
9520
3395
2902
8370
2779
8002
1434
8479
3253
3764
6407
1213
961
3898
4526
7495
8357
5924
7032
9897
1045
4476
4923
4627
7166
5804
3720
7558
4300
1728
9725
7547
1176
5126
1870
403
9409
8434
1243
3145
21
30
6173
4708
6381
3439
1411
1704
4595
6674
3156
6748
2752
5125
8544
8295
8710
243
3768
7060
775
9895
8102
1860
8561
2786
3849
1186
6966
9031
7265
9761
2092
1987
8964
8674
6973
730
2907
6802
6796
4140
877
6048
7477
6359
9093
4204
9023
646
1154
6875
9762
4903
9147
7095
2239
2043
5085
7588
512
8630
9218
221
604
3318
6832
2252
599
7392
7323
7752
2596
8005
7368
5225
6904
9556
7599
6039
5373
3066
6251
9728
3103
4948
4434
5241
5942
3317
9964
9468
5697
1859
8178
5599
219
8683
564
3765
141
2341
8454
2894
6144
6098
5960
1994
2557
3713
7233
4043
5827
7810
7
2295
9283
9506
7134
5532
5275
7396
4987
4735
6926
4241
3651
4797
6493
8102
5589
9682
3364
3660
6720
952
2995
1877
1858
711
2743
8482
1039
5579
9829
7202
2874
6083
6242
6868
8739
3062
1618
8493
8909
2448
7659
4165
6538
4490
1397
6124
9446
4503
688
3867
9693
5754
5154
6628
9530
5109
8220
6059
8093
4525
3367
8782
935
5433
3968
2592
1621
4249
7342
3859
4663
5108
2364
3795
6716
6809
3527
176
1020
1511
7045
388
9377
3192
6192
1955
1715
9112
7582
3743
3695
1747
6910
7099
4579
9180
2081
6520
8184
3451
1763
4491
8269
9934
9797
8735
6636
7392
7528
6535
6875
3510
5175
7548
3345
4134
7329
628
6594
8627
7602
6292
7049
7123
3470
6476
5186
8625
3417
7072
449
7502
3686
7928
6818
7443
505
2045
494
3041
3483
7235
166
7130
2314
5654
8031
9448
1834
5725
4683
4122
5996
1516
272
6416
4026
4949
4487
9164
972
5054
1635
5048
8586
2957
5339
2662
7550
7952
6582
7874
4708
9194
4898
8996
8194
7944
9665
9218
9438
2833
9297
530
3857
4859
1239
8621
8486
1067
2759
6336
9774
6484
7234
7323
5779
3713
9900
6348
6039
9917
744
22
5512
3327
867
3594
7250
2740
5466
5016
6370
5957
3225
2527
3091
5463
1409
3712
4006
6449
4277
3777
354
4135
4562
2909
4822
6613
5128
7080
8583
1096
9369
465
59
1287
6780
2992
5104
5359
590
8126
9049
9195
8023
7956
4470
7426
6548
4492
608
2971
7014
6532
5390
4315
8967
9345
9318
5759
6084
3359
387
8213
5243
7831
2143
5973
2178
7433
7230
9821
4529
9065
2456
361
5742
6758
4336
5394
9716
6965
629
9357
1486
9788
6052
9780
8517
1547
6184
1170
7380
8341
3088
4312
1188
9915
3243
3181
233
8618
7442
9234
5960
4811
8513
242
2595
7912
8260
5336
2691
1295
4539
1452
1953
5806
7882
2358
1825
1422
8671
9123
3819
8221
4576
2084
1143
227
5248
3379
4884
7494
2206
7057
3397
985
4683
4875
8570
1071
1606
6827
7654
7502
8693
7435
7714
8030
6370
4404
573
6304
4031
3572
990
5147
2984
6078
4312
3138
532
156
616
2034
6535
8799
5246
2679
4327
7927
7094
8910
569
3342
9314
4581
7688
9422
406
1631
3137
9155
9775
6692
349
2251
2096
8245
1244
8314
8779
7580
3867
5146
9273
5873
305
6352
6470
3882
9052
5146
1724
5930
2947
4996
4458
4362
1367
7177
448
9350
5211
3431
3674
1870
6125
1275
4615
1868
4864
9004
2644
8533
1799
4100
1402
4232
9792
5592
7489
20
9291
7160
2751
807
8438
4594
2898
5008
1958
9281
4085
4710
436
4771
3026
6722
97
5241
4004
6694
1224
3511
9096
6113
5646
4955
4640
7051
8696
8378
6051
3690
8634
7990
21
2360
5031
828
5838
4923
2090
6281
393
5124
6112
7277
8843
4531
47
7720
9262
9671
7495
3472
6426
2452
4644
2469
6495
7517
7085
524
1201
4449
44
6375
9183
961
4922
9253
3746
8879
8471
486
6303
8595
3634
1879
2106
8279
6427
6300
7287
450
3731
5915
93
770
8252
6741
8890
4290
5363
7808
5885
4491
4870
1055
644
7207
163
7715
2722
9137
3743
2202
4172
1383
2720
726
2769
6161
1320
3433
2612
460
110
316
4199
5759
6730
5455
1574
5471
1565
8090
589
158
1051
7106
3702
9550
5142
8600
5651
9731
8472
3563
6548
4678
3517
3294
6374
6421
9530
3716
9721
5624
6526
3527
6076
3583
867
4616
5398
8840
2737
5808
195
4860
2352
2453
6090
265
4199
3785
3736
2922
1430
9741
6187
2098
7356
9442
6428
7351
8646
3328
7897
8075
9973
879
3806
359
7275
2178
4592
4912
577
4453
9173
539
1256
8267
5188
3900
3370
5466
117
5290
5292
9506
5972
927
5395
8536
743
5787
2047
2257
8793
9752
5224
6921
4162
2953
6484
5460
1605
6267
6707
8860
1751
9597
8295
2249
2615
1356
2675
5086
7518
8695
4414
6832
5027
9586
4132
7522
3547
5109
1962
5035
3692
6756
1547
1513
7117
5690
6612
1567
4476
8622
185
9818
6891
9960
706
8497
6168
8333
6309
5578
5143
2645
721
3722
142
9646
8692
8597
3308
7402
7098
1555
1607
179
2578
4611
4418
4654
7935
9721
2295
3837
5720
1314
8134
9663
5500
3913
8650
5634
5958
6035
6084
8825
7080
1252
5271
568
5815
420
2815
5932
1395
860
7326
8632
9537
3578
3797
729
2215
5781
3323
3595
7780
6458
9181
5509
1866
9428
9458
7616
2008
4410
6682
4325
2440
6435
8114
3443
961
5269
4839
7200
874
9738
7333
7127
7724
8500
890
6592
9299
2183
3660
3261
1617
2388
8931
320
9055
7639
4132
4250
2608
7126
8155
4334
1748
4586
2069
9348
534
6090
4647
7082
6194
514
2031
9541
9879
707
8677
549
5620
8323
7869
1942
323
4805
2267
4243
9823
8100
6531
7685
5907
3050
1133
4345
4928
6573
7954
4815
3754
6792
3637
62
1552
3639
8801
262
9174
8491
3562
3517
112
4590
2866
5307
6910
2305
3820
5601
3007
6321
8981
2420
6483
9913
2451
8296
5105
9808
5709
6503
9521
2435
6037
5265
1863
429
9342
4701
7308
6978
4638
4605
7435
8475
9041
3791
3365
4108
2183
4864
3538
9346
3275
4572
6037
5928
6737
3408
7770
7640
1276
6641
3054
5358
3209
8405
3707
5192
7851
878
1295
3290
4868
4423
4952
4591
8540
5319
3790
8409
641
6387
7004
7049
9660
6512
5437
1130
2843
1894
9199
5320
4385
5776
2935
1214
1846
6895
6321
1965
5372
4462
4529
8713
6399
5121
3387
8396
5128
3543
3691
3182
4703
4094
4354
7196
1130
597
6431
2165
4246
5836
3925
3428
3296
4536
3326
5528
2593
4388
2700
1583
2276
2993
8183
7776
5221
6381
2169
1128
9448
4114
9586
6781
8963
5877
5736
9854
4889
7455
254
2203
6180
2344
3344
2465
5983
2703
5785
4622
9725
1302
4401
7010
8680
9098
7958
2710
634
4497
8453
3975
4097
1884
6645
7354
7955
7468
833
4628
5487
528
2256
6065
2027
236
7027
4770
8255
4582
3418
6260
5854
2090
8211
8059
9340
62
6560
9278
6896
7407
6243
619
2215
3562
4889
6523
914
4903
7393
6432
9566
5183
3416
4251
6558
5246
3282
1387
7271
1571
6518
5472
8632
2005
7590
2605
1075
976
6954
4331
4284
1869
3784
2810
9534
8463
6946
7394
6884
9290
4493
5848
7835
3246
2345
2045
2081
2849
6065
8016
8585
8442
4193
2916
591
2489
4911
8956
3730
2485
4168
3938
6787
4830
3752
6871
889
5664
9892
5909
1038
1929
6696
720
7705
6577
4312
9418
8616
2568
325
8614
218
8575
9231
2901
9223
7964
3057
4716
4605
6576
9502
4855
3800
2341
2661
7830
6540
2897
5011
2869
7682
792
4710
570
4093
3374
8858
9656
6152
9913
866
2672
2158
5620
6260
6647
5605
1104
8769
2338
2775
614
3551
1294
3871
9976
8485
28
4717
2661
4339
7545
9894
7483
2476
6732
3595
3494
4433
8649
9043
1415
6939
9202
1112
2352
1380
8029
4203
6811
3458
8337
5941
8602
3265
1386
4332
4426
6540
9804
9502
4801
8776
1012
7724
9078
4397
9065
2230
175
1634
8578
5327
2021
1300
5345
9629
9461
4962
9981
7583
6560
9544
6493
8107
9617
518
1520
5683
4718
1005
1018
4947
5224
9334
5529
5738
7741
9822
22
8451
765
753
7542
1695
3705
7698
7088
1536
3559
8756
1481
5940
5090
2248
1195
9788
6303
9444
8740
9033
4746
8236
8187
1698
2031
896
141
8179
7108
4962
6373
2422
9251
626
4523
7975
7366
9176
5555
3510
5819
7100
742
590
999
7973
9102
9053
8775
1501
7242
9360
7985
174
9617
1725
5209
1820
3252
9004
6319
4893
3692
7858
2406
5449
4067
8219
5008
8458
5406
4723
9940
4080
6279
6882
610
9908
6618
4146
7517
247
8469
894
7303
8854
7346
4760
3483
5100
3057
9415
3651
2868
8366
1900
5017
2889
9699
2111
4267
3741
7862
9099
9000
7746
1346
5522
3174
5624
5555
7886
1814
196
8955
8182
4128
7241
2482
1769
5800
4565
8730
394
7794
5243
1680
8487
497
3816
5422
6760
9691
84
7726
6465
2312
2855
4489
7108
2745
7430
3662
1894
9878
6329
5278
2108
0
9274
3699
2002
7269
6155
401
4487
9553
5476
4949
6121
577
8729
2298
5976
9891
2692
9498
7258
490
676
5361
2235
7038
3777
9006
4222
2624
1338
6899
2548
315
4605
6683
743
6901
9762
3419
8948
4020
4693
1185
68
2270
399
6633
2645
6985
8496
1135
8825
8626
1083
9230
7515
6489
9773
6263
5177
9272
3387
4221
434
2084
2423
5645
3342
5341
6158
5052
9076
2224
1314
5240
5308
9323
3215
6080
7762
3664
4092
7024
6227
3075
2417
3220
9064
7598
6047
5101
9260
2820
3631
6418
1051
4017
3611
6862
1817
6160
9891
5591
8315
1367
3598
2239
9334
6349
7790
3699
7971
8908
7517
9297
4636
6370
2937
7606
5542
3761
9418
4245
5162
9221
476
5300
9442
7910
2942
3345
4924
5379
917
9073
7742
4671
8557
7193
2982
2984
6862
8982
3420
1457
23
6726
5288
5858
9913
3305
425
3094
978
210
5657
4690
885
2600
6106
5877
9603
9642
4444
2666
3144
3807
8527
6970
5540
9258
8416
7071
932
6844
3170
851
7100
2772
6682
5752
6660
1841
2886
1041
3404
4425
3658
6572
2077
9778
1289
787
462
5069
4109
9000
4415
8994
9332
8158
1718
5414
9735
2342
5316
7226
4567
4471
8562
2158
2982
5735
3693
3138
8976
2678
7308
2444
1828
5178
4874
7461
4019
7124
3428
2606
3811
9665
6112
3873
8560
5085
6712
2434
3312
7954
4098
3604
9361
383
701
3896
1314
5684
7706
2272
347
3449
8708
3313
5641
3645
5534
5655
7850
2220
8264
3394
7265
1818
2429
6462
471
3069
4652
8145
3582
1575
2801
1166
2707
4304
5616
2710
8016
3298
1949
4990
4219
8654
4730
4539
5406
7948
1950
4522
8787
2511
79
7836
4140
4679
4684
3199
6285
576
7145
7464
6807
2440
4311
6603
4449
6958
8975
8925
276
6086
923
8417
9124
6905
5698
7343
2695
5753
9406
6755
8019
8401
2972
3249
5640
6187
703
7110
1846
2444
6369
5017
6508
8090
2695
5809
6127
3661
6831
6624
2948
8835
9993
7949
8250
446
2879
7519
9367
3656
1378
6053
5885
8615
7427
819
7256
395
315
5111
8391
8979
1912
9706
2420
1888
6500
4002
8242
6194
1683
9331
5330
8398
4713
6502
9378
3089
3445
1986
66
6926
974
4486
1605
3155
1385
8168
4977
7674
8500
5736
5410
8315
4914
3150
1105
575
5492
4835
5132
3247
6784
4091
9619
1003
9808
7247
2542
5014
5673
6345
3662
2078
9174
5832
6943
4938
6817
6756
422
253
990
9499
9325
7223
532
9258
9144
8138
4153
3559
3891
6809
505
3883
954
7005
4082
3293
8756
7073
8654
8265
989
3853
6414
640
1167
6257
7408
4761
6860
5975
4957
5237
7899
3418
7714
9440
9884
1478
9448
8356
9818
7941
4482
5735
8316
9112
2275
6260
2807
1831
5769
9047
468
2319
2858
7266
7113
7690
3497
8589
375
6573
2021
3546
1280
3626
6350
3414
9922
2390
885
7612
4965
4021
8176
8116
8908
4273
1094
5448
4539
8698
6445
8294
6502
2487
9181
3682
9490
6314
2592
5251
6507
1330
2697
2670
6208
298
4575
8480
1038
9583
7540
6996
5240
4574
1670
7540
5968
5516
305
8605
3957
8639
3438
5019
3048
7706
8877
7971
8876
9062
6330
6896
5691
8907
9647
2308
4015
574
5062
5328
5508
4180
8329
7200
6823
8309
4072
9181
1946
2860
8934
7878
9527
6490
7457
2665
8894
3803
1068
5130
6077
1856
9355
2822
9579
9147
474
8114
6386
2954
6201
1260
4983
3498
9112
9587
3846
8988
9211
211
654
2421
3835
7368
2199
2848
5545
2452
6476
8766
3775
667
3112
2830
997
7035
8993
6695
7437
2218
6668
6210
4972
7351
2875
3844
6821
5218
922
6041
4227
9848
4658
4461
530
7623
6007
8163
3163
8752
4165
3176
3355
3210
914
8738
7934
6114
9919
3651
3197
9040
7184
1417
9970
2086
1942
519
419
6370
9638
2110
7219
5922
3512
8805
3840
6327
2765
2761
1786
2913
2909
765
8850
7690
8253
866
6938
3568
4794
5793
6174
4426
9396
7173
47
3403
9146
6967
5112
484
9902
7361
2383
2468
9956
1108
5258
4987
6988
6356
8442
1692
5530
2432
633
9169
9134
7648
492
6264
69
4328
53
5466
7228
9817
4727
7340
6667
9239
806
4863
662
5061
4203
6803
9659
9051
9154
3704
1129
8906
9008
3316
1310
9446
3140
1009
4122
5154
6024
1934
4469
6602
1140
949
6074
5769
239
2253
5471
3259
1939
4598
66
4989
8188
2913
8097
3985
1277
994
1174
7309
2367
8158
4061
1987
4598
9103
6612
5099
9891
6870
9886
7756
7167
5199
387
3593
4747
4224
5144
2936
609
5836
1350
1647
9846
2564
8154
4391
6895
2509
664
8979
1164
7853
2781
1337
853
3150
208
6126
4032
6581
2147
4177
8412
780
3292
8989
1774
1707
3595
3650
3909
3238
2759
7582
6428
3664
393
3844
411
8589
8724
9374
4362
2804
3072
2015
644
340
4690
5457
5619
8398
7945
6813
9438
2704
4776
4922
9180
6753
7483
6716
2675
5464
4951
1645
5154
8103
7571
1610
4631
8821
2045
2756
4510
8954
2106
2135
6998
6211
382
8263
4785
2581
5284
7365
329
5150
4747
8450
4698
3719
9805
1931
6191
7557
6908
6706
7037
4159
8299
8813
1366
3674
7111
3384
4107
224
1521
4533
7121
3200
8409
8356
750
3486
6567
9741
1376
7931
6297
9866
2299
3615
8212
8258
3037
7715
5929
8768
2464
8363
9543
4418
8171
3008
4614
8861
9381
9292
3031
3422
2167
5550
5701
251
9805
1934
7783
5208
2665
4523
310
2182
4179
1343
6022
22
5873
5540
3170
7435
8863
6528
1656
5821
76
8139
2350
3113
464
9569
1984
3686
2813
2851
4008
1602
626
472
6808
6587
6166
1601
4870
2922
2887
2346
6533
298
5199
4685
4220
9415
2831
1408
2517
6689
1899
4430
3012
8799
3570
7268
4450
3824
9992
6161
5541
652
7921
7952
509
601
8268
2035
9534
8155
4346
8373
5573
2387
8938
3329
7225
8087
6099
2353
5008
1986
7453
7311
3979
178
4028
1031
4126
4240
4378
189
2624
7709
2463
8763
7195
2919
9280
323
5345
5995
81
2659
9244
7796
8984
3510
2159
6929
6096
2406
9006
7541
3798
6240
5782
8248
8628
3536
7387
8363
920
3467
7629
1641
2160
8796
822
4057
7956
8662
4306
4239
7759
8936
6107
8530
987
5710
465
2648
9273
3876
4962
574
2506
2918
6219
7140
6109
6882
2603
8165
230
7279
1376
4036
454
9591
7713
6209
2061
992
7303
171
5401
7848
7417
5888
7465
9470
2323
6768
9154
7582
8337
9104
5853
3796
5709
1978
3308
1970
1251
9681
9735
1644
7358
2850
8472
8273
8561
3654
3134
5780
7828
4500
9314
5432
9896
995
4148
9258
3225
1389
2560
696
5631
8800
963
2368
8433
2462
6756
1539
6951
1300
1569
8296
7130
7495
4487
7676
4954
426
7165
5975
6859
4764
2174
7243
4797
1583
3169
5542
1815
2579
551
2726
6672
4241
1712
8460
8361
1556
3450
1657
9930
4625
8455
1653
4231
4231
8089
2958
3759
625
6765
2157
5441
7337
5650
9013
2220
2519
6916
7349
4465
2406
1193
3741
8631
5608
215
4477
7291
5440
6385
7128
4017
9997
1740
8551
7515
4758
6130
3931
8869
1536
9378
154
171
9021
3169
5786
4408
2591
6833
2860
3692
9547
5164
6272
5224
2616
9854
6070
5193
8438
7245
2389
7983
4587
1078
4084
1113
7128
6196
8469
2560
5723
511
6450
2732
5358
5471
7455
5254
1260
2892
5135
603
9476
6948
1091
3177
2118
5175
573
1625
8394
7507
915
1434
5968
5431
3614
1110
4193
4582
3410
563
8517
8410
8872
1528
3934
5361
1015
6073
8146
6249
8450
3073
4998
6036
9627
4812
4709
1320
6212
6622
7968
2358
246
5859
6623
8308
6314
3444
3558
1641
4757
4995
1090
3877
4258
7235
9939
8891
4759
1110
5188
5147
9080
2421
5
80
5530
9670
6762
3283
9216
1021
1660
1834
4450
4705
6509
9857
8396
2985
6953
2723
2547
9107
1496
3301
3153
9633
5775
5743
9057
2145
599
6024
2919
7688
7221
9933
1126
2250
9704
5517
6981
600
9826
5844
4092
6966
9261
6834
2584
9368
9103
1896
1502
5432
3992
3182
8796
1063
6568
1460
9083
1070
6430
4083
5649
3839
123
9342
4899
3373
6612
2186
1959
3428
2070
7352
8231
9671
1172
5787
3506
5765
1676
3947
812
214
5528
5156
9478
7511
5137
3451
1544
3200
1581
6367
2715
1215
4249
9240
9139
6723
5922
6126
7961
9270
204
3912
4743
247
5446
6816
1213
8068
1189
8240
7936
5825
2268
5227
8834
9031
2045
7098
5933
5036
7482
4433
9832
5242
8100
6686
3356
9007
7045
1037
6241
1937
4361
75
913
6011
8406
6901
1566
1593
3756
6379
591
2172
567
7143
9525
3322
9586
1860
732
3701
8262
5613
7886
5654
3553
2052
9601
1654
4993
619
5873
313
9487
18
5992
9895
8280
5694
4617
1720
9334
7138
9116
684
1646
6332
7539
5812
835
302
9675
8944
3736
7784
2959
4070
3970
5455
2615
4364
9483
4588
7437
8674
4179
2003
5792
591
3105
6286
3633
6774
1864
8838
8907
1748
9765
2574
8128
8441
4532
6187
5534
4113
6737
9892
2512
7438
892
2242
1889
5604
5063
3396
4779
3664
8953
1986
189
9750
7685
203
9292
1061
2548
5357
5808
7561
3150
4992
6831
1294
5848
5488
1383
2395
7864
4102
7637
9026
5716
5969
435
371
7352
2662
877
8936
1318
113
6308
2784
7783
2087
3692
155
1744
5930
880
9247
8560
3080
3077
7397
3109
7408
220
9331
9167
3825
8753
7031
892
4081
4529
5020
3139
3480
1800
4556
2172
5447
5560
5779
7020
9303
358
2811
4926
466
7054
9386
9405
984
3462
500
9326
6431
2992
1533
1466
4187
9146
9791
6122
9190
8271
2885
235
6076
6656
2322
896
4373
2589
6945
5591
8656
2301
2298
916
9480
1518
5293
217
1349
3014
3182
9815
5330
8632
9789
6286
2967
4642
6864
9472
6835
1954
5200
4708
5831
9145
3005
5287
3729
1848
8655
8861
7076
6071
4362
7700
4128
6469
4876
6569
9844
5193
3479
7332
3789
7910
6614
6687
6680
8558
9405
7140
4124
654
8225
1652
7933
2534
7745
1123
6671
8780
4960
3313
2136
214
144
4292
863
53
5949
385
999
1762
6307
3161
9746
6592
3596
16
8084
1713
58
5433
6741
2981
3917
1436
866
6109
9618
6586
1362
9453
9817
7912
1120
8783
4785
7478
7129
2981
6354
8004
2851
5046
7990
5978
7
3354
3189
9685
6925
3249
4859
450
6019
7357
3144
3155
9482
3280
5573
894
1598
9519
5134
6213
3439
3846
8144
5296
2496
5318
5792
5398
2076
3577
5589
1003
6272
9702
2179
499
4008
8272
1941
5525
7898
8441
6918
7195
2185
7523
5964
9557
2951
2311
7762
3197
9979
6687
2289
1061
5435
1661
1978
3436
3333
9311
9330
576
2320
9130
1370
4078
1210
1843
8602
7173
5597
6493
298
3112
5123
9980
1629
7489
3554
7336
7386
8259
5655
3421
9208
4121
7403
3791
2149
3130
52
6475
3491
557
2027
2985
3296
5945
4805
2494
1536
5157
2416
5133
9721
5823
5084
4877
5851
6040
6755
5206
4986
3740
7958
2949
7049
95
9750
6288
4437
3507
4828
4563
8491
1798
1237
1800
9783
825
7454
9252
3658
4843
8
5678
6519
739
87
9324
8458
589
5709
7302
9493
6091
5198
2971
3065
1613
2527
9506
941
412
2208
7545
622
5552
2356
9689
9443
9729
793
9275
1260
9882
1368
7987
5879
3449
4346
3755
6574
5699
8084
2123
4208
3397
6129
6579
5898
7590
6107
8347
6898
760
150
4658
2048
6653
7257
4338
1242
4310
7625
9797
602
3542
8356
8833
8222
2117
5383
2030
4795
848
2573
5305
9519
4718
4692
8545
8226
6654
7421
9326
9912
7596
2096
1745
6550
3474
3866
7222
1758
4763
9188
3399
232
1443
1233
3131
6959
778
1876
2315
8374
55
7403
9972
9973
6601
1676
2440
628
3577
7242
6015
690
7899
3140
8764
9314
7411
1994
362
6643
4997
253
6773
8155
9156
2722
8228
9615
6172
947
7604
7713
2092
2546
7233
7527
2362
8651
1789
3924
9978
3845
9267
2773
378
6804
2565
3290
8197
2846
5073
1182
1479
5655
3618
1205
3919
8556
931
4386
2768
3481
4206
2098
6482
6503
3235
1160
6775
5318
1236
5446
2503
5010
5805
4021
4124
6853
2881
5937
1578
4953
3727
8819
8278
4664
1987
3740
7687
914
2169
6411
5098
7002
7293
1212
6303
6910
7310
6190
7985
8176
2689
6606
1619
5462
657
8725
2662
7835
2771
9835
9047
9311
5272
2310
7669
6770
7644
3939
9712
9976
7244
3136
7213
3866
3333
5891
8662
3833
9510
1707
2142
2479
7703
5217
3426
884
4307
9722
3451
9834
4161
8284
9121
5541
1873
2842
2473
1674
3505
5902
2222
2963
4399
3970
398
3501
3369
3835
8459
4190
1808
6083
1602
1174
9563
3698
5608
7377
4632
4775
1968
4661
8653
168
7962
2655
2141
3668
9238
4341
4406
2065
7509
1415
5574
3512
6240
7942
8590
1033
1458
2497
6927
1291
1376
649
5121
8388
169
8304
2611
5666
169
3426
9788
5220
6023
5311
896
4408
5982
3301
5118
4929
825
2998
774
4596
9720
1547
4856
3551
1583
9093
24
3655
6333
9819
9981
6509
9242
6709
7416
7085
4121
2020
706
2322
1325
7516
5518
7977
2680
511
5454
9232
1038
4518
6498
315
4953
351
5051
1395
4950
4702
4221
587
3932
3313
1683
4352
1453
9589
7980
3516
2500
8926
5827
6200
2398
1799
6124
1020
8870
678
4154
8852
8041
9323
1438
7632
8248
1013
7690
9080
7051
4225
9940
7402
9602
1648
7990
3938
1367
4083
5698
3348
4127
2582
8882
2809
7056
1254
445
5076
5901
5792
9862
7792
6972
7672
7999
3736
9224
1299
6875
2866
3970
641
9968
1065
5762
6442
475
901
8412
6468
94
25
6366
3070
6036
5689
8806
700
5366
5846
4544
9248
1830
8600
9196
4465
2968
2103
2894
8251
4976
2005
2287
5315
2790
6715
6193
2500
502
4495
2656
4955
7380
4079
1748
539
4157
1965
2867
702
2217
4950
9811
8697
5693
8528
3741
6027
9421
9408
749
5202
5726
9222
4774
8410
3544
4773
5939
8706
4971
3411
1015
7868
6441
6665
6278
1601
4433
9431
8893
4367
9548
4376
3164
5793
9232
413
2788
5321
5074
8632
4570
1068
4504
6279
8427
5706
5005
9883
1147
1192
3645
5477
7478
7516
1488
9516
7847
3397
4660
5741
1526
6052
6130
9775
4492
8298
6723
3057
6675
7984
924
1123
8425
5645
9156
5134
3699
7416
6182
2321
2429
8026
2593
6825
7407
2270
7549
3691
9036
4696
9577
2577
7540
5680
496
6448
8793
1802
1385
1874
9311
4083
925
5796
6909
7321
7060
398
5248
6103
3784
5706
2878
2524
27
8579
1399
5031
8037
4619
8136
4673
9061
41
2698
4839
9768
526
1799
5683
200
3490
4988
694
8316
2704
9818
7604
845
1163
2951
3771
9288
5419
9602
6321
4735
6663
387
8266
8795
656
8336
3299
2476
6840
4380
1198
4208
6494
5577
442
7634
2503
63
9262
5674
1979
7653
8066
4947
9545
7948
889
3577
2375
8844
3775
9617
1834
6773
4492
8819
9566
4999
3874
4530
8930
9213
4008
3628
4500
2404
8339
3628
3957
9690
4718
1629
2552
722
582
4457
5884
8260
1877
9904
4803
7584
1529
4980
9182
6691
7791
7457
5944
6642
5425
4586
5852
2003
8618
9646
6579
3884
3634
4010
5262
2259
5739
2248
3548
8260
7974
8469
7832
8369
642
8880
6323
7651
4002
7069
3401
7471
2666
2746
5619
5764
9126
2889
9032
7905
6663
6172
7392
6580
3435
1647
8439
1452
7703
1775
9099
208
9956
1113
7170
9320
7988
6381
9194
1721
8639
4464
2446
2591
7566
1761
5458
4322
5267
4835
8732
6715
7155
6537
5631
2896
3554
1793
8965
1547
7609
759
8536
8057
6662
4394
1325
2782
3792
3483
8461
7493
596
8897
5329
9941
1169
1162
9338
6352
862
2156
5787
8645
5011
5338
5347
9413
6730
9106
475
6690
7219
9059
6360
6595
9230
2363
1677
9269
7273
2958
4096
3628
5430
9220
5479
4055
6039
4345
7631
6049
377
1208
9977
7619
8714
5041
8897
5878
3289
8871
3373
4359
5465
9767
7582
1076
9985
2498
8454
3987
7443
4155
6614
4673
3111
3564
1874
5175
7859
5955
5684
6777
8985
4522
1562
649
8941
3652
6157
7064
1329
7059
111
4556
3551
9895
2032
685
1315
2193
8764
3178
7315
4437
2580
6121
8971
4654
2104
1467
3817
8539
9342
9053
5298
2295
3906
1083
2799
5383
9947
2703
2056
9308
1669
2247
5659
216
7551
5685
8728
5853
8515
1744
6268
1713
9934
9271
7992
4126
1436
6182
5614
4806
401
5809
7432
7011
1030
6045
4436
2380
8542
158
7472
8612
7187
251
6126
797
8514
9902
3556
9114
48
5831
3475
8114
3207
1632
1297
127
2866
5259
7973
950
49
6760
4223
8946
24
2467
1265
6633
4522
5178
4030
5584
3726
9707
2110
5818
4299
540
9835
3659
6614
3173
6907
7468
3156
903
7882
5559
7646
4480
1907
2065
2241
1814
7754
343
9214
4353
4794
5761
1525
918
4998
3908
4712
1133
2718
7732
1071
6052
3536
9046
5144
4748
1384
9331
4393
6129
4086
2552
5156
7864
7003
8618
9525
753
1039
6696
3883
7003
3297
9929
5441
4102
2556
9988
2167
5748
2803
1518
6354
6857
5977
4301
2220
4066
9631
6939
137
802
875
6519
8536
8454
4817
3126
5283
1130
6321
7767
5987
7877
8284
5219
6482
272
4836
627
3022
5508
400
172
7847
1296
5928
9237
7510
1546
4131
7945
1449
3005
4395
6440
5199
1168
7770
3432
2877
7992
8275
1944
2378
4291
1039
3669
2733
4533
9986
4086
4753
833
8009
2050
4915
1725
6851
1890
9464
9223
9161
7312
8989
5750
7995
7550
9452
2617
9017
1588
4871
7084
1610
3985
3237
714
1069
8946
1046
3980
6122
6209
4981
5966
9283
8629
4441
1379
6476
6615
3895
5023
3876
2997
6424
3410
3871
4735
6355
3941
6066
8398
7399
13
8971
2564
2790
8172
9098
4911
9425
198
7359
9240
9564
3921
4961
5880
4766
8550
9624
7369
5752
6533
2617
1082
143
1989
1580
1965
1336
4136
9018
6395
4463
4652
6888
6631
5651
6910
3035
3471
273
9802
1271
9230
8316
6349
8936
527
3046
9771
4316
8940
4718
6109
4507
53
9670
7378
8067
9741
1039
3814
8901
2941
2115
1152
5686
4140
847
3989
6595
8150
4443
9642
9588
2488
8264
6646
4251
8286
4341
310
2058
6068
4829
6426
8510
5337
5200
29
3627
4930
7228
2979
629
8123
8792
491
137
7959
4302
7651
9014
7768
483
9098
1276
7098
6292
5152
6655
2266
6958
2730
4135
3221
8041
3714
487
1355
6914
8684
5719
4962
2740
3827
1473
998
114
4033
5013
510
1588
1229
249
6778
6572
5167
6145
9704
9460
9471
8086
3478
4805
60
1126
8738
8038
3192
4761
5470
3983
4032
9659
767
6969
7562
6026
3348
9845
1175
6798
5443
6549
9352
2671
8415
5899
6636
3544
2902
1868
2423
295
2327
2480
4319
9373
6801
4473
3264
1336
8630
893
6031
8938
2318
2465
5292
6694
1784
2612
560
3943
8187
8310
5318
5549
5451
2835
4454
3477
6951
3792
7692
403
6799
3713
5064
7967
5523
6500
3550
4921
6151
3454
4797
1594
5619
1871
2125
6089
2758
1844
1409
7878
7050
9562
909
4134
3762
2554
5905
8076
7633
4661
4994
129
4340
1613
586
799
1247
4861
2614
9599
470
246
4206
7021
6753
695
6161
1285
5123
3113
4638
7965
612
660
191
7071
1609
9681
384
3873
3701
9118
7534
9650
5018
6855
5482
1027
8824
5143
7900
8015
2406
2938
7316
7081
222
6654
6092
8241
993
9046
1386
9922
8252
9338
7266
2059
7267
4863
4391
3480
5210
9758
3442
2556
131
2132
9115
3293
9857
7830
5108
6204
7915
3790
5318
3056
7036
4838
2066
4414
8631
3296
2282
8311
5207
943
6504
7006
1429
3190
9068
4292
483
1067
3155
3426
9413
7384
3970
7426
2607
9406
9906
6587
3353
278
6534
4199
7104
9589
5032
3314
1990
4314
3169
481
6297
6056
6599
4029
5249
7707
1536
1323
1123
8265
9957
9321
963
5750
1378
7191
1478
3891
2730
255
9061
421
3544
4018
3133
8414
7456
6433
3924
8058
9811
1061
4054
391
4273
8123
2221
9377
553
7871
4863
5466
2684
2148
5185
1251
2544
2398
4522
2858
1329
1068
8626
768
8481
8021
9769
7204
7247
1566
5236
3329
6230
3429
9170
7618
2060
2205
9340
5774
4075
4918
6443
6995
8077
8456
6052
8131
2352
5948
6190
4805
4633
9863
3764
3322
9140
1092
2486
5742
218
8525
8330
1462
7547
678
5472
4460
2779
7766
9395
2579
4089
6466
3627
8009
7050
3752
5423
9097
7653
9765
1495
3962
8839
6947
8528
9592
5158
5379
3481
1661
2099
4067
9291
2283
1065
4491
3445
472
6322
1898
4308
7463
9464
8200
7474
9087
3320
728
9286
4410
9155
9309
9193
3980
9407
6469
6425
5342
1355
645
3670
3894
4639
7731
217
1717
4417
9994
2869
108
5972
7230
8789
3932
2539
3036
4229
7561
7836
5533
6925
6218
623
1447
5432
8223
2565
6368
2275
6239
3846
8656
2625
9982
1123
1489
5274
1079
4794
2038
5892
1340
6903
7285
5850
4167
215
5394
3352
7275
5560
4298
4969
6444
8845
89
72
6840
1790
6552
5218
5968
9675
5430
7325
5559
2449
9362
8882
8950
8886
1107
5445
1978
8798
5700
4517
4283
2175
5070
8799
5897
1586
1492
1405
9925
5504
6933
6172
9481
3788
1714
7275
3349
2864
4141
8847
551
2639
25
2211
1094
2953
2548
6925
6204
1597
6270
4828
6941
1976
1716
222
2680
6076
1102
3661
153
3469
929
2153
8456
5812
6961
1297
5698
9510
5623
8811
3761
5711
3851
1699
6603
2680
6238
4272
4196
3480
5095
1362
4497
678
680
9176
938
8540
5180
8542
4043
4983
5551
1715
7528
8011
1738
3656
1066
8243
4121
117
5113
6583
8347
3286
7496
5030
5110
7554
3864
211
2612
540
8554
2396
3102
8898
1797
5396
4275
6099
944
9683
1140
7246
4796
6979
1968
7957
1313
5259
9015
1904
3716
633
9102
2190
2786
9896
5870
8471
2027
3073
6776
796
3837
9694
8313
7328
1020
2410
1574
8192
7147
1812
8709
1117
7578
834
1431
6315
5005
1185
8821
5282
1556
7291
5350
5713
9644
7266
3179
9250
6753
7224
5320
2184
3742
1841
9551
6278
7923
1232
5418
4505
8290
3743
7044
4933
3126
3594
1364
8958
6544
4170
359
3277
1263
1343
8346
4402
7147
5255
8721
408
1855
3227
9975
3316
2096
1017
1970
8567
2782
940
7154
7027
4423
4791
2102
2074
2418
1089
3754
2210
5134
2089
4785
6837
7736
1915
1643
5173
771
7179
9140
13
9015
9006
8953
2194
2136
9625
1271
4824
914
4497
7490
3745
2158
241
6991
1024
1428
4409
6638
2220
8221
9347
4199
720
2899
2818
5136
8335
7703
5027
5352
5461
1951
5798
3971
872
8858
4613
35
6493
785
6562
895
5271
2188
128
9778
1051
4638
6648
7555
2351
2863
9836
7821
3536
4324
567
6410
211
5612
9139
6945
5939
9145
8293
1192
3993
8585
9251
6552
1210
7729
5413
3900
810
3877
809
5413
1374
3334
832
2654
911
1592
7319
6038
3099
8735
2832
7615
6965
1286
766
1730
9980
1451
544
1997
8330
7450
2036
4075
4387
869
9725
1582
8813
1581
9247
6411
5390
6959
5735
3009
913
4446
1160
8616
6867
2216
80
3426
2138
7320
5305
3905
5588
7192
6875
2261
4445
7905
6462
3375
3163
7537
2302
5928
9684
8039
903
3191
3919
2077
3696
3891
5320
5475
164
5237
396
8004
5771
5336
8084
4087
2055
9248
8287
6725
3274
4293
8536
3329
3573
3146
2919
9833
428
6158
7763
5848
3861
1295
6213
757
5503
4069
2696
9899
9182
1154
9132
4502
5157
3396
4905
9751
189
4341
9729
980
3665
4319
4382
5135
4428
4527
1691
7857
5866
7285
4415
5187
8572
2709
6212
9129
9991
9709
6581
3036
8428
6115
7253
1954
49
6171
3149
2043
7470
3762
701
9339
7605
3834
196
5263
3480
8066
2427
8734
3374
6976
7691
4909
64
2446
6815
3743
8814
1135
2308
3640
5423
2860
6220
7452
9365
3552
5890
7016
1663
1308
8344
2428
6504
823
989
9412
5501
5622
5162
5954
1563
2420
2155
4602
4006
9102
1035
4442
1463
8766
3208
7011
6957
9025
3077
4008
4692
7783
9054
498
2803
8247
4118
7901
3983
8509
9357
131
1661
3889
1502
8035
1333
1028
7172
830
5234
3369
3868
318
5462
4510
3317
754
9210
1190
6692
6202
7170
3701
7588
6652
3695
7479
443
6545
5695
1389
3800
6992
8223
1093
6185
2212
6656
3845
761
7052
1895
1603
2117
559
9519
7044
9343
9481
5993
4223
108
8951
6691
5421
4345
2763
4791
8256
4571
7852
5978
5021
8979
398
725
9655
5679
25
8464
4553
3678
4200
1242
8032
8460
5537
6309
2419
3851
3932
6111
5600
7187
5681
8635
6708
7520
179
5534
4230
2889
6739
6693
2160
6209
8706
8083
6747
4678
2534
8057
4023
1895
4808
2798
3092
9811
1976
5646
3151
7580
798
7887
2060
763
8558
9406
3325
7277
4311
5624
7340
1514
1480
1125
1003
7782
8975
2190
7157
560
256
1855
4912
8361
8734
9528
9458
8175
1881
5389
877
4871
1556
9166
9609
4280
9057
448
8124
7156
7148
2618
9752
7442
3873
9116
6017
3286
7514
2826
8521
227
8009
9318
2763
5863
1631
7323
5024
3092
6487
1798
9121
926
3889
7311
5849
9408
1662
9990
6230
4793
5045
6744
2445
7621
4129
6336
9927
1638
1223
6314
747
1377
7319
3971
2553
9173
4878
2492
1936
6437
4101
1277
9885
3943
8347
1847
8242
1717
6842
4338
382
7297
8344
293
9966
2358
7996
307
4768
6873
3322
9490
9567
1566
77
8536
9984
9239
2848
2974
568
8007
954
742
9288
6501
419
9801
8470
2348
9847
1369
5305
8767
5190
7877
3856
6650
6854
9627
5856
2356
1638
9175
8873
6176
8815
1418
5523
9362
9881
9446
9674
2639
5111
2901
6067
749
5152
170
2730
6793
2571
3567
6010
5176
4486
4781
1160
309
9091
8059
5772
5225
464
5197
828
8873
3777
3517
3991
6121
812
5559
3243
5150
8945
7455
9268
5682
2452
9197
1650
3312
8393
1496
3237
6798
4922
1713
1608
6955
1751
7350
8423
5486
6731
4327
6526
8974
1063
6517
4207
528
9582
8070
7183
5195
9949
4502
1503
6328
6948
8423
5314
9412
8324
3993
8239
8951
311
9540
2725
5455
2519
3170
2309
4518
7052
6010
5361
2371
6630
6919
9712
9340
3971
6103
938
1689
6573
2111
8550
6915
3955
5308
1566
667
1907
6212
7531
6631
4785
3003
5363
7527
1030
5041
8459
7286
7191
8057
2251
7468
5137
4245
4957
240
302
7597
8816
3499
663
3262
2783
7703
806
9455
8474
2999
7639
6974
1454
2048
507
6297
2566
3189
7944
2233
1085
6672
5232
5897
8974
92
1819
3236
3386
832
3332
8540
2725
4310
5598
599
5758
3097
6177
6820
1833
7437
3573
8556
8235
4184
3497
5875
8049
8734
3217
4589
206
7050
3530
9213
3359
6248
7450
8329
4764
6913
9753
4793
7325
4557
342
6095
2614
4364
4776
4928
6961
3616
1090
8608
2679
5826
2913
9580
6122
4437
6597
4721
3474
792
9642
1066
4482
4660
6194
358
7094
7381
5120
3048
8348
374
8259
280
6715
805
974
5255
3636
2230
3424
9808
1300
1683
6549
6649
5812
192
4872
7849
5245
8604
7235
3587
7467
5396
1269
7313
4957
1954
8862
6268
1573
1363
762
2743
1506
8359
4968
1084
7096
3521
1845
1758
9385
7629
8986
4989
1842
8177
4735
296
4036
108
314
6157
6062
988
8920
6492
8916
6460
2711
8266
2270
5386
445
6785
9774
3958
9769
6180
8655
5542
5764
8735
4487
2918
9475
5677
3466
4269
6044
2932
2763
2699
7427
1916
2238
927
2768
5181
3103
6469
1806
9925
8809
6764
5410
7096
2148
9894
1670
7170
5086
6696
7665
5224
4565
9745
3413
6493
8382
3912
1781
2320
1701
9838
257
4995
7089
418
5776
1782
3875
1091
3816
2802
3227
5968
6588
9841
9223
3115
9651
2154
7497
9805
1153
5404
7956
5907
7332
96
8979
4837
4621
7760
9894
5735
6537
1494
6042
3449
2476
5597
1235
1577
6953
7204
5016
953
4495
8465
2924
7370
1907
5730
2740
6935
1926
2190
1770
2927
1812
2874
957
2362
3848
5096
9155
4060
8415
362
9020
5656
2456
5172
388
1036
1540
6576
1860
4570
4527
7306
7029
966
9563
2123
7971
3867
118
8596
5642
921
7096
6672
8864
1657
1723
6412
1103
6689
550
595
4924
6786
4104
4353
1465
4238
7774
4601
2659
3512
5201
1074
7753
5748
1967
156
1258
2493
1908
1216
3897
9877
1220
2262
3072
9767
2760
3792
446
6344
835
1172
8351
3084
1504
7847
1270
2309
9738
9556
5737
8855
6823
3755
2665
5207
114
9015
3581
7569
4260
2392
7674
376
8958
5439
17
2840
1653
6264
9413
1303
154
7313
2391
6570
5109
5433
496
4805
1965
4084
1098
5434
1223
4459
4139
2051
2601
3152
527
1402
7178
4623
2754
2485
568
8640
6583
9455
7749
5272
1255
209
1806
9471
4617
464
4745
7453
7418
6544
1307
2222
2458
8231
1092
4453
4787
9500
2408
7180
2678
9933
5434
7177
8164
9632
5014
2476
3285
5521
9932
2516
313
843
3748
9458
5497
5282
5458
8934
4361
8316
4184
8197
3324
288
9442
7484
6596
4614
7970
5166
4740
654
5112
5897
5076
7949
2990
7255
7009
5266
6302
4433
9262
9815
3200
5789
4587
9187
2035
6888
4288
444
9959
2478
8262
9530
9493
7654
5586
5478
620
59
8783
6385
4089
3445
9319
7761
2514
9959
8893
1094
1423
2689
2106
1755
3125
8869
915
2664
4608
8006
8403
7525
637
6893
2794
3464
9393
566
8402
6767
9018
5623
8105
3466
160
9904
8512
8783
4470
5661
8127
8593
6739
9561
1650
7658
8376
9853
4788
4741
9166
4934
7399
4265
9389
6997
1198
896
7243
2159
6183
1878
6303
6741
8855
2412
1217
8414
6595
171
1536
8064
9129
7702
7487
141
1642
1657
3709
2186
7444
1646
7503
4011
9247
8718
9996
9866
6580
9764
7302
1511
9557
1549
4240
2233
397
1916
3072
8467
7573
7114
7042
946
3696
5386
9126
5906
6356
3435
2407
4927
5766
7142
6553
3225
9696
3095
526
897
4257
4697
9333
1441
913
6474
5488
3208
2607
6254
3921
7875
5578
4847
9120
8599
5592
2705
8635
1338
9190
8116
299
6993
7549
7875
7967
4468
3901
9273
8871
6158
3897
6227
8190
4977
3070
3568
293
4054
5441
4278
6456
514
3333
6510
2896
9892
1989
9615
2372
1098
4228
1800
7804
1300
8190
3223
7204
8704
6171
4455
8874
4564
5776
9590
6404
1259
4545
2580
7521
4374
3671
5335
3786
4628
8826
2204
1604
5084
59
7944
3509
7543
8705
5516
896
4411
6158
6519
1935
5441
9900
8949
9132
4664
266
8837
5388
7427
8381
1897
9176
6269
8485
8662
3129
2317
6605
8107
3056
4388
8526
1151
7792
9603
1969
227
9273
6090
5295
8886
9937
2411
5751
9511
8992
5965
8042
5253
4104
1837
6631
5507
3983
9854
9662
5239
6027
2289
2819
4097
2329
6448
9906
6729
3354
3908
8169
6609
7915
710
2262
7274
5375
6722
6237
210
619
8264
566
4474
9054
3004
1234
1046
666
4126
968
2046
787
276
4880
6018
3315
7875
2298
6458
7208
6316
8012
4122
5851
8562
5399
8629
8222
1882
1397
7097
5553
7532
4113
6280
5376
134
1362
8999
301
6064
6117
7967
3333
7178
7575
1856
7570
689
4444
933
125
6640
8974
7555
7485
4435
6838
2044
3937
631
1680
9456
9349
8862
430
3907
2916
7487
4460
1097
8491
4137
6203
5741
3942
279
156
817
2841
9055
2218
4784
4685
2837
9988
8271
9253
6221
1574
562
3467
4590
3812
2156
5052
1249
3
2382
1645
7497
8339
8112
8249
4636
1212
4621
1432
431
819
9816
7949
3105
7578
9805
3596
5678
7154
2115
1542
5251
9789
3661
5394
785
3876
5519
3930
6986
4770
6510
8271
4217
1435
4144
7418
654
6781
1779
5009
9607
4865
7594
6530
4634
8814
4193
5518
5598
4187
3777
533
1130
5998
463
3802
3925
5125
6175
7746
4525
9680
9511
5039
915
3305
4766
6675
4579
3154
9955
8276
769
1194
5177
8891
6367
6907
640
9528
8267
931
5935
2597
8421
5228
9853
6533
4606
2202
4608
8297
9596
1937
8732
655
2587
1393
6253
3960
3486
2079
1968
9828
6226
1537
9499
2733
4851
3317
9581
2492
2199
4030
2272
9435
6889
5085
8619
9176
5281
6312
9220
3075
1694
6377
2835
6933
3445
8038
3265
2189
5219
3208
7823
6968
190
3434
3363
2923
570
1856
4958
5904
2520
3777
6089
7659
3593
243
3789
5656
8384
6930
2385
5363
6917
9484
638
4852
8501
5644
5727
7045
4535
8433
1508
7873
3466
2426
326
5546
1690
6720
2421
6695
5825
5824
6444
6409
1242
4723
9350
2920
7632
812
2186
590
1717
9406
8738
2816
5536
2903
3210
8053
9245
3965
6611
420
7752
2452
2407
1950
9604
2713
6407
7381
118
6493
9888
1176
7455
3761
4460
348
8902
2011
3444
5224
1123
6499
7955
5149
6568
4716
8646
7840
763
7522
8112
5942
4782
5468
2586
8011
8943
3390
8711
3838
9754
9999
9718
2012
4061
7233
5089
1368
6852
7426
2546
36
4211
9054
2324
8191
4434
3983
4951
9403
4770
546
3806
5977
7902
1159
1075
2324
1261
4229
7819
4294
7091
327
1779
9835
6231
7143
809
3568
7616
9718
6152
6983
9592
5781
7739
8523
9554
4515
8146
9546
2648
1075
146
3843
2957
3032
1911
6221
5890
64
4197
1362
2788
7739
5900
9815
834
2071
5018
3593
9932
3050
8298
4917
9911
9818
9482
3379
8285
1100
5274
2208
3841
695
8656
5671
672
6500
7785
7996
8131
4725
4586
8933
8353
2639
9396
1925
7329
5813
7590
6069
9518
8898
3949
9729
5411
5171
8598
4013
9701
9870
2595
7154
8160
5667
3932
9913
8457
9694
4253
5299
1891
3174
3198
3875
2750
405
3392
4920
1529
5556
3682
5562
2008
99
1075
8048
2993
7122
1618
1244
5600
6766
8322
2068
5386
6859
3161
782
7246
9915
2312
2823
3191
5976
4484
9072
1247
900
1331
3013
1902
4378
1314
2427
9136
4144
131
1590
4212
7084
2772
3140
944
9824
6698
7305
1154
8307
