8515
5609
2401
2023
9595
5421
7474
1258
7089
6415
1038
2972
1847
6118
2777
7558
1041
9906
2920
2254
1012
274
7395
2078
2458
82
1430
7123
1119
4785
9013
3761
9644
8624
1193
9940
3261
3718
4107
5937
6401
5185
9739
6843
9758
4776
7901
8705
8782
859
1217
1348
4026
6988
6446
951
6081
1030
283
4895
3877
2555
3338
5050
8194
9021
1600
5660
8364
4002
117
5732
532
3242
4005
4413
1142
2124
6896
6240
9474
9052
3044
3287
5301
3770
6437
7868
2884
5140
4807
3968
1509
7163
1176
6696
1145
7218
8556
7410
2890
9011
2229
6373
9645
9933
2095
6790
7347
3528
5078
7431
370
9368
1301
8314
8379
5167
3660
7795
7480
5229
9421
7531
8532
3475
9235
8161
3750
3926
6335
9515
6619
6494
464
7498
3968
910
6798
9019
3001
2014
9748
9786
7185
1075
6472
3569
6798
2529
3431
7071
4720
5831
8290
2467
9238
3048
6895
2839
9180
5418
2110
9066
9045
8855
7881
678
8674
8545
9926
9856
300
6723
8668
4893
3747
4066
8304
3105
1779
1746
7819
7171
2272
4181
8409
2845
4975
6510
9361
3408
2880
3492
8444
20
443
3506
6276
6124
6022
8011
1274
5240
5616
7386
1524
4372
93
8104
6401
446
9503
7079
6458
7109
5149
4139
6183
9645
1010
5592
2939
6670
613
1223
3726
3452
7233
5746
7509
8946
2256
5439
5503
6216
6601
7609
7246
9075
8690
9481
2497
8475
9940
6660
1210
2520
4826
1214
2016
3270
9397
6892
4275
9735
6624
4215
856
4295
4138
3980
5248
299
9877
7969
9961
1363
1738
7138
1488
8638
8983
9737
1633
1997
1511
3948
9438
8928
6668
3216
280
5948
8715
8796
4412
3934
7251
7656
3741
6121
9692
7588
5994
795
8313
5061
5835
1101
5801
1866
5502
634
4783
8141
5976
2087
9180
4517
186
2640
8294
3912
3650
6916
5351
3789
8698
5478
197
8863
6514
2277
6777
1598
2405
9877
7390
8048
1066
7324
3160
4581
2458
5481
2559
8120
9416
1358
2966
7969
3570
6638
6252
6759
2691
4785
6127
1347
5986
3861
9239
5631
6218
735
8278
4958
375
6383
8954
2709
2250
7601
9837
7351
1401
9200
810
2862
4678
1829
6123
1413
8474
2333
5523
7187
8174
4456
1509
9601
8262
3342
7312
8317
8091
6924
6007
199
5699
6956
593
8328
8046
6611
8810
755
656
5571
9524
4868
2166
193
2094
4548
9815
6321
4494
8479
9464
5805
6654
5964
5932
7717
4081
2187
9719
8512
2849
2926
2733
6592
4678
7070
7243
4836
2180
3934
6033
6951
8706
8316
3195
3797
1954
5364
8699
9358
1010
9967
3749
6915
3854
9224
9879
8045
2832
4447
3330
9118
3718
7415
6169
559
4925
4298
6437
840
1183
2428
6610
7326
4407
9852
3082
3078
509
5559
4860
6680
3890
3303
6057
847
105
1417
6475
2844
2800
8829
1553
2090
7850
5558
3979
9517
3931
3808
9535
3524
5887
3185
5430
5789
3831
7848
3207
8487
9473
4002
2925
547
8227
92
6343
9780
3379
6707
2076
4885
8918
2967
232
3338
6259
9214
9832
5886
4323
7652
8894
2539
5320
9120
5889
6841
1463
8066
7397
5501
2835
9785
1778
5075
7096
7729
8308
3510
368
2745
5054
332
5253
5235
2139
8559
6996
500
3027
710
1018
9931
3558
2338
7278
9087
1288
4628
4394
4160
2825
1548
6471
6016
6943
5996
5157
9179
1635
8971
1988
6337
8133
6501
4914
1652
7741
2495
9105
2652
607
9065
8979
7064
9258
8845
581
1040
877
1443
6789
6582
6166
5479
5602
634
5113
2706
5151
1084
4201
580
4947
6044
3798
9940
3648
8478
8499
2446
5325
5306
6994
9611
9250
8255
3631
7999
400
5080
7318
9211
7195
4310
3202
3554
1782
1484
8994
7945
7097
5690
410
8664
7424
1937
4
6909
7203
9606
6529
4623
3485
6706
7680
6336
4140
805
1304
1516
5221
2522
7926
8750
2289
4182
8398
7026
4215
2058
2416
7061
3095
2168
7609
4360
817
8627
1667
2292
8736
5855
7610
5975
294
2903
8555
5260
7028
4541
6219
8041
3350
8364
2737
5810
8874
329
8753
9883
8715
5144
1286
5850
7662
7979
523
2603
1000
8965
4215
5501
6330
4605
9619
3994
170
6846
9304
1572
1455
2987
6394
7050
5401
3552
11
2042
3258
3795
4909
8192
6389
8089
1160
7037
8129
6934
2820
5923
1194
7516
9396
220
565
1332
3487
5770
126
9739
668
906
7408
1891
8633
850
3744
7819
2200
9225
2534
5225
183
5958
1992
435
8778
736
8821
2829
2231
1988
699
7388
4910
3845
4086
5945
403
2334
6038
3234
2938
3635
3243
714
5805
3926
9696
2321
3005
2901
2289
5710
4978
4464
9994
5992
2097
5448
3405
3300
9977
7379
1456
489
4410
4540
7441
3855
2483
344
1318
3078
5750
1539
3173
1603
2170
7545
8621
4725
9356
4656
3520
3542
9236
4354
7597
1757
639
5737
8318
6672
4686
5907
3435
5606
8746
566
3400
7258
3330
3660
4274
2524
5332
4783
5666
2146
340
7248
8171
5868
8267
6656
2326
8181
7438
8626
4663
4917
7994
4088
2603
3364
7913
6953
3136
1800
8404
1813
1202
6559
3014
7679
7870
4616
4936
3977
1060
4796
3582
190
8094
6154
3069
3880
6103
2832
2599
9169
9642
4934
5445
9447
6936
2308
5919
1865
8213
1507
2587
3614
5488
1185
6448
5429
4525
2350
2726
7142
2929
1828
7997
7000
7770
2579
6278
5900
632
3418
2801
4230
8763
4530
7876
1707
7306
36
3172
4966
4381
587
8675
4645
5304
2308
9031
1841
6965
5010
4611
5275
6765
8734
5444
5505
722
8331
7386
2591
2844
6039
9425
7651
5694
4942
9867
2057
1396
9241
1035
6277
5628
1860
4689
6975
7790
7661
9325
6135
3160
4135
2770
9290
5115
3278
9048
734
508
5589
9165
4103
4488
12
9818
8092
9175
894
8526
6435
4347
3782
3721
8841
7653
9233
1175
5742
7332
3790
9815
6029
8268
258
70
1929
4639
5689
6749
4898
2634
6439
3236
1111
4047
1148
9761
38
3706
9957
9345
4991
7090
3983
1314
3174
5550
8839
5163
9223
4833
2173
5656
4644
7955
1159
4645
8202
2318
738
3782
5538
3394
6163
2514
8259
7925
2507
9434
180
91
4217
3257
1807
4061
5673
5337
4562
6473
890
2719
159
8902
2766
3381
3714
9538
762
3059
8227
4523
4733
5097
6353
134
8046
4682
6255
4351
4445
6600
5723
9037
8204
5897
7929
3617
5863
2467
2878
8443
9358
5337
2184
1641
4115
5714
5019
989
6846
7410
9414
7002
5343
3863
6196
7499
9867
7954
3375
9248
247
5872
7935
22
1971
1589
5599
9457
4061
1604
9856
8600
6966
8572
5640
942
3746
5394
2578
6808
2233
4551
105
8672
7962
4519
8991
6997
959
7038
2103
6717
236
3430
8563
2392
4769
8721
4855
5826
95
3679
5228
8532
1655
1805
2129
9128
2270
1594
8620
5287
5597
5591
5390
7264
5988
5547
4389
4296
8127
8560
3291
5945
1472
5117
3387
665
348
6193
8628
3591
4050
8473
1126
4595
9173
7422
2105
8123
5067
7102
2060
1006
1167
341
2491
2303
6689
439
6778
792
4013
2237
1807
3672
1336
1754
4860
7723
1094
2073
9257
6580
4473
1333
80
4233
8212
9492
6610
4731
1342
8913
759
4945
2770
7461
6563
7360
35
3809
5028
5609
1629
6906
4295
383
3047
8769
2954
7491
964
750
4460
5966
8696
681
1153
3770
7896
788
9346
1373
4394
7016
4529
8068
5692
3067
5929
456
7728
5675
9508
2815
389
6890
1127
9345
9665
7637
2264
8341
8202
3106
1056
4088
9668
3526
9659
1258
5108
241
4779
581
2915
1047
3677
762
7471
3403
1523
90
9643
2794
4576
8125
999
4993
467
2899
7322
9755
27
4085
3195
6955
5448
1735
9360
4483
6914
9036
3357
7935
7395
7782
7966
2433
1951
7385
160
442
2100
4010
9657
9921
2796
825
7400
3123
3823
4424
4103
7527
518
6647
8013
7916
7274
9326
9632
1026
9931
8518
4055
6754
6045
9604
3806
8059
8668
8675
8819
6010
7184
7261
4301
1765
5563
2469
2028
4132
9119
6612
43
8956
6590
911
4594
8665
6153
3569
9672
7656
8297
5626
9462
8047
7804
9524
2519
233
5239
7389
1467
865
8619
8374
4443
3930
8178
3511
1766
5752
5256
2716
74
2031
9478
8417
7455
9447
793
3301
5485
904
4785
3998
750
5704
8566
7273
2493
9246
3589
9915
1501
2978
2553
1194
7095
7379
3076
4945
4524
3988
668
4100
8089
1796
3043
8768
6808
4376
6606
9037
418
8648
1255
8708
2194
4259
7726
7351
9877
7519
4506
7585
878
7249
3677
4028
1062
5413
8582
1400
4736
7659
8656
4286
1114
1678
744
8002
2544
9826
9196
9006
1387
6617
5582
4241
6967
9042
5144
483
7410
7408
4105
2083
9279
9026
1661
5248
1899
5108
4747
5728
2071
6993
3193
4976
6499
3042
8938
4793
7820
6840
9319
7947
1677
4754
2939
1097
2577
363
2071
4993
9880
1412
5767
7845
6759
5273
8076
8923
714
3155
9304
445
2837
5130
6905
1134
2040
8052
2908
3498
9728
94
5347
6041
3898
5221
4449
2992
739
9745
4481
7475
9788
5104
2071
3963
6009
3323
5518
7024
8631
9687
3537
6083
6349
4618
4133
1691
8044
6167
4627
1386
3344
72
852
603
3177
1207
6677
4586
9603
4777
8473
3519
9504
4343
2078
1321
9992
4443
8983
7075
2263
2035
6249
2870
6708
7765
626
3915
9634
3136
9603
3771
9088
6250
7118
5205
1435
8331
4714
1563
6627
5893
6195
1241
2826
6159
5903
178
1913
524
2267
9897
9565
2829
2372
138
8719
9152
1138
3395
7473
5378
5583
4978
3587
1736
5109
6972
4614
4006
4340
2182
7720
955
8563
8516
2078
1081
175
8268
3120
3700
6495
5622
221
1671
7783
8114
1791
3885
8139
390
4938
3218
2923
2739
2910
5271
7085
8595
3692
7644
5081
6593
4070
941
2013
7620
7310
92
9841
9593
3600
6375
9205
7101
7356
5621
4166
1220
9067
2610
4767
857
211
452
7756
306
117
90
2138
9470
6884
5296
1387
1262
9824
6833
4757
2622
4704
4906
8970
783
9343
6071
9218
642
3773
7852
212
7266
1685
6722
5380
3023
2927
9116
6006
931
1660
2981
4080
9666
4687
8535
7422
7651
1243
9626
6255
1477
5303
40
6141
4624
4991
569
170
6842
8580
5232
37
5458
5571
7633
6572
6748
8434
6941
76
7481
807
2780
8787
8546
5171
7077
2807
338
1980
4237
3359
3582
3768
3753
3423
4801
3493
3394
5361
8744
3877
4773
6991
4886
7959
2595
7677
7493
9457
956
1922
1594
8025
2835
4712
6099
7651
6461
4537
464
8068
1004
6153
5676
9350
3475
7107
9574
916
9589
9387
1040
9941
9134
2099
9939
9957
2813
2681
9549
1583
5532
8798
6200
7575
4670
8385
9992
8355
1236
3641
4033
7290
2028
8578
9555
3237
1863
7566
7603
7442
1846
8381
6599
471
992
1431
7149
6275
2577
5142
9288
7232
8466
785
5833
2821
8322
8499
6150
840
4270
2475
4585
6353
3346
6860
5432
9881
2892
3572
8124
2577
8681
4329
3088
927
9166
4447
3544
4499
2581
999
4843
9672
5970
4658
8287
4103
8465
4979
7760
6629
9550
3106
5324
7036
3697
1100
4398
3879
5860
4792
3397
8310
4850
4356
4224
8690
9021
6798
7256
2490
604
4384
5930
9164
3936
466
2431
8160
6273
4867
9690
2366
5833
6466
8318
4624
1837
9942
2761
5297
5652
6990
785
6613
165
6787
1114
898
7457
9529
4225
7212
3546
3908
6456
9279
1759
4456
77
5397
8005
376
393
5431
4595
6928
4099
5424
8682
7582
4798
2446
3759
4459
9942
5697
2311
3112
5522
8710
7582
5427
5398
1549
5203
3961
5385
1573
8788
9173
1165
8826
4737
1991
5568
1477
5183
9664
94
3746
7052
6569
2657
3903
1898
8803
9622
3328
9947
5801
397
863
1495
17
2605
800
4316
9058
1329
2323
7794
9088
5843
5443
9769
1970
9316
3131
6162
6949
6757
8904
840
4697
5621
1770
985
7657
2311
4420
2516
2008
2446
9331
2065
2407
9640
5403
4839
3331
3637
6668
254
7051
8915
915
4466
79
5288
6158
1968
899
2522
6280
3536
1475
4766
6754
2575
4354
8475
2050
6696
8667
1978
5093
6335
2536
5549
7792
3658
240
8025
1172
3244
2490
3889
6832
5294
4304
6144
2192
3996
688
4707
7331
8890
2204
6033
2715
7553
6577
1335
862
491
6996
7364
5993
5094
1112
4062
2787
8760
1069
6000
271
9775
4226
6689
9500
7667
1099
2193
7991
2411
9709
6402
3920
1049
4326
2337
5882
2819
1370
9503
8475
8431
2985
7841
1075
2442
6764
8880
6714
3093
8237
2478
66
9116
5014
6262
236
7204
9666
2798
438
8737
6417
8492
9570
353
8823
1266
2449
7801
2915
9191
3886
9961
1884
1748
7944
9630
4119
4167
9911
4165
4694
2727
8832
5959
7883
262
35
6853
5771
1564
5234
5649
509
8485
5980
8614
9153
4777
8151
1798
3821
643
91
8926
3139
4993
6603
7015
9103
6424
6351
4988
8939
7376
285
9443
8789
1267
6679
9802
4185
4286
3229
2832
1848
1
3779
5581
1722
1513
3629
206
4607
1431
5718
8001
1217
6717
5377
409
565
7796
166
6991
3425
6749
7214
9397
247
5378
2442
9880
5119
7032
6797
161
2147
9076
4059
3000
9300
3015
713
7927
3163
327
6163
5174
5929
1531
4252
5415
6431
7250
4688
5216
8714
3393
6102
6897
3862
4055
8017
577
3891
3343
5606
9658
85
2882
9431
4461
5973
9030
5438
9891
1461
8983
1973
8817
1361
847
2066
4407
9825
6821
8529
2789
1707
4752
5641
7450
5717
9271
8800
3323
104
5206
2554
9229
3904
2558
8701
4591
9631
1994
1152
9590
1314
5002
8626
7510
3468
6190
3942
7018
7006
6545
1340
9425
7992
4031
8123
7685
6201
3668
6443
5321
5345
1394
1695
2606
6488
8462
6591
8626
3160
4392
4595
2966
6421
5654
7068
4810
2509
5244
7037
5863
6107
1769
8502
8392
3669
1201
2961
4534
4325
8626
9253
7583
3236
8502
5496
946
7810
3173
7778
1338
3299
8803
1244
8533
899
4733
1191
7007
6986
2587
5593
352
4155
4675
5491
1982
9414
4090
5662
8992
3901
39
6787
8753
2580
5014
5033
4269
2802
5158
5289
2683
5364
9072
3630
5447
7616
3716
5129
3947
2406
6818
8081
8569
6659
5345
4694
3672
4959
4079
9062
6840
7863
5638
9769
7491
37
4295
5751
6451
4587
2774
5786
9162
8478
9698
4334
641
175
4303
4772
1073
6965
594
9862
3480
4534
2584
9333
9608
1349
4579
2718
4754
660
4627
555
4170
4139
3309
1685
5463
4081
8106
8391
1897
2887
1630
8302
7543
5908
530
8173
6293
2059
7889
6189
9070
9129
9692
8882
9620
778
7899
2664
8097
699
5089
7980
3832
1530
1338
1735
813
4137
9380
4053
5022
6962
2759
9028
9277
5908
5233
8408
6315
3356
1458
1675
4482
9055
2690
1474
7551
1507
8410
5819
1274
974
7478
49
1299
8198
3364
7794
8939
5463
4041
3736
8892
1827
4817
5812
4390
4307
2304
6137
503
7644
346
4548
774
7949
9980
6169
4637
4949
9509
1912
704
4081
7636
63
6590
7523
8975
6937
6739
1550
3101
100
4551
6366
1329
288
1527
2836
6003
163
9614
2943
9244
8330
4735
6614
3390
3018
1394
5938
8895
7365
8473
4617
4144
1527
9661
485
1342
3584
2122
1859
6275
1532
7619
918
6426
2286
6756
2748
5246
1339
3939
9801
5309
6547
9921
9871
3486
4762
3490
8015
5628
4932
5079
537
5070
1104
9236
4576
5381
7483
3635
2121
6513
8725
4245
5009
3904
1297
656
254
4004
5285
3625
7742
5888
9314
2031
9548
9903
93
3298
8113
3745
3404
974
22
1874
3852
3656
4872
8809
6383
755
3845
5178
6435
7423
8226
1736
8221
9008
8383
5739
341
8278
9250
1817
251
9630
4880
1365
5719
6372
8138
5889
366
9907
948
16
7457
2043
161
365
5215
6782
4586
4177
8602
3623
8781
9397
4487
2295
5058
7589
5279
7917
9721
8109
2579
7442
8239
6131
9996
5502
7856
8912
3264
2938
4102
2940
8880
6803
2175
8357
95
7111
4589
5788
3246
7888
8870
3484
7794
4346
9484
4136
5766
7811
2375
3727
1884
7694
846
8607
7247
5091
5477
6787
693
2375
7121
4778
8928
9011
9750
9078
7075
7284
1617
365
9778
6542
5953
2496
770
6957
3808
4438
9775
7242
7248
4292
781
6743
3937
1787
6358
1223
3199
2654
6577
5565
4872
7118
3828
4191
7162
3652
7344
2758
267
1882
1627
7429
2594
1670
7067
5540
1203
9588
4446
6872
3257
223
4823
688
8971
1276
4515
1247
3153
2899
1881
1185
687
6507
2015
5707
2800
289
953
3060
8526
4869
8445
586
4926
6161
6850
7106
6649
838
1895
2608
3524
3221
2080
6270
3297
6086
8058
2685
8430
7545
5552
6454
3915
487
5238
5708
5530
387
4291
7648
9759
9187
923
3615
7911
629
9594
8332
4004
2832
7421
3606
7430
6424
4907
8053
6614
8301
7537
1543
3452
5361
3002
7665
6560
8820
3917
4500
6125
8270
3248
7918
9234
3496
1675
3850
7346
3399
7223
1493
9435
8230
9238
4078
9443
3727
9964
761
5727
2229
6218
4655
2238
4481
9227
1638
9889
679
5880
4905
846
7349
7430
3764
4186
8440
6703
2638
7843
4442
7390
354
304
3788
7204
7340
4800
6539
7607
5325
8207
4178
6458
4955
2375
4909
5000
9672
4595
549
1242
7742
8191
5596
1944
3428
4907
5703
7660
7103
2958
7939
6962
407
1239
7957
8363
8260
3727
5122
1409
86
4347
9144
4933
7134
6765
2055
6756
4061
1049
9264
9720
4054
7941
952
2939
7922
9242
6776
2806
2401
4008
4885
9303
1768
5669
7111
545
9707
2518
3592
2461
983
6262
4347
1263
5404
4963
8534
4019
2758
280
8237
6790
2120
5125
1452
4241
2516
2699
5025
512
3208
1027
4996
3650
1832
1006
6932
4776
2931
9495
7856
288
8917
5157
3326
5499
9770
8397
7787
7946
6490
3284
6112
520
1189
5329
4477
9761
5355
3857
4501
4304
3816
3364
9477
1925
587
933
2434
4694
1954
8776
5342
7468
3268
6811
3367
5230
4394
8014
700
8220
4955
9167
5901
3602
4610
6831
7070
3212
7758
9856
423
9496
2998
3360
4843
3878
1223
1471
5027
2061
1755
2571
3063
3703
9880
637
9704
2621
8130
4988
9325
2013
5470
816
7255
6871
6036
2177
8083
9959
1631
6238
5468
429
7477
2233
4091
3433
5150
6031
9980
225
595
2102
3006
8997
5204
3183
4006
2825
2677
1834
9120
2113
3414
2089
3812
1804
9470
8477
449
6311
3155
9692
1241
6594
9225
1076
5272
8768
7733
7642
1745
2744
7084
6235
4919
4520
4908
2628
2470
1401
8183
1308
6556
7245
9704
2414
6487
2613
5236
6197
3515
1743
8062
5169
3920
3005
4070
1222
8230
9969
6671
9475
1686
9124
9371
5088
1831
4358
6886
8672
4410
4975
2956
9238
4146
7908
2776
3172
3731
9078
5194
2079
8214
6692
5059
8462
6726
8512
9664
529
6986
4991
2977
4303
7199
4666
1093
7703
1201
4930
4004
5048
2359
784
6152
1612
9224
4282
7593
7567
8685
9106
9284
9742
2293
1641
7207
4234
3039
3904
6523
4715
4871
4015
7183
369
5936
1198
253
6454
6106
7184
9627
8496
9009
5136
4320
9122
9074
7076
4576
9714
458
142
1446
9813
5676
1650
2254
8566
4575
4177
1132
8118
9778
4003
3676
2670
9661
4612
9463
1056
165
2693
1934
5771
2955
2371
8470
4204
6275
3957
8385
3570
3244
2062
3093
5866
4000
3939
1995
4121
3609
8007
4006
1272
9454
6241
3917
4169
9561
3167
871
2952
6151
4532
9122
6173
3051
44
7584
1886
415
8113
7439
2834
6056
9046
1491
8240
1460
224
467
7253
515
9509
6172
1684
7855
300
3190
7959
7546
1908
3393
6484
5635
993
3403
3052
8852
4737
8049
3133
2587
1452
1535
9878
9218
1050
8406
1658
4541
9150
8457
2190
3456
8016
1428
4941
6954
4761
5418
8412
1698
6775
1930
5959
557
4080
7772
825
8857
3956
5197
235
4618
1691
4661
2820
8766
6013
945
8974
1278
9952
2386
6233
5971
2156
6194
9977
547
1531
446
6923
5959
8476
6996
3157
5706
9206
5226
4634
7424
9610
4168
7277
9200
6913
8740
8909
2336
8148
776
6127
1659
6219
3026
1194
626
9117
6088
9243
4460
6102
453
3000
3019
7942
8229
6146
5005
6710
3321
7267
1355
278
2999
71
3810
8482
5281
8904
2699
8723
4736
2033
5193
2641
6829
324
287
2678
9979
4806
7691
9518
4245
3592
7795
6955
8304
1233
6011
3765
492
6951
8815
5182
3276
221
5523
2371
8768
3974
3861
2926
9211
9944
9612
104
742
7019
6543
205
6288
3952
9252
8984
4192
4111
1411
349
5193
2712
7271
7285
5704
1483
1569
8580
8301
3124
8808
7894
788
1838
2097
5576
8623
8200
5926
6468
2338
6180
1158
3812
4058
1516
8522
1255
3066
1344
5759
7985
372
6554
245
2508
2689
5107
4947
8701
2589
6574
5028
7698
1314
3665
5778
9271
4975
4213
973
6631
724
2883
2776
8607
749
1854
2257
8063
9753
1711
4923
9114
8069
6363
8682
3645
1162
5250
8442
7100
5232
5072
4924
1368
1661
6438
5677
1501
6095
9731
7125
9111
4529
6411
5033
8884
3981
5658
3342
2693
9438
4114
2587
8398
6817
6239
5257
6429
9800
3900
8618
1607
1770
6495
1042
1246
6363
3503
5943
2190
6707
8390
7729
7431
8909
7953
9661
7605
7166
2756
9716
3995
4448
826
6435
8911
9339
4826
7431
5566
9967
6134
5222
5232
991
941
2205
5638
1309
1392
8130
9392
9951
8194
7957
1675
7867
8248
6664
4792
5573
8000
2471
6967
9681
1229
5702
5730
7446
4384
9751
6790
5666
5987
7988
6652
116
1008
1566
4919
3514
8494
6035
8229
103
9931
8550
9320
9936
9717
3950
5679
740
3010
3052
6301
5862
2639
2074
8523
7976
3061
5373
8281
3302
1240
8391
559
8556
8698
3068
8802
4436
925
5342
8691
80
4165
6855
1761
4832
7723
386
350
5329
3022
6103
3663
99
1267
209
4589
9268
6654
1198
4105
494
1081
6562
4861
1946
5649
7832
157
8576
5664
9479
2332
4861
8628
6172
9178
9823
1727
9258
443
4559
9464
1418
3491
1675
2990
3249
3614
447
733
7757
9612
9167
9033
5051
4105
2868
4583
2600
4459
6449
2779
5009
4052
5921
9724
634
7448
7760
2868
7848
3800
6194
3044
8716
8860
9491
6948
9964
6640
6651
5095
2719
8021
1341
525
436
6232
3726
7602
2703
368
2957
2083
274
81
3475
4433
1093
685
9671
4143
3777
3370
6302
1750
4334
8575
6750
4487
4055
280
4494
464
5495
8969
6492
3960
6386
7310
8074
2180
5186
2305
949
4412
989
8453
660
5384
4655
4896
7002
9715
8409
5813
3431
3954
6166
5279
9873
814
502
2441
5099
9148
8169
5418
5263
2782
921
5007
9517
1171
3764
8737
7488
8281
1797
1797
6361
2675
8062
2786
2059
9653
7013
6365
7746
5356
7816
5600
2896
3995
5133
3289
3846
1728
1178
2654
155
1044
2285
3695
124
5106
1226
5988
8128
3743
1136
4629
8215
3463
6470
6856
1886
3673
7751
5989
1282
3864
982
5094
2575
7362
9232
2314
1347
6750
7197
5641
6211
4430
5506
5713
8986
3092
5431
4238
7290
5393
1104
2953
4240
7352
9722
1895
4681
8546
9315
7490
7754
202
8838
6038
5073
4808
4787
8753
5590
1867
2359
4685
6925
6799
4860
7658
1242
1423
5583
9044
3265
8932
2538
948
1962
491
8622
2099
7998
9108
95
4040
7008
7143
6812
7314
2666
6897
9241
2706
9907
812
9451
5952
7306
172
9599
3902
6434
2534
5623
8569
3770
7691
6850
3739
6968
882
2215
4894
7617
100
5038
7483
4551
3777
5179
801
4736
9616
9128
9601
5759
2627
3853
277
5009
4825
3007
8785
8950
8156
5186
6465
3305
1899
6716
898
7198
2403
4248
5742
9960
4438
8644
9999
3972
6525
4599
660
9589
4073
4962
769
1340
6741
7810
2240
7668
8360
2831
2262
2520
8231
8757
7633
3074
3319
8124
8605
5856
2864
646
454
693
6781
9300
951
6073
591
2517
4801
8814
8018
2317
8311
416
8535
3790
4838
9112
3008
2341
1650
3166
3066
7539
2460
7992
6276
8438
9968
1683
9711
6164
6858
5948
3534
564
5336
9260
5452
7912
7227
5166
3580
8747
7015
4270
9803
3475
7114
160
6483
1811
1289
5114
1257
2480
2054
9087
1350
9598
3054
7977
5298
2870
6559
4322
5564
6614
1062
9344
4438
9749
7142
8522
1437
9473
8677
2123
3367
6791
5632
4513
1893
4286
8303
8946
9096
3665
1955
7453
8160
8151
4252
5336
1695
641
632
2299
4395
63
8645
9528
2003
943
839
1590
7673
9171
1716
8185
2574
4670
669
4639
9451
11
872
3657
5739
2489
7784
5476
2582
423
1358
4899
2232
3128
2713
8699
4897
4883
2568
1835
5077
1563
4800
2869
6931
9557
4954
957
4003
9147
9892
5710
6409
540
8007
8115
4326
3981
2072
3273
6829
8160
3624
846
8931
2912
1430
7141
8735
9798
9525
9514
7522
9307
7128
5724
9216
1323
3977
2684
9660
7202
409
9281
5026
9638
2785
3733
7101
5552
3031
3215
1129
3912
3421
6925
9506
4012
4820
4702
1500
444
5614
3610
2316
9222
48
8351
275
1049
4502
1993
6011
6520
4656
7852
8762
3981
2490
6529
2836
6711
7210
5195
4621
2289
5810
6949
2011
880
9494
3178
9770
5769
6903
6048
9673
2573
8174
8913
1041
3283
9012
7640
6982
400
9246
4709
278
6053
6806
5949
1903
7092
4212
5393
6093
3664
5131
7304
4465
6513
6384
8428
7261
7537
5990
7678
9115
374
9605
4279
2542
7596
8761
3549
8384
7294
2118
9918
3882
8609
216
1179
946
9102
5993
4020
3934
5641
7740
860
7656
7042
7591
5849
922
3256
6637
5690
3832
4181
9945
4053
8924
2698
8103
8732
5485
6791
7244
2683
729
4167
5974
8689
6017
6982
6589
1977
8628
6016
5289
4644
5635
4632
2509
5812
9748
8689
7122
2199
8307
5309
6590
3486
7714
7279
8659
9193
4592
5759
8580
3378
360
2282
754
8338
848
4146
8181
2836
6226
8921
9685
4324
1144
6726
8713
4290
7200
834
4358
3273
671
8498
9577
871
7362
4273
8641
3081
1423
7160
6035
3813
3098
2925
9936
2467
4532
3414
5700
3736
1789
7992
6837
2592
7914
1840
1164
1687
2690
8845
5792
9013
5762
8585
3389
8404
1088
3730
9172
4175
909
3625
8924
3544
1492
7525
3574
726
6911
5381
2494
8090
5432
8129
2893
6924
9661
3595
6316
8615
9373
9896
307
1357
7487
5269
1935
5640
721
9927
8609
4847
7310
2867
7795
769
857
7991
5686
8961
806
5107
1576
8829
3064
631
5617
4077
8661
1163
7116
2581
1957
277
6898
9431
9881
762
8945
9128
4121
9924
2908
189
4822
1388
6445
8306
8862
2453
598
8294
7357
3541
6292
2647
3248
2464
2852
3013
6550
2546
6544
1750
7167
1433
3186
598
3142
8493
3305
2872
9899
4461
2105
6205
6729
4616
6893
2415
566
2644
5432
3675
905
7006
1993
314
2405
8766
7068
8218
9172
2518
428
4893
4223
296
5463
6478
2809
3617
1691
8619
6540
9366
1084
3635
3291
1673
903
6702
5206
7992
3168
5459
4284
3314
5224
9626
1675
1383
8747
1439
5539
1499
4885
5839
1624
86
9396
83
2982
3643
7897
1446
8943
4835
4696
3956
1696
6597
2575
609
3841
1349
2804
4914
9067
6070
5815
2796
9285
6173
2214
4632
6247
7332
1406
1280
8415
8935
511
7913
7281
990
2313
7052
7481
2520
7987
3026
2988
2416
3018
8540
7116
8735
3718
3709
8107
9934
2840
9044
119
7973
7600
3353
5060
8821
1980
4963
6471
2751
5194
3172
2894
3775
654
8003
7181
360
4415
435
1059
5197
8795
7092
1867
2473
9851
7318
9374
6092
7122
822
2550
819
783
3927
2782
4995
3617
7950
2549
8481
6202
6649
609
9473
2972
9788
4015
7113
6480
8250
1321
3792
8806
6685
2433
6585
7271
8771
3866
2214
3014
9829
3414
7707
7445
3764
6057
5185
5747
658
5948
8099
451
6955
2398
4920
7336
4078
373
157
5292
1947
3330
2254
5888
8475
7298
977
6830
6311
5745
8960
7674
998
2954
897
7127
6534
7513
9299
1477
2870
8769
2039
7528
6541
521
3785
3781
7195
9521
4633
7941
8859
258
6059
8604
6609
2067
6135
3987
5990
1145
7453
2321
5580
2502
9177
6808
8464
1778
7278
9020
5516
8007
6067
9807
5318
9590
1319
8343
4024
7367
1522
6529
9740
557
6537
8702
3060
8840
4717
3723
1700
3668
4945
9215
7613
7535
5542
702
3270
136
6726
6987
8536
1187
8537
442
2743
2857
5638
6546
9848
8620
9626
3233
4212
3768
5470
2410
504
3684
9192
7082
6613
9496
4401
8745
9354
2521
1966
1595
8220
7408
4317
7142
4176
5720
9198
8382
3877
3350
5339
8731
9377
371
3798
2444
4726
2981
590
9157
6832
4972
3549
7396
8413
6488
256
9522
3882
3975
6340
8276
8695
2876
2809
6433
6470
7211
9462
2206
3909
4641
938
8485
180
2785
6250
7173
7237
1577
7595
4258
9601
7235
2926
3549
401
2887
9987
9534
2063
718
7323
9101
6713
8033
7102
129
8750
544
1253
2864
7577
110
8182
6565
3192
3434
3978
4287
7576
2840
4028
7957
7518
9406
9216
6696
1924
843
93
8417
3038
6801
680
8938
8904
1075
6847
6121
7342
4506
2047
6054
3431
7250
7763
6029
447
9809
8457
4031
2752
9383
2354
323
9164
3168
2566
9306
90
3303
1410
6320
2730
5413
7856
6718
5606
6455
6352
1149
7048
8253
4840
8101
8386
3295
7029
9347
1646
3594
4157
6601
7970
9096
9507
2623
1455
5694
3574
6839
5399
6542
5319
8350
9512
9917
7925
959
4009
5647
7382
9137
6352
6846
8772
1473
766
4010
3505
8474
1608
9466
5673
4768
3987
1728
9155
3357
5338
2491
4083
5395
3119
7014
6447
3855
604
4926
3676
7775
9717
9329
3716
1450
8060
5793
4678
1901
127
2855
2171
9607
3842
7541
1792
858
1109
5764
549
8321
3123
44
4896
5521
5062
3826
9103
7640
4681
3691
937
3090
1404
1839
495
2907
590
9257
4132
5279
842
2491
1974
908
3120
6574
200
9769
4494
2150
9165
2496
2907
6804
7763
1302
4273
6
4666
2364
8053
1881
7567
174
4851
7743
7210
7016
7418
923
5168
7913
4354
3832
8678
447
1589
1881
7091
2706
4193
4812
5680
7725
7481
8568
1438
9942
3762
5062
4
6527
9745
1196
3940
5013
1823
4451
761
486
4470
3930
9616
3728
5322
6627
6943
628
935
5772
5670
7897
146
2472
2273
5052
6671
3836
1895
7573
4639
6070
3202
9045
9092
2198
2011
3244
7507
6945
2289
4376
4707
6298
886
9543
8888
1233
7110
2013
1031
8920
7797
1073
7462
3616
1732
2722
8626
9219
4160
2039
859
3834
5847
5891
7888
5230
8711
9639
9971
8427
421
6290
4328
5297
5943
8116
9375
836
9199
2704
8172
4516
2628
1999
6511
2887
5774
849
3733
2001
2638
2719
7962
5814
6152
5900
6809
4870
6174
3610
5475
2391
3706
7320
7095
4593
1511
1961
6339
9602
8909
6160
7896
9569
2999
7239
9795
7792
8867
6095
7469
5451
3061
7330
6673
9406
2280
5124
3573
5442
7906
5384
5927
7655
6755
5567
9333
4126
8922
7771
7465
6669
4612
6466
3999
6166
4210
2493
8085
4961
1269
4896
350
469
1289
3060
3186
8470
283
8464
2774
7240
1113
5623
7475
4945
6516
5354
8470
749
9556
542
819
2427
5273
3800
3655
1893
1497
8469
7929
1421
2986
470
7755
4450
782
1977
5139
1154
8470
1731
7344
7305
3893
169
9484
7384
3074
6541
3309
8065
7161
5717
7351
2398
8543
5592
4370
8322
847
2802
4787
6247
2470
5431
2393
6486
9751
1588
1687
8134
5436
9105
873
7547
9531
7298
9236
5104
3408
4125
2191
4335
9820
102
168
8940
2490
2341
4356
434
2026
6201
3879
2645
8940
4647
6508
8967
2522
9802
6434
390
2898
1022
7891
9986
1199
4696
6081
2140
2387
6173
9359
2154
6099
5251
1354
1496
3855
68
9075
8680
1420
6654
313
3226
7568
5592
1319
6326
6794
9504
7176
7398
1115
3935
4898
9329
4565
2573
2246
6370
7534
1105
3811
8215
2593
2465
4497
7237
7233
6616
497
4697
2507
6917
9630
186
3815
8832
1743
6554
9706
3879
3213
3914
9116
8487
5020
2685
8113
1926
2967
7269
1157
5069
8924
2010
1193
8372
5825
3097
3493
805
9714
5193
2489
8994
2217
9624
4276
4226
1864
8084
8048
6902
6517
1766
5880
7930
3267
4841
5014
823
4361
4009
8013
550
5649
2726
2224
5759
111
6423
6414
9087
4971
299
1147
2152
846
8058
204
4562
277
395
1726
9023
597
7535
2419
9421
7195
4330
10
292
9662
3138
9386
5071
3636
3455
6475
5943
6942
3251
7616
8827
8576
6451
3973
9564
8433
243
7666
325
6187
800
9625
1672
4160
8759
9538
7314
3833
1283
9599
1889
380
244
942
2892
9578
2522
3916
32
2705
7088
4304
5308
4645
9270
5755
5778
1622
3911
5786
8238
6318
1306
6837
1554
3289
4275
136
6768
2689
3497
5483
4993
2294
5795
655
8690
1734
5771
2264
8894
5646
2612
706
9958
2077
968
7505
5646
3777
1098
4329
7425
4337
1787
7110
116
2070
3208
9769
5560
6919
2400
3072
3769
4480
9426
4017
9635
8829
7045
4115
1205
5816
8930
568
2302
2013
7628
2075
3955
7319
5568
3010
4626
4745
4039
8432
913
4555
2424
6474
7168
702
874
8787
333
7774
3944
4039
5814
8915
3965
144
3848
7972
462
7817
5830
7817
1143
284
5702
1002
4125
3802
9862
2922
4867
2887
4028
2346
1832
3310
7594
2763
1934
9593
4880
1668
3174
4773
4572
716
4726
69
1212
1252
6572
6502
6788
2244
8316
1274
5179
5600
1189
9556
6688
4231
5570
3294
9354
2584
3677
9226
6029
2578
3710
4148
6488
2534
3185
560
379
2107
7493
613
6965
1806
5984
2565
5804
7139
6256
4312
294
8172
3740
9140
9940
7397
2233
9659
4079
5322
1305
881
3978
9078
6238
7017
1815
2041
1005
683
6853
9444
1629
2051
8247
7604
8190
297
9856
9369
7894
4697
8411
2034
6694
7135
3735
2343
2412
7809
6335
5763
7602
5496
4455
4748
99
2731
5426
8656
2110
9626
5249
4845
1651
8117
582
5388
2346
7911
8854
5771
6371
3010
8365
8839
5128
1928
1420
4323
862
5011
6829
1303
1818
1954
583
2215
7665
7504
6125
7710
952
2866
8624
3368
2890
5549
1557
3321
9512
1458
5249
4205
3194
3992
6705
2013
7748
6484
2135
4139
2484
3446
974
2618
1607
9283
7086
3532
8907
6075
6795
3481
1071
2727
2600
7338
1767
2289
5225
2255
1564
559
2854
1859
800
8637
5515
7594
3567
5622
1212
1011
9841
8639
5478
8608
6156
1504
5537
8303
5350
8223
5665
6181
1079
715
5324
1382
477
7203
1622
2579
6026
2481
9512
2368
3352
9574
2703
6417
2653
7042
704
7200
601
1280
9081
4446
7228
9980
851
7204
4933
7586
8372
8388
101
8981
1440
9201
4529
8456
1600
2503
406
8972
43
8425
183
2487
4816
1125
899
8733
2934
8662
4962
5902
3162
5366
6845
6604
4248
2590
4077
3782
1445
7211
9211
134
7849
5647
9159
6116
5834
1937
2452
501
2915
8609
9233
5284
9491
7117
6163
2010
530
7593
2173
2813
8383
3438
34
4483
980
2610
7009
497
8363
3999
3150
7956
762
4051
4946
7995
7257
4964
1673
3247
7189
525
4073
6016
2317
186
8434
9054
5833
8300
7873
8769
6474
8441
3406
405
60
3347
3238
3221
3496
5315
8979
4578
8327
4402
2438
5137
8737
8036
7719
7151
2371
4769
8227
433
6975
7169
9605
1612
2190
2132
7807
7261
1024
5243
5975
7511
3347
1766
5935
4839
5794
651
3244
1509
6181
6768
5848
5129
406
3941
35
7656
2068
8593
1188
4634
7920
1527
782
9608
6517
8564
7902
7543
6932
7048
5920
6092
4749
8447
7521
9803
4955
5739
8671
528
1398
8272
7644
3177
9532
3371
8018
2974
2425
6880
3616
5470
1858
6382
1106
7271
3746
2513
7888
4210
620
6213
9469
5544
7839
3009
9807
869
983
2727
3134
6664
5728
8967
6677
1940
5574
5915
8790
3286
5320
2818
4234
7938
7178
4396
8694
109
3354
1583
1273
6337
5386
7156
2210
7153
9116
4737
7694
8889
1644
3252
4510
5760
871
7608
40
3725
8601
8519
900
8163
804
7645
9431
315
5836
1444
252
9404
5200
9409
5358
9066
1987
8731
6978
4376
6984
4947
4721
4219
3292
2836
1332
6572
7501
9977
1160
4153
1129
4453
1169
4170
4289
6563
9274
8043
5884
8890
1066
9322
24
6237
3810
9327
2603
5037
4179
9507
3543
3739
5821
7662
6092
5485
387
5825
9176
6156
2442
8989
5082
8792
6511
5150
8532
9017
3400
4551
7406
7907
8242
3419
7494
1124
2122
7541
6374
8398
7864
3109
2094
6604
3686
6552
7888
7842
7294
5090
5387
5893
6977
8923
6767
628
5268
2691
9407
8914
2372
1635
9093
6033
1498
114
799
2205
1034
5344
5495
1730
6821
8195
2176
3658
4223
1307
8940
5303
9435
9556
5851
1033
1154
232
7917
9229
3506
4814
953
5555
6339
6771
7286
7546
853
9331
5958
6810
4597
1988
7603
2125
8846
8944
1009
6843
3740
7133
5315
6752
6572
2394
8538
8732
800
6088
8264
3272
7183
242
1619
2624
792
6475
245
4305
9286
3635
5920
5055
3631
8661
9534
4771
8135
4976
8950
9745
7106
1728
3019
8674
2759
2776
2462
8226
3760
6447
4308
5783
1165
3604
2371
8828
2456
3759
2997
9466
1235
2293
2079
594
45
8647
5484
7145
7620
3000
5938
4576
9397
8009
86
5871
527
435
6219
1902
9653
9536
4085
2160
9522
9863
8828
7548
518
1634
6604
7081
9695
781
3289
2117
8435
9054
1264
834
905
4011
4537
9886
5816
2844
1049
8045
1895
2926
2915
6277
532
161
4478
2134
4432
1567
5250
3540
5975
8954
2460
8338
1053
4976
8769
4733
1252
4861
5535
9986
4555
6926
6799
4477
3344
9165
3015
2975
4245
3086
5452
8346
3312
8533
1012
5629
8253
1553
5145
4999
9279
409
5610
4505
2179
6322
3788
4797
3957
4410
1725
8333
1740
9524
2313
4897
6880
8432
7893
1913
5836
1894
4665
8067
6750
639
2763
2697
5148
8593
6678
1866
5025
4405
9450
4627
9700
4390
3021
2858
1977
1799
1518
7303
1777
9601
2650
3600
3597
4713
3400
4287
9840
3419
6751
4321
194
6309
6231
1806
9392
3905
7276
9361
3185
6848
2143
3699
2484
5824
8440
8168
4005
4378
3494
5541
6430
602
774
9723
1786
7356
9266
4613
2485
4223
6384
6331
9583
2457
8795
3969
6079
3319
3040
5999
1028
2815
6319
1005
9959
7972
1233
5898
1564
9845
4280
329
3047
7459
8610
7977
6028
7980
6823
2368
2543
5673
882
7475
1577
9568
5725
8996
4844
4887
2884
6025
638
1430
3996
693
3633
6199
9196
3221
5043
9389
6745
8665
3521
8798
2272
9068
502
5119
9325
5010
1154
9066
1000
8206
2229
5934
415
5709
6811
3908
8302
658
1714
4969
1275
7103
8102
8589
862
2557
6813
5846
7869
3880
7374
7473
7351
7417
4157
9527
9158
9377
417
5304
2775
4207
4727
2551
2646
6975
7391
8946
9746
5776
8084
2124
6367
5983
4314
8920
6987
1925
815
2484
7304
1786
7027
2048
2664
3124
2132
6330
5799
6224
3138
3863
2354
2571
738
7535
1141
5054
1358
6070
8626
2868
1385
3603
8334
7754
8673
4207
6757
9762
4765
4923
1150
1683
2597
9310
6905
1216
1744
1354
2548
7731
4984
6298
5517
9702
2587
5658
8482
7310
3771
9619
7700
8197
7509
9185
5514
3826
6287
9683
1618
4951
5994
2863
882
2167
2646
4095
1868
7858
6613
7132
6704
1678
5095
3525
9244
4532
1861
4828
7743
4932
8586
9309
4363
9941
8459
2652
7368
3213
2760
8362
6389
8618
1802
4004
8441
5451
7996
4728
1272
1133
4406
1204
4881
4246
1812
2221
5268
632
613
5801
3249
130
5951
4809
3275
4233
2256
4391
6956
1374
8240
7096
8002
317
4386
5885
119
2017
6889
3884
5342
3383
5431
4086
4457
3821
1441
9589
2968
1878
1694
6948
7644
3646
8942
1243
1897
5669
1207
2005
5881
5577
4603
2607
7070
1268
2854
6400
9311
6495
6995
6960
9108
7986
3085
7782
5709
2617
259
1713
604
7012
869
5091
1187
2619
6155
277
9816
9532
1749
6715
1765
3443
6781
6870
7883
8468
7241
9391
7127
2920
7820
8566
2813
2418
3260
2072
7249
6589
3198
1222
4948
8692
6173
6792
1019
1469
3050
4845
172
1891
766
3165
8994
6238
4394
7854
2192
6785
8671
8112
4689
1216
3482
1941
5213
7388
7495
2287
6728
7629
8598
3128
197
8619
811
9368
9128
1256
4431
1335
7577
9773
1844
9744
3893
768
8470
8685
9646
4511
2333
4581
4114
3067
8719
2015
8873
2372
4147
2161
6744
3245
2223
3497
1634
2684
3426
2359
1918
2049
3918
6358
9892
5567
5054
7590
8577
6012
3062
7703
3787
8913
1319
8691
4830
894
9857
5864
6580
7230
8707
864
4931
6625
5582
9136
2224
3132
7319
7770
4961
1194
4556
7214
8384
1373
9614
3764
9228
8357
1820
3151
106
4172
2208
3214
3160
1627
1587
6004
5298
7389
1323
6882
334
8782
9989
1038
9361
4271
8798
1715
9348
4473
9115
9764
5394
4059
2664
525
9528
2530
1485
9849
2479
2963
6109
6666
9958
8056
6120
1880
3815
7941
2529
2553
3020
2839
8329
6841
7387
1672
3658
3078
9581
1265
4368
3643
1196
7564
929
1351
154
6516
8318
8601
6142
5147
9681
1259
4202
1448
1686
1496
760
7660
8870
9914
2547
3231
1871
2708
3777
8444
9023
2505
8462
965
6687
9352
3908
9428
8605
9413
5318
5840
1569
9349
924
792
7025
9525
7353
5391
7984
9478
5368
36
5809
3561
2629
6924
2889
3268
8392
8767
2626
9471
8123
4236
4444
3630
1293
6457
3423
8458
1840
6427
2603
3534
9132
2190
7904
1563
1094
7137
2874
3401
2267
8834
9699
3994
887
482
7756
8972
6531
9316
1783
5100
7114
7255
3628
5889
5612
1901
3659
8604
5147
4919
5521
90
4643
3984
483
19
6519
6643
8599
4770
1718
7961
7043
8801
1149
2931
3133
1
2086
9712
8049
227
2797
6347
1073
8214
7667
9893
9542
8301
4156
1242
7205
3468
3939
275
4045
1087
5070
3111
3021
6391
4812
8558
9043
7970
5418
5172
3566
8278
165
9223
4405
282
6985
5613
7264
2896
1064
9636
9252
7699
1319
503
1453
1641
6466
7130
6227
3381
4448
4643
8495
9932
481
9461
3559
5281
2995
8954
8549
6031
7924
5068
7046
9875
3234
336
7694
836
6735
3199
392
624
5200
5250
6299
3316
1524
5034
233
2695
7217
1738
9409
676
2873
6769
3316
2882
3725
6040
3684
9889
6632
3332
9833
4211
2908
4344
7437
4645
2138
6714
391
7273
1866
7072
9893
2545
5419
4599
1970
8282
2612
2144
7367
8019
2425
8551
6782
6408
3801
6817
7665
1391
7476
5250
5105
2910
202
9497
643
8151
2495
2344
7908
930
1387
9491
5917
2421
7869
580
2706
562
8223
9561
1381
3149
3652
2299
2728
1657
7726
2876
1599
3982
365
5980
9859
1592
5810
8183
3234
6015
2225
4734
8708
799
8805
3857
5801
2644
2173
3750
3406
3043
4052
7209
7599
3287
8398
2112
166
1671
4447
4426
2257
2769
1062
6035
3826
6821
4134
6182
6880
1632
8421
9984
7818
7108
92
4637
5884
6048
3007
5409
8234
3793
920
6325
1209
5941
4044
3099
4669
9847
5999
7104
3213
1708
4019
3454
8323
7865
5627
5835
8879
5967
6285
3569
8171
2196
9878
2299
9609
8191
2456
9064
7033
5712
5839
3983
5175
1482
7169
8336
2769
2766
9651
1859
4358
2612
7192
6735
5113
2632
8900
3097
6149
207
1199
5382
1755
6837
2390
2895
1846
2245
1771
5569
5088
7300
9964
1261
3981
330
6641
9266
5445
8910
9583
3269
9311
2524
7961
9451
7113
7846
1607
6787
1348
3813
6398
9251
9948
3226
4047
1581
7414
2357
2444
3533
4690
3040
3396
9906
7727
9274
9584
8790
4414
7932
3958
9196
8638
1977
2923
2934
4390
9750
2982
7263
5938
980
5391
1339
2037
8742
342
7305
5389
563
7344
4275
9395
1706
7147
2050
7585
2525
2995
496
8191
7820
3422
9675
7990
4318
4193
2387
4837
4334
5158
8913
4434
5328
9173
7491
9000
4622
3294
4264
7486
1220
9529
7317
1849
3204
4789
9249
2680
5431
2829
1395
141
9777
8505
4438
9483
2400
6880
8375
3786
3744
6954
6795
7351
6397
2644
5935
6553
5271
6973
4525
3295
8987
2893
3255
2533
1588
3846
5636
5366
8461
9682
932
8187
65
4940
6162
8001
5265
3066
9029
2760
3042
8328
7922
1831
9089
6768
4338
9821
9907
1701
4588
4051
685
4944
9071
334
2140
7809
7565
6304
7490
6407
7959
9086
5087
2346
2209
7900
9624
8725
7634
2707
4902
8242
3035
2709
2205
3582
2225
1720
4727
1739
5945
2318
2589
7892
4191
6598
7201
8027
1842
2394
9643
8798
6687
1785
1550
5417
1161
8415
4838
9973
3634
3537
9377
6717
6793
3029
759
6945
5040
3101
8343
5427
7688
7508
6063
9999
5611
4785
9847
8792
9750
8153
2987
6334
737
8865
9060
3883
2557
7584
945
364
4424
5555
5943
6781
5504
6891
1026
2493
6274
1889
9623
5025
2301
3785
5928
5220
4584
1732
4418
8652
9533
895
6119
6792
6033
1657
4003
2277
7648
2978
7485
240
7050
4383
732
6950
5284
9979
6659
1447
3004
2343
9627
904
3373
9089
8107
8648
7770
4498
8550
9642
1851
9233
5250
242
2738
8982
6000
9419
7017
7433
7117
6292
8793
473
6052
3483
2217
5000
2141
1041
6913
483
534
5438
9322
1136
8125
7421
2789
720
8407
8968
5700
4692
4960
2190
633
1196
7407
3105
7433
3353
53
348
6732
7636
6851
593
6595
344
8117
3281
2247
2347
5022
3941
810
1018
4417
7433
6348
7122
5417
1304
5421
970
9974
691
697
1629
1732
5466
7349
6599
7866
7565
9013
5237
412
5836
2807
7294
8654
4779
8303
1232
6277
4369
5104
3
7899
2928
2180
843
4447
9087
5337
2809
4247
6258
3912
4288
4291
5291
3522
709
5407
8298
4969
3039
9349
8864
5064
7758
7676
2337
6288
4009
1169
552
480
5823
6352
3524
1681
9615
655
720
203
1555
4727
4801
727
4215
9760
8312
3427
9768
1976
327
2491
7831
8768
3600
7962
1372
36
1385
4220
1128
4996
2284
9343
274
2355
8731
2470
7587
4251
2993
3161
6686
9723
9843
6813
8839
4927
9989
5291
2676
1674
9353
2480
5536
2147
3778
8289
5004
4457
7318
2552
977
2099
9778
6095
6433
6857
6360
7768
5531
8409
5188
6790
1324
999
9388
1356
9155
8212
4373
1088
7693
5577
4306
2188
4159
1376
2712
7073
6226
1119
8061
2440
3481
7107
6046
7126
4350
1957
9248
4762
8330
1435
6462
6263
3715
1421
8561
7993
1071
7090
7230
2678
4871
9575
5529
6706
6680
9164
2919
5710
7171
299
6705
255
2627
8518
5396
262
3662
3659
3989
6370
6981
4918
6675
4654
5398
6340
7829
999
6465
4175
7122
7263
5111
9451
3167
8407
5853
7499
9970
5853
6257
5521
7126
5441
9060
1857
1624
1749
7381
5728
8109
6577
3279
8718
1430
353
6280
1325
7820
460
3578
1197
5350
6816
4271
4310
8569
3583
4245
5633
2415
9856
9233
9651
3456
6628
9840
1639
6909
6342
1784
7159
5596
8366
4556
9351
8813
274
5471
3774
4314
8233
1728
3410
1965
3294
2276
1854
1180
685
1698
482
2416
5805
3495
2808
3348
3786
970
6558
7704
7630
8297
4405
740
4139
4626
3333
8442
1527
9006
7226
6180
2773
3335
9184
6989
7820
8907
4710
4908
5766
3576
6674
4346
6743
7383
6721
8741
4872
3446
649
6733
3231
7837
4509
1419
1565
8419
8380
7634
5235
4280
2118
3485
2978
3218
4620
1352
2830
3766
2243
9051
7758
9020
4421
8433
18
3446
8340
7719
3233
6665
9563
3871
4943
3625
2868
1492
1927
9315
7935
4600
3403
4083
7621
9497
3733
5094
5114
4931
5480
7530
5192
1407
8120
8210
9614
3432
8003
8566
4357
6574
314
5351
7418
9364
2688
9023
5676
5348
2942
3687
5188
386
6993
7330
8028
4621
5761
5335
9230
8770
1438
892
8618
1467
4921
6941
7411
3413
4460
4540
4022
3903
8183
8307
2264
6990
712
7637
9708
1693
4086
6370
6893
9730
7050
6697
2926
5164
3643
5816
2236
4392
1573
3022
8492
6611
9525
4802
6150
6266
403
797
9374
6669
188
8929
4027
386
6762
5597
3941
5717
3683
8761
6688
2557
7035
4716
976
4042
8967
1197
6535
2843
7263
5974
2130
9340
8527
3236
8285
3628
2890
3099
3614
6540
6844
1191
4709
6611
4330
4349
9597
4143
2152
8783
5375
7911
4551
7711
308
1723
1768
827
4469
5277
498
4822
3089
201
188
7336
7306
7934
8855
9931
8796
897
8907
3734
3771
2871
9773
1975
1896
2432
5130
7129
7183
4051
2530
6438
5233
2884
7923
6021
8009
3283
3409
228
844
942
1519
1169
7906
70
1741
9202
8956
6815
5679
9445
3073
9536
8709
6785
6569
7451
8284
4427
