8219
6527
1955
2545
7292
3828
999
2089
4665
6853
1398
4956
4812
5896
5115
4262
7133
7913
169
4160
6317
9631
8360
9617
787
9786
553
48
7681
3128
2968
5415
6050
2520
9293
787
9266
6662
6799
1000
3114
8884
1862
2738
1158
2825
8571
9142
7909
371
2142
9702
45
4233
51
8180
2104
283
7227
4558
2894
6539
8922
375
2145
8212
5338
9063
4335
952
924
8712
5816
169
2310
4801
9612
2637
5981
9840
3855
2340
3776
1456
685
4437
1214
2779
6788
4404
3414
5448
7586
7104
1097
4741
2684
1146
686
4640
663
9152
9106
9103
9991
1766
9657
5663
642
8678
5174
8570
4976
9295
514
8306
3698
953
3645
6170
9308
4504
7518
851
5167
9086
9944
3891
8167
699
3180
1923
7934
9712
9493
8303
2284
1426
884
8224
8620
2953
7064
3814
3468
3912
1193
5391
7264
4071
8242
2805
1923
9195
5369
8147
6635
9960
2092
6887
9639
3517
5689
2211
3224
3277
7257
5070
7594
2510
3883
3272
6094
4010
8233
2826
6709
6611
9017
7531
7387
6580
7138
3488
3517
530
2841
5739
4600
865
6183
4820
3968
2611
136
2725
9097
5067
8691
9774
1542
2192
9009
3449
4860
941
140
4809
2241
3397
389
9051
855
9187
562
4159
2159
7712
9970
3856
9627
2318
991
4973
8373
2225
8543
4444
7765
4205
9190
4661
9459
4379
5995
6346
4025
725
5045
3398
8180
5776
1922
1699
8823
5690
4165
6854
9564
2937
2410
3493
2712
531
6422
5448
3194
6508
7744
5565
1248
6537
6133
9206
2661
3795
7917
2989
7707
3575
8696
6999
4673
4587
5428
8022
6241
523
4735
2905
4697
4577
6259
2622
883
1699
4098
2888
8371
5574
5583
251
4765
6145
6599
8500
2193
6556
4170
6278
7700
7031
3114
8543
6332
3879
959
8377
8248
9835
9892
4796
1161
7901
9985
1489
7056
9604
9878
5265
6406
3749
3489
7467
9778
3066
9965
4853
666
139
6039
3066
2266
761
7213
2978
3002
6954
6070
9615
9023
4942
9944
5667
6432
1504
7274
8687
3139
2120
8662
9527
5380
3309
4298
6049
7553
2536
4412
8892
757
7955
2088
4413
1775
5648
4823
4308
5022
9751
5837
3885
4651
5527
4543
1122
1235
4670
9536
5518
1856
1988
8567
4301
7523
4865
8094
6208
9680
5838
5608
9292
9093
9673
6144
5714
7640
4402
9467
1177
6013
6386
3690
3702
1137
764
2446
8686
6166
1516
9351
2066
1818
6363
4411
6649
6070
9733
7072
9980
8161
1745
230
4715
7487
863
6996
4189
3513
4689
1261
2948
2858
4752
3806
2415
3043
6655
9720
1321
1291
3356
6404
4127
2263
8051
4360
3742
2130
1645
5588
8106
4217
9557
6137
5308
8054
1787
5143
7187
838
3794
7745
9739
8617
3316
816
1067
1622
9285
1872
7784
9352
9492
6923
231
5625
7278
6816
6832
8090
2205
2064
5038
7740
30
5621
2771
7310
224
8559
5016
6547
5800
7772
8481
6415
7170
6466
7007
9918
8882
9148
8800
7217
2824
9392
8449
5062
3265
3993
1091
6562
2986
4182
1195
4382
9792
8958
1748
5916
7907
1982
6479
5108
5705
6624
6586
591
686
761
4303
5727
8153
9264
67
1193
8218
8230
6111
4528
6464
5862
5851
9263
6903
9595
6054
1539
814
88
3554
355
7351
3208
1645
6493
6055
8659
6922
3550
2125
2089
494
3165
7536
7774
6630
3172
7600
98
2021
3804
7759
4300
8956
5333
6105
7218
3074
7503
8781
5304
4755
7303
6064
2098
8261
3777
6999
360
8757
7983
4850
4389
1504
331
8489
5195
3006
6039
8862
1000
3352
6766
1985
1261
7866
2166
1026
3088
996
4789
5825
6896
8074
9117
1842
8464
812
1254
6029
7267
9072
8438
1441
7906
8298
7471
4648
3388
4797
8277
9350
5883
5148
6746
1243
927
2985
2984
9608
7753
5903
411
9198
6038
3691
2953
162
6198
3221
7710
188
9432
1597
7320
8063
4276
7232
9339
5491
4228
665
9474
3438
7280
9796
2180
6049
3860
4222
8799
3086
7280
8840
7619
792
3453
3690
6413
8067
5463
2437
5630
3514
4395
6225
8472
783
3310
7557
3477
7853
6599
7412
563
1017
3738
3828
2992
6279
2562
4235
2398
6537
6746
4194
6227
8946
8377
5131
479
4617
5592
3775
971
4233
5168
1680
8843
7557
597
8029
8223
5497
6617
5556
5900
5355
9998
4561
4690
9136
8092
9509
3337
8700
43
3634
61
7457
4366
9923
5315
1608
9692
8088
6151
8014
5612
6670
6660
8645
3964
797
4878
4652
6174
5308
8192
9305
9664
8655
9421
1378
4310
6224
3877
2907
5815
3516
7462
3225
9872
1428
9708
8965
6440
691
9159
4621
4466
7007
1591
7156
760
4265
1239
3945
9179
2095
1619
9926
3268
8753
5687
3151
7093
5840
5925
4586
2417
6898
3378
7454
7300
9763
8926
8515
3456
5765
3039
7097
9606
6744
8457
5317
6829
1476
9404
5846
8946
6963
4281
8758
7069
9212
5954
1500
8203
9130
9870
6222
3597
1867
5573
1971
1549
3828
7022
2566
568
7922
7843
6935
7180
7979
5757
7228
9823
7475
9554
9669
9641
2987
8711
8621
8064
9907
1043
6428
9678
7088
2659
8890
2257
9865
8659
3437
7854
9195
1199
2627
2083
3837
4038
955
152
3741
5048
46
6097
8537
572
5275
4275
6570
3601
3360
4320
203
5247
3925
1105
4071
2232
7602
7631
1152
6832
7392
9117
156
2518
4685
5174
4698
9070
521
8078
4947
5949
8126
7352
7675
2176
3740
4868
982
6297
8706
2466
2631
5384
2361
7288
1332
1202
5114
2443
405
2672
9248
5357
2092
9478
8408
5508
9534
6446
581
1699
1503
1184
4528
9095
3772
9425
8716
8480
8546
9222
8791
1322
4972
1539
2333
8935
7369
1476
3063
5243
5788
1814
529
7939
9757
3475
2776
2642
2189
9737
7522
9706
1015
1718
4664
4259
5233
4962
7470
9740
2370
9881
132
9163
7581
7268
7989
1842
9628
7186
6156
0
5336
9224
2054
2401
3316
2546
2930
8068
1882
5461
2261
4919
9741
4755
4603
1344
910
937
4504
4778
8361
7384
7612
1594
751
6766
9092
1806
1119
9505
6525
7249
9646
6744
3316
6061
7462
3334
5337
1261
2826
1812
2962
9806
5879
9001
9628
546
5
5128
3900
5312
8797
1735
5235
5755
1222
2583
9984
7213
3928
2469
2767
2480
7281
9548
9743
6922
981
2292
8641
146
5664
8043
5821
6003
9559
94
1103
4284
4797
277
606
5889
4289
5976
8877
5265
2117
2050
1163
9125
1161
9745
6565
7026
3782
1158
3323
3707
2247
8751
1071
3207
9729
8878
3721
5066
3283
2470
4536
4898
5032
7618
9508
1409
1769
1122
3807
6785
3920
4258
4122
793
8616
7945
8467
7963
2448
5483
299
9911
1374
2635
6230
1551
8064
9441
7292
6744
8253
6676
540
8506
554
9156
1664
5796
1001
278
556
8383
5356
4813
9616
1149
8535
8993
4893
8734
3316
5663
3988
5439
9375
4989
4506
2495
4210
6296
3144
6719
7499
1500
5918
9670
7496
9551
2936
5662
2517
1914
4616
3983
4237
8421
259
5845
5660
3630
3480
560
2965
5334
5610
7560
3855
1256
1103
8635
8922
1575
4386
6469
3952
2355
5075
5067
1750
9447
5997
532
9489
562
3672
5028
7398
7504
69
8613
7386
9380
7639
2805
8872
9540
7537
519
8993
7505
9690
4790
5133
7810
4669
7053
2607
2588
4253
2300
9655
5712
1222
5224
1969
3825
7711
4706
3307
4048
1051
9362
9732
3302
1470
2240
2832
637
5373
8910
4904
1163
3486
9493
5550
5036
4639
7723
350
8475
6914
8782
8672
6766
9062
7168
601
3307
193
3855
4705
5594
5913
8815
7424
1096
8354
4102
3394
6676
1633
1491
9274
5515
2095
3532
4722
1179
8138
2243
1744
1605
8421
2117
2564
4820
5888
2095
7982
9957
7762
365
7436
946
6866
9072
721
1807
5302
9210
3841
4783
18
3465
6729
5187
8482
9262
9404
6593
6355
7194
2360
1294
3627
1364
2920
2264
1337
8313
9618
9682
6295
5680
383
2716
5980
713
2715
6174
1118
177
2706
4177
9524
4484
1307
5402
4266
6160
6913
132
9838
7986
908
1689
6471
6288
8831
2252
869
4898
5242
8918
6435
6685
2415
6764
7145
4878
674
1529
1950
9215
2537
7965
4555
4313
3955
321
7179
7142
5429
1126
1278
6865
9839
5258
8013
8301
9261
4390
9015
5631
9722
7638
2890
6440
2191
5893
5006
5539
8665
6693
2667
1256
6857
9992
1226
9610
6773
2463
7657
3827
8635
4652
4280
506
37
8261
4593
334
3576
2728
2309
6034
7030
8789
9313
309
3348
3965
4559
396
5302
8821
9144
9743
9718
1271
4263
6621
1348
8501
7593
6220
9607
1898
4657
4065
6002
2607
776
4760
5698
3447
6545
4273
7459
7752
9898
119
529
6150
8655
4670
5340
9438
25
3017
3446
7948
6436
7685
3830
6137
5518
3093
7279
7460
5130
9418
1338
4156
7013
9423
7247
3911
8320
3391
7891
4706
6443
9939
9979
2310
8067
3516
4639
9587
3043
7145
7338
5212
4006
7174
2334
62
5708
9617
4724
5262
8794
6202
273
4830
3036
3350
3492
6940
9958
6464
2619
7960
4008
9069
4630
5567
271
170
3571
7816
808
4756
3496
843
9296
564
7440
6281
7495
7461
6508
588
5156
2451
2187
108
6785
1650
5572
3626
6006
4856
9920
6413
1091
9352
6453
2246
9847
3404
12
4706
9406
2078
6308
2941
3864
2803
8544
941
132
1188
7851
8978
347
875
3932
4087
1769
9143
9060
9605
4885
459
1876
8517
7474
2409
6012
6064
1375
9078
6446
5509
9033
3050
1073
5
5024
1575
722
8463
4342
6308
1908
6515
6276
1893
1640
4405
1975
3048
3384
9872
343
3614
909
7669
5753
9427
7520
4623
7466
1005
8285
5683
5803
5037
3332
8841
2157
2693
2858
2417
370
791
5228
6165
4883
4197
4787
138
495
4666
2179
8817
1712
2307
9549
5856
5002
5340
6501
4632
1181
5779
893
210
4538
7275
1104
3867
4611
9440
1692
9226
5290
129
2262
1034
7691
3839
2449
5208
7462
9856
1801
5275
5732
9888
7866
9274
9083
2037
9310
8606
4396
2462
3363
6486
9194
6328
6890
9793
5605
1340
7132
140
6948
2215
9815
9911
7761
6375
998
3590
4655
4991
3343
9969
8118
3928
4006
8424
3423
4901
3503
6647
683
9873
6401
5586
9677
503
1637
3805
6920
5933
3614
1451
4451
5757
9730
8913
458
4705
5750
9317
8350
9003
2937
8920
6700
895
5223
3950
3738
2142
1821
4166
8606
5088
1436
3594
5369
1532
8598
1125
5936
9031
8006
1227
5164
1223
4220
810
5927
5506
2166
2763
4247
6312
9210
1941
4296
4810
5663
6014
4993
165
1612
3871
8584
1311
9368
9411
6913
8605
7137
7371
8865
814
9096
5089
2850
8024
2953
4119
1087
4061
3016
5372
9007
3145
7143
2634
2222
5227
4644
239
4183
2557
575
1813
3006
9778
5129
3440
1065
6140
9257
6996
9167
1223
8216
8641
1497
8005
2908
3516
8853
4038
9441
7003
1849
2851
2723
4300
1780
6504
5209
1890
9712
2524
4299
9581
1668
2798
6356
9238
1926
7565
8914
7716
2029
9428
4970
2461
2053
3153
2697
9069
3356
2961
4453
4444
185
2025
1299
991
9068
979
6001
9213
3648
4227
3763
2316
461
8933
571
2392
6171
4598
4737
6287
8625
1659
7874
4700
8363
9745
6005
5981
5801
8034
3033
1715
6132
4561
378
6359
4139
6146
4370
1363
9628
5001
4636
2868
4447
3101
5667
8714
7500
4409
6601
4057
1021
3103
3621
8111
733
4009
8548
9378
1968
9549
6431
5061
7996
5692
1533
9415
6181
1144
9951
2905
119
1872
6537
970
6060
7865
7953
5073
4013
9466
8320
7509
6869
9108
2197
924
4114
3148
8745
8783
2116
9111
3197
5270
9944
7617
2287
1733
1278
1833
1372
8322
7445
7069
8687
1122
409
9517
1607
4128
6691
5391
8647
8457
5567
8574
7927
9575
2011
3551
8264
4935
5243
979
5221
1033
7449
8626
6981
3316
6201
9786
1548
1075
4171
675
9985
8320
5706
5486
2187
8059
4449
5946
7588
8408
5133
6770
9072
2434
2318
3286
8982
7119
1143
7285
6861
1394
4709
8532
6802
3687
5596
4317
9877
2927
9948
6727
8180
1560
2546
174
8703
3495
7595
6047
6427
6229
7044
9267
5234
9060
1710
965
8055
1068
9661
8129
9079
3830
8655
3834
3387
2468
4377
8440
9242
5930
8668
3757
4539
3422
1159
3891
8937
8136
3270
9203
351
1749
712
1780
2258
2318
1823
7951
6574
3728
4097
2027
9497
6008
3979
6473
4163
1517
9876
5150
3567
5497
5727
7960
7483
4597
8315
9263
1435
337
8341
266
213
893
5101
187
6005
7798
6710
6936
6464
9552
8966
5703
1925
6700
8541
4213
1391
215
5555
9523
3016
8016
5594
2445
7128
35
451
9928
747
1462
3468
4376
9712
5807
6343
91
5373
8800
5029
6566
2720
9056
7457
7882
7217
503
6010
3665
5651
5958
6216
5611
553
3201
8544
9232
6213
9082
2802
5761
7579
9179
3680
2160
6997
8288
601
8328
9616
494
5027
7963
8355
8900
9590
8774
4543
8877
3477
6707
1138
6030
3976
906
9798
3698
9461
5572
2758
3600
158
2143
7601
7301
9171
4775
2759
5620
360
3207
7728
1431
8961
1771
2108
4240
4665
5457
469
9584
4546
7772
3649
1859
2087
6677
7891
9415
4174
7358
8161
5607
2809
4948
8816
5624
3563
4257
5451
527
8536
8442
5651
1500
9509
3452
6032
7192
7934
7406
3734
6102
8214
1843
8611
1945
329
9390
596
50
5022
2514
6199
68
8584
7685
7579
1719
2380
4657
6516
1652
4252
8535
2027
1843
1714
9216
3138
7567
7096
8865
9717
4483
5108
1418
1676
2708
3794
4363
5117
3178
6537
2291
2894
859
79
2599
9544
8262
4392
252
6519
2873
7386
673
4350
7440
2572
1851
9511
6891
3964
5022
6152
8426
3984
8773
7601
5175
533
6975
6914
6992
7907
7958
6330
1056
2562
5677
186
6778
8725
1013
8456
1121
5588
7948
4735
2710
8871
1907
4595
222
6766
6778
146
8975
5711
3562
2630
5128
4359
2334
1527
3082
5425
5519
6510
5463
4372
5627
9317
7862
6582
5025
7497
4111
207
988
4193
7913
4424
2282
3241
3150
1266
8503
2119
2551
4675
6635
4222
841
2860
5340
7825
2108
4294
289
8703
36
2458
9589
1532
5118
5087
2756
625
5641
8206
9957
4650
318
8258
5476
5933
1869
2652
6155
9979
1717
4978
6380
4286
1584
2455
7310
6946
1257
5270
8561
2352
155
6760
8095
2533
1927
1285
5570
3506
7009
4871
4156
525
9000
7738
2487
9012
5856
5167
1081
3041
2398
7696
7763
2457
8303
3134
294
8207
8261
8646
1011
4422
4719
3506
7838
2195
980
8123
9742
8337
1676
8860
1860
6045
7115
9938
6117
242
9035
752
2421
4303
5845
2927
226
2068
3995
2115
6202
6236
9077
5768
5898
884
2742
7227
5445
2698
3946
725
6477
6097
5918
5218
3296
3200
4972
3232
5938
9914
5298
19
7907
9752
8686
2917
5469
2386
168
9899
7133
8590
2940
738
7659
9119
5890
6280
6231
4222
1196
2760
7426
9766
7307
7341
5622
825
703
9143
4963
0
8057
7644
2312
1568
8670
9013
3274
24
26
1593
3347
7431
9326
2344
698
9402
1513
2493
5978
1235
3422
9447
9042
2901
951
7585
6569
8796
8086
7932
4316
1546
3204
3742
9830
9995
1320
8884
3547
5674
2341
627
3264
4268
4992
2524
3162
9066
1741
9854
1201
8109
8853
8902
5009
2818
8150
6833
4558
781
1847
9042
561
105
7046
5070
1283
6525
8513
1093
7364
5419
2173
443
4872
3474
1974
5892
9568
2915
4019
6383
7857
6272
7765
5529
7634
896
3756
7426
8423
4672
4822
5277
2789
4964
4821
2336
4434
9402
796
5468
6810
9263
3910
1414
9040
6971
8498
7796
8815
8328
3935
6803
5020
688
8000
9045
2731
3844
4061
4920
5498
6169
9766
3601
8717
3564
4308
3560
8183
7606
685
6237
2177
6939
5875
1960
9643
2173
5323
6014
4700
4733
2309
1231
5112
9633
9676
957
8861
6801
7980
2263
7289
172
9387
2499
4316
3368
8134
842
5286
1750
2409
1900
6077
9987
7130
421
4908
4858
7682
56
1819
1287
1881
1831
5447
3927
8189
5861
4671
4444
4175
6578
6474
605
6554
422
7736
9049
2128
9657
4483
4396
2627
7870
2081
8410
4077
4784
7209
2472
4557
6101
2208
7290
8127
1023
8223
1095
9926
1009
7875
408
6056
1887
4064
1696
3542
3502
7698
1462
4119
5082
3858
2701
5840
310
2290
1844
5618
1278
1365
6953
9903
4825
5486
3385
2506
4011
9939
995
6411
5286
8685
5658
9084
4432
6127
5113
6996
7183
3617
6657
7021
6897
4424
1421
9827
3817
2003
2471
7163
9059
9637
8931
9309
2169
6090
1033
7136
4622
6551
6256
5617
2807
3011
8694
9599
6778
684
8428
4631
2526
1815
8430
1431
802
3304
0
1184
5578
7914
7028
9677
6467
4283
4969
4154
280
5895
9117
9059
9117
5360
4178
9003
5929
5623
1183
4054
736
5913
9437
2115
7246
9001
6338
745
272
8774
2859
9132
6205
3401
5169
7452
4322
461
1710
1195
586
9338
4234
537
6140
8032
6270
9374
174
8509
841
1667
2840
5020
3696
1821
2499
5498
6416
3895
881
438
3632
6714
7046
4644
1378
4556
2547
5741
4968
467
8675
3927
947
820
1807
4013
1830
3517
6684
139
8793
2074
5812
2280
9674
9864
7922
1135
8189
3316
791
3148
1796
7439
4985
2896
7818
5553
4779
5505
4634
5094
1432
7842
4653
8409
7289
4250
3887
4844
3062
4499
8771
8977
2585
7633
1709
5016
8766
5484
2621
7958
6294
4044
3244
9438
3851
1217
1694
3951
6302
2124
1015
233
9628
3742
5483
6556
6127
7883
8110
6096
7969
5385
8090
8907
2795
6107
2350
3202
8715
9813
3
9504
948
3595
6762
2236
7775
3722
4353
6681
2672
8259
9701
4863
9939
5200
6578
1266
2277
3844
2309
4060
7887
7075
4930
8700
4397
7546
9793
6570
77
1629
9604
4709
5155
444
6483
5627
4810
9297
9496
1845
3556
4888
6903
8253
2546
5691
5157
4172
7759
1897
8106
1524
1158
5651
8336
6199
6949
6707
2939
4499
4249
1753
2083
8122
169
6739
1868
2114
6142
6999
423
7893
4431
5217
4273
1846
7084
2916
2553
9809
5633
4815
2111
6653
8778
1053
2760
6146
3653
4472
6014
1073
5090
2220
3668
5508
7255
7268
9191
2258
1921
4867
3681
9727
8085
6016
5143
4062
9845
9327
1633
5044
4462
4584
9402
2427
4349
983
3437
6463
9538
7679
4463
2600
9741
4011
6620
4949
3860
7187
5162
2785
3622
9591
6218
9877
2218
3083
7405
6058
1905
7983
8594
1017
2571
9754
8269
2561
9733
1746
6308
3379
6639
6411
2291
5246
5180
3722
7935
3122
3171
5444
5560
9363
8434
536
7991
9308
4962
2373
9703
4861
8501
3673
2960
83
7436
6808
9966
7491
7269
8133
4304
7074
5314
3552
8780
3652
8453
1948
7040
1135
7975
5852
5188
9419
7480
1801
91
6008
2848
9586
5209
172
1220
1249
4910
6072
3109
7270
8911
1301
3106
6834
758
7792
5261
9106
6672
7792
9115
9670
7140
8240
3333
3853
1908
5997
5116
1455
4556
3325
1289
8391
9527
4074
1442
9226
1504
5898
7241
6008
2358
6140
2510
526
249
8961
3621
9350
7009
3637
8994
2700
6495
6057
7185
8237
9274
9886
3954
574
7803
8671
7505
4262
8069
2523
1060
473
5771
4622
3437
802
4166
7452
879
2797
1982
3481
8190
62
9093
2872
7695
4129
6995
5133
4367
4895
8668
9009
959
5801
2238
5618
7724
5077
7559
4340
6333
8290
9283
1737
8741
6761
1682
1288
4025
8322
3176
2428
5004
8112
4399
3724
4597
3082
9031
1202
322
1879
1917
9867
2790
3605
6073
6490
3309
8390
8769
4681
6321
9576
8411
8189
9973
112
4032
7972
2270
4834
1596
3406
5634
9823
5474
8133
9304
523
5405
1883
8223
6505
4225
8942
459
2518
7535
5515
7386
8991
7975
9660
7972
5152
2312
6527
9793
7786
5267
5829
4772
1152
5262
1186
5077
4991
9876
3688
5885
5831
8025
3083
378
3754
9483
4273
3362
1663
7301
6120
4981
2195
589
4515
2267
9870
5533
2595
2556
29
3519
9630
8590
7010
7521
9886
7721
5924
9895
7304
3671
4211
9056
5031
5751
1308
6833
5222
5200
7269
974
2439
2851
2135
679
3858
2425
6357
6815
5884
8011
9741
3255
7219
9745
5417
5913
6484
7426
7538
3681
6378
7386
2979
8358
2468
8121
7653
5830
529
4680
876
9535
4954
6343
4717
4554
3708
7762
9370
1569
9552
3970
8364
7873
7209
2671
6700
5323
9530
2035
4238
4981
5457
9242
4090
6462
9876
4006
456
3934
9286
3775
7415
6315
4006
9591
1931
1176
8197
9483
5537
3512
3682
341
7695
2000
4851
7198
1549
2219
4722
242
3386
6855
2962
6716
4733
3836
1004
7568
8009
8829
4522
9687
4987
6535
3791
5573
5539
4758
4530
5894
9373
9719
917
1319
1883
1304
7222
146
5617
6012
3665
9233
6508
490
8015
4179
511
965
592
8940
8252
9543
1601
5318
4380
4182
3273
5734
7403
5128
8022
4969
2675
8483
9935
5294
755
125
7397
6333
1371
3138
8811
4692
6951
692
1919
8323
7510
2141
8628
4125
4502
4160
2061
3439
4061
9693
4072
7709
7430
2035
933
9032
1126
847
2098
7372
9691
6739
9828
2453
672
5682
8740
6049
815
1880
7844
3792
5188
3719
3164
889
3225
8092
4853
3015
8563
9439
6896
8144
40
57
7604
437
4412
4688
7843
7045
9063
8206
4712
4813
6244
8128
448
5146
1640
5354
9762
4495
6397
2312
1067
8242
7707
6367
8538
6528
2210
3441
3317
9841
7190
2864
6214
6678
1527
6122
838
111
1979
8258
4373
9945
8587
8655
4931
2741
1879
3422
6893
1475
9046
8515
6519
1789
9167
9997
3602
1216
8125
5703
3259
5893
4626
3482
3200
2831
7019
9120
799
3148
8892
307
9709
3678
1656
5860
464
308
3790
4792
4554
929
6771
5037
3666
6318
3769
2714
6673
9547
3529
7236
4181
9088
5522
2156
8757
4242
5133
5846
8802
4962
8748
9845
4886
6719
9519
7186
5661
3323
515
9532
3356
7963
3016
4825
5394
8840
733
7322
6601
5363
9369
5484
5161
5462
6393
8331
8778
5877
9345
8977
9363
4099
4177
76
3028
9520
1782
2910
6572
1616
1289
2590
8456
9559
1416
2908
5177
7937
6335
1473
7057
7518
5299
9140
3481
9610
5115
3993
1394
3531
2635
4741
3126
755
510
5181
1098
2838
3503
5483
4387
6725
1300
7826
6081
2328
6888
2569
3292
843
9011
8467
8266
4575
873
3824
4363
9553
3676
7372
4545
4408
1262
8757
7391
1928
7079
6810
5788
9331
8606
7006
9188
9855
2984
5068
5772
2307
2075
3477
4352
2251
6702
6661
7850
1595
4799
1395
7665
5119
576
1639
860
641
6575
2726
2529
6484
9648
920
3055
6397
7657
1243
8644
6962
9258
9568
4364
8475
9094
3331
5415
6388
5299
1065
6469
2452
5818
7426
7856
8712
6891
445
854
2985
3025
2843
5426
7948
7693
5131
5142
856
7362
5653
8295
3490
3596
6242
5557
5732
1101
392
9206
7980
3926
2740
3374
7072
8926
4064
9068
1360
8338
8340
4388
6516
6105
3784
9748
8148
6595
2776
9366
4870
4446
5136
1361
3410
9348
1847
7836
3362
4692
7896
608
5669
3083
2138
8537
547
2415
2002
5177
3850
5720
6255
1257
7446
7307
8883
6765
3168
6436
3825
738
2909
9360
9441
2854
8039
5893
2753
9604
9306
2126
4630
1787
9732
1382
240
6571
6095
2832
7835
507
443
7473
4577
4633
180
7243
1277
3119
8275
6662
9803
942
8048
9901
9580
1322
5509
4979
5253
9970
3566
1552
5638
714
9549
8107
1880
7223
1930
8998
3232
5558
9559
849
2240
1881
3601
3084
3149
2671
8802
7340
987
3855
260
1017
5204
5841
4480
1074
6055
9577
2837
3533
6509
4672
772
4111
2279
4017
8311
2180
436
9709
562
7772
3391
9036
6657
7682
2276
833
3649
7098
4067
7416
4860
3575
989
8062
2156
2022
5180
4253
4384
4634
3887
1635
3196
421
7522
8526
7434
4383
4988
7062
3055
9334
8194
9959
6009
4083
3033
265
6628
7797
7385
2046
3068
268
1148
4663
6668
1827
6470
8707
4677
7307
6991
8501
218
2609
2011
1025
2696
1851
6667
4787
6739
8740
3101
7389
8380
1585
7406
7995
303
3983
6751
9059
1784
9531
9429
1454
3637
3742
4026
5870
4567
8595
7250
6268
7922
6263
696
5839
916
3035
2118
9210
258
7224
8899
434
3086
4497
2343
3210
2261
2734
2491
4686
9941
250
4539
601
7099
1834
4493
9811
5562
7031
7867
6650
8584
235
7323
6715
4626
7317
6641
2381
5072
3144
6346
3963
5747
1622
7945
5404
5771
8276
6943
5025
3253
5419
3635
2074
6498
1099
4321
1589
899
9291
7039
1044
4751
9105
1242
3241
151
3594
5903
9345
4673
9447
5925
2667
4880
4661
3864
1428
7333
647
6961
3904
4607
2002
8656
2934
9805
6053
1132
4216
1348
2210
5697
7294
5853
5182
6456
7294
6694
9633
1284
9418
712
8777
7208
1495
6840
6530
2903
7493
9559
2778
1331
9791
6484
4340
7895
8017
4594
7740
5456
7729
1108
5505
6070
7036
9028
6196
168
7822
2979
3980
7845
8973
2586
2499
4791
8050
9183
4944
1882
2661
4
6082
4139
6548
5386
917
9595
8447
6051
2996
9283
5251
1380
4444
3009
3554
8841
2409
4528
2011
9490
9583
5110
2139
2171
4647
7606
3248
6970
1332
7942
230
3569
7297
5756
528
3700
9401
8897
740
1188
1186
9575
1875
3914
5926
4375
5619
5807
6832
8803
7500
9080
7280
1418
6411
3775
5211
345
8406
2892
6898
223
7661
3554
5596
9769
6937
2742
3971
6812
900
9995
5897
4946
7236
1289
3572
6763
85
7452
7437
4628
8258
6952
5441
4485
9808
185
6450
9893
7879
8457
5773
1576
4526
4395
8248
9432
770
6901
6456
785
6402
5482
5052
1894
4554
4581
810
418
459
5346
7076
7225
5171
8886
4087
381
4958
7583
2320
4940
2728
7237
6266
9302
2637
6832
184
6268
2416
4227
7051
2692
6004
8918
449
425
5258
4002
2027
9487
5992
214
5514
1573
6642
1670
9749
7635
6376
6547
9993
4131
9804
4709
4605
4972
8670
4628
3888
8329
4198
2855
5074
2072
1773
6531
4892
9358
3592
6917
9020
2279
4993
3963
3505
7132
5652
2589
2912
1533
1956
6393
8001
1982
5640
3676
5017
9631
7205
9260
6836
9666
6168
6562
4958
4913
7312
7061
1455
4664
2342
8961
5505
1454
5003
599
5471
5761
3324
2062
9852
6495
4132
2087
7548
5217
2110
3582
2307
6322
2613
7916
2088
1213
2843
6986
1222
9684
8210
7952
5759
77
4906
8763
6925
8807
6248
1356
1511
8314
3407
4525
7996
2028
1485
2591
3967
3104
4069
0
8879
7050
8660
6760
9953
9357
7298
5106
3260
9605
3016
2263
3201
9088
6584
7653
3733
2694
3853
4255
3421
8762
4208
6799
7445
8665
963
39
5933
8336
638
2468
6144
6122
469
8451
6450
4854
8098
5598
3701
2295
340
9071
4472
3685
8691
7573
8205
864
494
9636
6405
2533
9555
4007
1547
3946
7019
3857
4825
9075
8480
6288
2139
759
9867
3043
1086
508
3582
9650
7412
126
5419
3388
760
2591
7311
5598
8376
2409
4287
3631
1139
9807
9101
2857
5393
5554
2999
2193
8201
9790
8716
1592
2707
660
8379
5962
3195
947
8043
7939
3246
3488
2801
3345
2645
2724
5681
9621
9979
2420
5236
7875
1660
5468
3185
2473
9724
8965
6875
1949
705
7846
3128
8254
6062
4966
7242
1949
6764
8335
5259
6532
5495
4750
4969
7844
4899
4615
4988
4173
4682
1990
6912
5142
5235
6032
436
4476
7343
1560
7341
8679
851
8749
4823
3624
1853
880
1546
6207
5462
5844
1221
250
6195
8670
1561
4039
5239
2940
7860
106
4440
5506
345
8506
4540
5935
2889
3317
4000
2878
3296
6180
4436
9993
62
5018
8215
4151
5872
4214
5467
2342
3258
3543
8213
9972
5332
2719
6019
71
142
9008
9450
9773
4081
1971
9114
6205
5604
3976
5424
5932
3832
408
8281
9900
6448
6102
2366
4047
9456
9556
8369
2137
257
4241
8113
3715
733
2576
3661
6492
8318
532
451
4890
1870
5447
5348
2494
6378
9098
9782
198
536
7671
597
6828
1202
4274
8247
5595
8382
2446
8218
5121
8331
4811
8045
4608
6410
6829
2776
3423
3206
3641
7208
7774
9218
360
3163
5495
3854
8894
4388
9183
7718
7972
9932
7963
5927
7457
7718
9024
1901
9655
7836
6435
2046
1082
9291
6399
2061
636
7080
7716
6605
3347
9709
7564
6754
7739
2052
9898
6421
6840
8783
4268
5764
6404
1682
2127
6867
1895
2558
1057
1059
6197
2794
8417
285
2945
4720
5746
300
9087
7841
9903
1620
1494
2710
969
4226
6932
5700
4668
1394
6380
5723
416
5127
3211
4811
4874
715
8425
5316
8818
7923
7482
4776
4656
5901
1700
1135
8752
9913
1275
871
3572
4881
4791
4758
8425
359
1383
1358
9281
3225
8831
4875
4511
3571
9197
860
3010
2386
4330
9195
7480
8064
9579
6139
1044
8945
8439
3357
3851
4377
6019
111
6008
3383
6889
1634
7615
4290
4104
6870
9390
2815
7700
1732
8271
3916
1694
5863
1530
1868
846
5032
1335
9056
7244
2085
7986
1918
3535
6190
3847
1648
2717
699
2173
5099
5008
7789
4159
4762
3850
688
6565
439
687
985
1073
5046
337
9970
3493
3038
969
3535
6850
3973
8161
396
9484
2375
943
7301
8649
2722
9259
3233
2536
1392
6017
5852
3182
7106
4642
6832
4891
9782
6213
9711
75
8133
4347
2672
8681
7084
1840
275
2798
6452
4141
3363
1751
1888
1723
8119
4565
4435
7778
4676
8701
3323
831
5075
7232
814
4100
8250
3397
3823
6681
7722
8481
3165
5024
4917
8953
4249
8374
1225
7774
7105
293
4446
3976
5198
7783
5384
6062
5494
294
5992
432
575
1662
5957
6024
1265
8899
4179
3445
3463
2751
5966
1911
3522
9876
8597
8617
1001
5247
4693
3031
544
1149
9025
8737
308
376
1787
6792
9329
1242
2786
3878
3328
3251
7592
3354
3793
8917
7790
6560
6368
9627
3854
1167
6391
1834
8324
9740
4704
4464
283
813
8357
5705
4464
3639
8647
1521
2805
3208
2183
723
5364
9425
9587
5056
3757
4075
6496
2140
542
8155
5857
18
47
7696
162
9159
711
5176
6419
460
1422
6243
4452
3069
3199
7999
2650
6534
8713
4482
7083
7462
5460
5350
8155
7435
9979
7295
1748
7453
4121
744
3387
4391
1348
2604
485
9743
4865
176
3910
2679
5858
6477
945
7836
1747
5339
8817
8540
9405
8921
9282
7893
2372
3802
5181
5128
6628
6937
1039
9003
9891
6717
4053
6142
6002
5671
6965
9494
8758
3608
76
6501
7021
8944
64
7963
7071
1
897
5974
6147
8322
8641
9556
2122
6223
7292
7433
9340
2174
9334
9388
8766
588
9328
2300
381
8054
279
7952
5738
6692
4297
8939
7809
5903
4708
3310
5223
6036
3133
4776
9663
2464
7946
6025
6969
9227
1133
5828
5481
7921
1005
5362
1311
8923
6210
3603
7496
2957
8973
8928
1505
5112
7442
2684
8083
9855
9619
4793
1247
903
2698
8982
6230
5320
5474
5190
3350
9088
3826
9900
9677
2503
8920
5890
955
813
6574
1065
5256
127
1420
139
9471
8648
7898
8572
6342
3508
5791
5151
9211
7120
5835
4245
3612
3981
781
5568
1123
6692
3618
7205
4588
7139
4171
2848
3781
4949
6569
4610
3713
1968
5432
7861
1992
6760
8565
2752
5103
6945
6317
3029
1871
9522
7780
3400
3253
1188
5551
5835
4886
4617
6030
8740
2508
842
2601
7712
1441
5497
5974
80
8534
9701
2212
1522
3633
1004
1224
3211
1410
7595
3713
2320
3168
3184
7210
5779
5956
5984
3211
1562
3761
1157
76
5500
6783
4431
9272
5237
9827
92
5146
1849
2524
450
1622
3317
9357
8680
102
5473
8210
4565
1375
5761
1169
2496
1760
4107
4638
9862
8199
7891
1626
6475
928
5249
4889
775
5130
676
8031
977
2744
3920
8775
8714
7185
3171
5696
1552
1876
6838
2884
8483
6523
9215
5861
5349
3611
1491
3399
1034
3862
7512
1092
5566
8173
5912
5104
9686
5269
6561
3066
2174
5508
4746
3755
658
3352
3312
4142
392
2981
7903
1916
8667
9161
3836
7138
371
1550
2351
2722
7711
4603
8366
9811
4436
8647
9988
7398
1743
5867
4784
2166
5062
1651
8650
6491
2909
2513
3600
5627
8117
6189
863
2717
8238
8749
1629
9644
6445
1213
4387
52
8697
3148
6521
8780
4832
2963
1001
767
5830
9762
6613
2745
9053
4408
2980
3227
7568
9662
2007
2763
2521
7201
506
2668
3059
9723
8086
9573
9993
989
8004
9328
1229
27
2412
6481
5717
8628
1099
8433
1136
5420
5987
1686
5399
4743
2556
1825
7390
8708
312
1283
5721
4964
1989
588
7787
8375
4427
98
9818
8801
4197
7531
2351
1021
8748
3272
2617
5790
7039
9342
6385
5486
8175
3105
5960
5029
3623
4206
1644
9144
5896
9238
8601
8491
9538
19
3741
5748
7056
5224
660
3614
4362
8553
6722
2358
8941
2548
5327
8630
9896
7674
12
3068
6173
9230
8756
6470
2392
569
7549
5164
7803
9176
3854
6457
9111
7763
4955
2023
2024
4842
8091
8759
2216
2189
3370
2794
8963
7560
5387
5039
6938
8650
6629
3258
9761
9745
8479
4797
7427
4212
2518
9877
4437
1469
1322
7763
5752
464
1449
8677
6584
9292
7395
9985
3985
2221
7117
5341
9042
7723
5569
9934
8169
3154
5250
1451
2302
1423
2029
1470
7820
7316
8202
2775
7290
2633
2755
412
2071
4687
2460
6592
596
8642
5680
5326
4363
2442
700
4115
2173
9742
5476
2390
314
5958
3924
9477
9257
7163
1714
4093
3192
6397
8174
9461
4413
6560
6155
5000
4138
1380
8759
5725
175
1472
4326
1461
2618
9899
5229
1648
8953
5414
9162
9116
6544
8297
5201
9595
3622
3560
7938
3279
3130
1410
8230
3957
4643
7095
9671
8284
7669
2083
8591
3424
1327
2154
201
7415
9745
6066
8628
3208
7466
2488
614
1747
9056
9456
6109
5360
249
6940
5089
9544
8582
9128
5861
2186
1440
9872
3068
5947
5274
335
808
4173
4054
9269
4381
1115
6851
3476
8756
6990
5716
2183
2332
2367
8204
4462
2732
8474
1686
7915
4211
4891
1617
5571
5999
5335
7480
2801
8860
857
6591
9421
2565
8120
1737
8052
5046
5042
3639
4756
1826
1320
1947
2486
9760
9077
2858
6329
944
1675
192
3463
636
2668
7262
8246
5801
9938
7102
9453
7389
2411
535
2608
7866
8325
6652
8571
3544
5682
9870
1703
9954
5960
8322
4459
7990
9912
6237
3459
1872
3032
6684
1189
3808
1983
9121
966
3127
7693
7623
9208
6017
5829
1254
5134
7021
9368
4274
3342
2616
6670
1534
8657
9542
8547
3566
3498
8914
9516
7562
1600
5390
5333
6798
3930
3139
5929
5182
358
4876
5789
4983
4086
3342
7129
3505
3272
591
1156
9136
9729
6024
2891
9994
7541
5157
6077
1539
9829
8761
4982
3780
8261
1742
2406
2938
6409
5930
8014
1178
7659
6317
4134
4482
4908
9159
1710
9963
9621
3318
447
8650
6376
5885
4764
4886
8280
4225
8811
7829
9506
9725
7274
8863
6134
517
8655
4387
8598
4023
513
4952
4089
1213
3084
5035
2380
1327
4949
7832
5591
774
7563
8484
1720
331
646
8247
9934
1694
7343
5239
5571
9283
4523
4127
6406
9494
2820
9758
4901
8063
214
4732
5972
7409
915
4872
8460
4876
1828
7516
931
4098
7181
1314
5587
9943
1308
5088
9914
2945
3037
9742
9598
1711
7261
1529
3659
6262
9545
3855
3562
4135
9602
299
6143
2396
6255
7915
8047
5985
3167
8700
5868
2063
8778
9831
1935
8979
6178
6021
6625
3822
3515
990
4470
4709
7284
7167
6182
649
5986
7818
1897
2465
1912
2519
4287
7043
2020
3625
5545
8338
9112
8491
8647
4864
5860
5017
8319
4437
1533
4698
1127
7976
7724
6811
7407
7162
4933
4936
4238
9922
818
8147
7287
2162
4332
2263
5319
3769
5382
101
2574
3410
1830
7917
24
1594
4736
8666
6631
2735
6112
7172
463
515
9844
2265
5181
240
9060
4965
2789
4805
2879
9133
2103
8143
1299
3900
7644
8419
8168
1589
7971
423
1914
487
5987
7552
2066
5646
3148
8694
7616
1478
6238
6260
6294
3755
1461
1532
5284
6812
416
4616
3963
7693
8044
2074
5248
76
4866
228
6128
2891
7866
9284
4010
4508
4731
7127
7486
5003
6192
5791
2976
213
7688
6879
9816
6502
9865
2387
8953
8256
4466
9564
1259
2551
4412
8345
984
4714
1021
7249
4976
9948
3593
9549
618
7472
7268
8403
9479
8083
6889
5996
3284
9555
2704
2759
2188
974
4687
4759
9911
2485
624
4071
3940
6767
3083
5934
1966
938
6560
8110
8830
4748
1555
4262
1580
679
4996
5911
4563
2811
1993
4547
4257
9526
3355
6465
8359
2551
26
5741
4675
1024
4126
1709
1272
7321
1067
8831
8583
8992
8799
7342
1084
6270
9852
4275
5287
8502
5485
3351
7829
8503
7926
8759
4874
4337
8412
6336
285
7444
9294
9834
6897
4915
1743
3857
5708
4392
4241
8702
917
5425
3936
1637
6607
8472
7000
9336
9196
5184
6179
2696
9632
6011
7955
8251
5332
8441
2265
857
2178
5498
1375
656
5108
709
4600
4712
4788
401
1490
9889
9039
3344
3525
3320
9083
9836
5515
8713
3153
57
8892
2318
7161
5706
9508
3685
5874
3744
6243
9391
3578
3709
8914
4997
4288
5767
7981
7989
8963
1576
833
6523
3191
977
7251
1099
1684
6319
9482
1290
6362
6518
7866
5964
7685
1610
3822
6903
3992
3212
1745
1111
8425
8641
7849
9948
7418
959
4801
4573
8239
2800
7858
5615
2449
5081
4493
3441
878
8565
1447
2495
9034
9418
8513
4534
3030
1597
6659
7831
2507
7649
9541
3813
67
6602
4490
7784
853
8208
6073
1044
3787
2287
5193
4163
2337
6299
424
4767
4508
9809
8840
5292
5941
1753
7831
5874
7505
7399
7593
4536
9662
6977
3460
5515
1452
2843
3832
6639
6037
8126
3145
3613
1082
4119
1578
4922
8204
1131
2792
8728
5844
9816
1472
6117
3696
7879
7502
5601
2586
7038
4131
1934
4694
8226
9442
544
7607
3113
7303
1747
5039
8861
7876
236
850
621
4682
7960
2149
2206
5936
2544
6361
6798
1267
4878
2638
1561
8554
5017
4101
6100
1573
828
8934
4615
722
5558
7770
2216
3515
4250
7014
8674
1887
7190
7749
4357
8923
880
8289
7046
7253
5725
3550
8199
2261
5435
6099
7714
1409
7342
8886
5103
547
184
8866
5684
3929
1953
8983
5180
2088
5975
255
2432
94
9358
648
7250
1763
2248
3587
6905
7243
6064
6648
9335
4587
961
3332
3574
9365
3731
7584
288
8385
5269
7423
6766
5770
1862
6516
9768
3187
3661
8813
8316
2372
8505
8752
282
8389
8963
9600
5035
9429
1104
5500
8193
5079
7074
3588
1802
186
3981
5161
6862
7236
9847
1696
4088
4282
9577
5875
4434
7422
930
5652
9128
7750
5387
7423
9359
533
5077
8027
7726
2792
9566
1932
4442
8223
1747
2792
176
2070
9840
7427
7420
8846
594
8074
5574
5261
9277
697
1260
6063
5225
5785
2186
2136
4311
9994
5414
855
8210
4472
1144
8664
833
3325
1078
2902
152
2307
5118
4874
1934
6356
1053
1493
6506
6496
8093
5959
3719
4810
7867
5129
614
6880
6517
7629
7890
8325
3378
4159
7406
5068
5516
8376
9115
7747
3801
7600
1814
5834
1800
4925
6734
4926
5766
8044
8771
8487
3232
9371
7338
6778
9970
3568
9213
2555
5806
6442
9775
8403
3625
3362
2237
362
7823
2541
4720
5058
8439
3169
815
2864
9840
1425
9698
3462
8043
9943
6449
3361
6819
4973
7610
6605
8999
2489
2114
448
8776
4386
1107
6458
7693
6755
5107
7607
4548
1211
9893
8510
4467
9581
2905
8505
3836
2795
5886
2929
4783
3147
8968
6453
6842
5459
3533
5047
9676
4822
5289
2963
6135
8154
5073
4829
2835
9205
6692
3014
6575
5541
7405
1498
4562
1193
3894
7978
416
4623
4871
8641
4024
7274
4556
2804
4298
7087
596
3195
7126
7117
5942
4551
5903
3110
9646
1871
8143
878
7284
7819
8740
9520
1709
1164
1320
455
1180
5718
2702
2944
8513
3771
6520
7657
2657
53
5142
5350
5590
79
6648
2448
2893
7216
1653
8394
8429
9734
3140
5426
3975
5259
9640
2255
9321
8902
7176
3789
1149
4561
8732
1971
8575
5027
4100
7773
1339
5017
8818
3179
2356
2549
7608
8293
114
7955
1020
7257
627
4532
664
3939
1041
1353
3389
9383
8116
4206
552
494
6191
2368
6333
667
6261
4476
640
5641
8814
422
4242
4467
213
6579
4456
4703
2537
8067
648
9992
1827
622
3149
6486
8871
6602
8937
572
4915
8934
6266
4638
3812
8599
3717
253
5240
28
9119
5889
7119
8031
2363
2962
9675
4619
9293
2722
5014
8053
3293
330
4850
3624
8616
3872
7035
4193
8624
7906
8329
9507
5699
7410
9954
4680
8425
8669
8348
8278
231
3209
8144
3673
6176
7291
9898
722
7787
8643
8013
9788
7712
9973
5875
1318
6412
2644
5906
1010
7813
364
8138
6826
2983
5964
1707
9049
7388
431
7908
605
714
8646
886
1511
4614
5011
8839
780
6630
3092
9298
2524
4356
4698
2523
5868
1839
8310
1472
8674
3900
9183
3580
9517
2009
8146
5989
8558
8994
5462
8661
8935
540
8218
3749
3726
8351
4670
2549
7821
8129
427
6809
2522
2909
9424
5454
9454
1347
986
2346
6564
4505
1198
7088
9505
9343
9366
5859
8202
3567
487
786
8390
771
5323
3602
8625
9617
6767
6121
9721
2562
7547
4822
5561
224
505
3551
7584
7565
196
9970
2173
9632
2943
3565
6313
6187
8750
88
5457
8552
213
1888
7727
2962
9932
5295
6868
4735
3803
2007
84
7659
5720
9550
382
6448
3210
7346
7574
4897
7384
1021
6016
2070
9203
372
1931
8962
4861
7546
1048
8464
8501
4482
8550
8300
8049
7937
8828
670
9094
5522
5186
6928
5478
8835
1356
2369
5494
4140
8483
1299
2427
7600
1298
3518
4097
6508
8874
7991
9752
9420
7154
4139
2027
7037
5007
1942
542
9741
3708
9840
4675
7598
566
5799
5465
5882
327
9672
3426
8657
7853
5222
5712
8669
1782
29
3899
8983
4345
2224
8001
2738
5572
8510
154
8628
4974
8019
9655
693
2505
6107
5399
2961
7206
370
8822
727
8500
5927
9266
3508
966
6847
6234
6458
9696
3045
5094
8249
6654
9103
4205
9712
1553
8972
9319
2684
6311
7145
3008
3679
9206
915
9158
6492
52
342
8111
2095
4790
8852
7417
4378
1379
8130
1615
6121
2917
9756
3237
6375
6779
1545
737
1210
4893
873
9846
697
6366
8106
3390
7069
167
9658
1667
9493
2614
6311
2378
3348
7058
6243
6812
7718
6681
1731
4003
1184
8536
9990
8109
8724
4086
7362
6784
6995
4813
9353
5515
430
2086
4891
3460
4005
6449
9158
6435
2368
1070
3129
7210
8828
6027
9766
7519
4924
8346
6053
9912
5761
173
661
1314
1221
9889
5661
1310
8209
3028
8657
8265
4095
549
7904
4358
4905
3383
7114
3753
8144
9041
9391
7875
1577
6677
6195
4597
914
6699
9038
7587
5522
5321
287
7464
9230
577
288
9055
3911
2503
7092
2004
9265
1981
7677
2744
7615
1214
8203
9467
5946
6467
3935
1817
4161
565
4253
9956
8233
6448
3600
7481
710
1967
4695
5234
2018
9530
2125
5047
7161
1561
1350
4386
9752
4148
6550
1054
3482
2153
1212
1003
4481
9016
3867
8816
4518
9134
2680
4029
2872
844
3711
7549
2496
4308
225
7284
9781
9536
201
8507
571
2735
3644
2965
5447
6396
3662
8764
2013
268
9985
4941
4538
788
6088
2269
8558
1733
9321
4647
65
1957
2001
2483
8694
5851
3410
1940
5308
2119
711
4317
2337
2635
1849
9457
498
3306
2506
519
3230
6844
7422
7254
3385
8491
2921
8131
9547
5437
1299
6660
2872
4158
3528
3295
4555
9849
6381
5620
9147
9251
4029
4835
8096
900
4353
3788
5854
8946
7198
9858
480
5052
3159
618
1696
3376
9475
7814
3427
2282
8234
2280
9682
6298
9194
7189
6706
5361
3350
9608
4821
87
4093
6560
4202
5691
3320
3528
6367
8840
4957
2512
6359
4561
4305
8045
2390
1001
7947
7674
2681
1137
6419
424
18
2639
4505
6842
9217
7815
929
4054
9439
4681
9436
2552
1300
4630
9011
9481
632
3488
9197
2599
1798
8158
799
8050
7645
7929
1635
691
8832
5093
3329
1352
9277
1647
9737
3616
2107
7904
4115
2656
5164
6363
2126
6064
8498
8633
6165
9365
6206
6894
3280
3787
7443
6551
3830
3438
3929
4371
623
1221
4446
9851
392
2076
9879
6127
8160
7485
6452
6991
5167
6346
8913
163
1863
5450
2296
359
2386
8574
6612
1110
8539
7006
6305
5185
5224
3508
1695
3772
7989
1813
1990
4918
6092
7063
1475
1220
4832
4532
48
5192
6394
8602
6433
5299
2586
4763
3419
8148
351
9048
3855
9563
7553
7733
468
4639
6251
4345
4963
217
1319
6741
8427
9451
6386
654
7445
2096
3342
1977
3443
1504
294
4338
7441
1136
5180
5624
8525
6453
254
7928
8946
5331
9800
6165
144
3046
8339
7121
4504
3596
2058
4907
3155
7261
2749
1125
9634
1160
3246
3616
2752
2955
1849
7606
1492
734
5393
3956
9571
9997
7845
9714
6178
1024
802
6833
6649
7625
8610
9888
5635
9898
3810
9450
1665
9168
8481
1871
3838
9536
5316
9133
4733
6748
5462
5708
4783
6913
4205
1523
66
8896
6344
2938
7299
7272
4
4077
4083
6349
2878
8329
9479
1143
7523
7670
8777
6409
3459
5185
8124
2651
1267
1941
525
487
7570
1158
9702
6045
2467
7865
1676
4803
3129
4675
4712
3629
2146
3181
8706
1429
6026
8241
728
3958
7392
9427
9615
5851
3621
2335
145
8223
8465
9131
6932
5392
7679
3592
4236
4230
7177
8795
9494
1658
9246
8754
2949
3620
2768
4533
5946
1173
922
6843
6988
1581
2014
5846
2727
2618
8781
1516
3504
3871
9104
9954
3799
4892
3187
6135
9669
4031
7425
9883
1301
167
3803
43
3631
4913
9105
2761
6991
3666
131
3116
6500
8015
5185
1089
6485
8299
8943
7645
5950
5246
3556
4528
7976
671
1682
3335
8134
2654
96
159
6427
1488
242
8657
6809
9976
7818
7006
309
575
616
1688
8407
9263
9245
4442
7629
6434
3405
1909
2974
8386
9011
4841
556
8812
9854
6268
3859
5142
5369
1610
4030
41
6569
1321
3224
5517
6223
6039
5456
7376
6781
2786
310
5907
9013
3572
6611
9937
141
3033
2293
685
3215
8559
2711
8679
717
3929
8863
5498
82
1727
9200
9173
2035
2518
112
8756
7780
8296
9108
1002
9207
2223
5800
6269
4623
2691
9803
7694
1730
7485
1030
6228
9869
4327
3725
2836
7426
4371
4110
9183
9949
7269
4839
5960
1428
2797
7924
7072
3660
2165
7846
5664
9016
7443
1983
3763
5885
6491
9321
381
9681
6805
7430
5963
65
2566
4930
9832
946
5774
4293
7050
5183
1053
8533
9799
2993
4290
1545
2599
4109
4834
5048
8807
6998
9009
8735
8343
3668
3440
5121
2625
7069
1172
7033
4118
4431
6815
5019
9655
3375
3741
6184
4429
6732
3628
2624
1893
4077
5017
9714
3836
8585
7747
1839
5362
2005
990
5261
7678
103
5799
7543
8990
2394
7391
5265
4057
7674
6118
8426
8532
5935
4757
6970
9773
3207
4327
3739
5831
3116
5941
3412
450
9349
3325
4847
2950
4103
8414
252
668
4044
6291
7535
1833
812
3929
4501
5656
4776
8767
2388
2755
2742
4105
4400
2094
8438
7185
6457
0
5570
1402
1634
510
6532
6530
6125
8086
3362
5636
5585
9605
9813
6903
6382
149
1048
5911
5639
6023
9579
2622
5309
905
4646
4542
5965
7956
8763
7198
4560
2852
9156
3118
6945
8196
300
6760
8123
7926
1626
8949
3744
221
2151
697
7702
2999
7104
4461
2395
5130
4088
1255
5562
3337
1573
3896
2598
9970
138
5906
4643
952
4661
5795
3956
5705
2735
7282
3662
9371
4385
101
7836
9559
5398
8573
8956
6754
1883
462
9175
324
2050
1263
6189
3591
3158
4362
3294
3086
1209
6497
9206
6223
4297
6318
2992
7519
9394
9588
4347
1000
2941
1351
7098
7017
6981
7157
6980
4218
4778
912
2588
2235
5823
7289
860
7192
5053
8026
5066
5083
9963
9999
3741
6926
2933
3602
3976
8875
5305
8002
3284
5074
2193
1440
6877
3334
3386
9766
2211
1908
9299
4148
3856
7537
9537
7144
4905
2367
15
2185
302
9324
3523
1937
715
5944
3212
5668
5505
4704
8743
5553
7071
2364
1297
6740
6809
9105
8535
1317
5995
