9805
2433
4986
2857
3507
6722
77
1818
6627
6763
8763
2545
8381
6852
8724
785
6742
7645
9882
7016
9812
3947
581
496
4309
9613
7440
2337
9244
317
1044
7235
778
4033
3230
9826
1029
3841
3488
8394
5959
8484
4561
7954
5750
3395
4769
5653
2747
5583
6398
7435
1569
2350
9180
9366
8204
2576
4388
5448
6964
9632
5692
6930
5740
3366
9023
2439
3347
8617
1624
3152
7271
8801
1344
6072
5889
4795
2322
3767
1248
662
8599
4253
2693
9915
2740
3460
4457
6057
4748
599
551
2334
5394
945
4473
3490
9759
4702
1778
3916
1436
7743
9797
3416
9437
8873
1873
289
3338
1404
8266
3240
2763
1057
2516
1238
448
2733
4302
4654
4490
9155
5593
2123
6138
6149
516
1065
4659
10
1013
2528
8894
9467
5590
3819
7114
1224
5338
5111
4414
4888
3579
5111
4173
4061
6945
3908
1045
7206
2640
6209
196
5294
6751
4588
4343
7121
4960
8529
5056
5663
9633
633
931
8969
1966
6687
3485
4969
7825
6579
2594
5374
3448
3224
6066
1316
7728
1656
630
9234
9811
7895
8477
13
2844
4340
5358
8458
4435
8572
345
4945
8105
8793
8158
6189
2721
2104
9033
5472
409
9624
9369
3443
2084
1454
1756
5946
1750
406
5689
9414
6699
2036
3033
4597
9252
8744
8226
7236
8751
3007
9794
1556
1250
4054
1956
730
9811
3386
1874
3008
9799
1467
9848
4634
7221
1071
6112
3459
1366
4578
9760
4294
4044
4443
1980
5384
396
2762
1257
1666
7209
6766
6367
9852
1839
4835
6937
4133
2984
3848
7085
7311
5422
9263
114
6808
1726
4669
8195
2259
5717
7105
4383
4884
7658
7905
8218
2731
1415
1216
4676
5192
9158
2637
5588
7309
548
6244
4129
1153
9748
9767
6332
1680
2035
3496
9757
4672
3091
685
3368
5406
1190
6182
5452
8871
7033
2650
9256
1139
9930
4989
2202
7035
2264
7487
9941
1163
7862
6302
4943
5523
2475
6635
8693
247
5209
8682
699
3430
6951
5971
8467
7464
7453
3845
7480
5505
7964
3978
3593
7218
9704
54
3469
7103
3284
985
9255
4442
7864
6100
3159
7550
9488
8904
3658
1032
8564
7114
2272
8784
9424
8818
5368
4358
9935
8579
8826
9478
5865
389
336
3422
8038
2206
8082
6407
4653
1343
9453
8878
9390
2890
8639
791
5865
8434
6273
9575
2249
43
7873
1328
5488
5584
3147
1962
575
3395
2932
1260
8626
2398
5251
3257
6823
6505
4045
6567
4521
8965
4331
8156
6365
3333
8105
7729
8472
9132
3389
3768
5739
1777
9746
4730
9580
2351
529
3241
4082
7001
5931
2756
3693
5755
981
7673
6511
5131
641
1044
6251
8062
5957
1686
8201
8727
4010
9121
6818
1371
3122
6431
3774
9456
7239
4659
3176
9124
8556
4935
9755
4089
403
260
9276
6974
2891
4688
6451
1833
9346
1810
422
8880
4319
9665
3972
8775
7765
9642
5564
579
837
1105
3911
2093
6707
1358
3896
6482
8274
9144
703
3304
3599
9200
6132
5979
1655
4916
3542
3718
950
7876
4544
5181
5597
8529
7476
9894
1999
8961
4728
7496
7384
4512
730
5291
2187
4048
1344
4767
4982
1
2144
8793
884
6987
4425
7544
7951
200
909
3414
3407
5487
3371
3162
628
4171
8893
4778
1644
3706
4955
8141
7521
3185
6377
7934
546
9789
2708
2893
7372
1588
1701
4032
7285
9562
7503
2535
4709
847
3131
8573
2386
2054
7885
9402
1990
5553
2738
277
4047
1208
2489
1671
4227
8648
6699
6443
7277
6872
5224
641
5128
8118
3359
1122
7095
7792
3466
9725
5247
7871
5956
5264
3362
1758
8520
8355
1289
3256
5127
6398
8989
5087
6501
4426
5090
4873
2881
5461
7712
5509
4623
8815
6943
8188
7892
3042
5102
8514
6350
3758
8832
4763
4461
8834
9108
4890
6113
4279
4112
2197
2865
1862
8410
9780
7765
7274
6226
7945
7745
6112
766
3865
5039
2875
6867
8584
3432
6228
2222
6371
6990
2862
7533
1447
2041
6775
4268
1567
4396
6491
6127
9146
4419
1731
8873
6091
4396
7258
3927
1642
5791
816
8924
5032
5835
7960
2970
9343
5070
6796
9242
7464
6208
1776
7112
1415
7725
2708
1678
2832
4797
691
6859
7261
7442
5112
2927
9335
701
912
3718
2529
7757
954
5342
7589
1654
7515
4327
5654
6506
735
9431
9332
374
2538
8950
7518
4572
9660
7533
6130
6312
4674
4598
9872
8993
4105
6591
9325
1214
7150
3489
1779
9074
3921
3544
8869
6693
1416
5726
3839
7201
8816
4664
6396
9302
8718
5196
8114
3434
9875
8301
1817
3217
7293
758
9529
5012
3787
8703
9424
1601
1833
8766
274
5519
3033
7885
9099
3132
4995
2595
7712
4966
3459
6898
6196
6514
2112
3181
9158
3340
4861
2964
6743
8795
6393
8189
5354
8032
9649
1793
4613
1931
9333
8144
1267
7242
1287
6609
7307
1904
2159
810
3596
9725
4092
2217
271
6431
54
237
2062
9125
6559
3220
2531
4076
935
705
5657
2248
3503
7401
9567
464
2933
5579
9963
5527
8094
4730
3643
2211
5634
7800
2070
8123
9872
7392
8545
6641
4354
6960
3982
1914
1324
6322
1855
822
1982
1973
7096
7777
7657
1292
7635
741
1294
4739
7004
4265
7042
4090
4268
681
8718
3808
1092
6467
5362
92
8223
5196
5337
5338
5626
3326
6104
9649
3888
4127
6225
1149
8973
7678
3908
1214
644
9196
1988
9949
9836
6884
6631
6901
8213
7384
9575
7285
2312
7354
5591
1473
9149
4884
2095
4512
5958
7941
136
3190
3289
73
6355
590
2443
643
6339
9971
9607
1481
2043
4859
5261
4332
3922
3633
4904
2419
5155
445
408
1923
8401
3362
9902
765
6072
5861
902
2196
4111
3765
3758
3945
1417
3002
9189
5381
1642
222
8143
6610
6375
1363
4341
7703
1158
848
7305
7614
3173
6107
327
2963
9014
660
1175
4555
3448
2076
4350
7070
8769
2817
5140
8099
6695
679
9745
791
5006
4468
5857
746
7819
8808
3079
4486
9767
9750
4925
9612
1024
3076
1065
8237
9177
2667
2843
6866
4626
2043
7762
4376
8946
3935
6031
9435
9808
8760
2082
6894
7170
4184
8080
7876
5996
8046
9094
5007
4634
1849
4999
8067
6281
794
1009
9253
6639
4347
3598
7237
1579
5925
1943
2373
5287
6643
9938
1941
2010
3281
796
9661
8938
8608
3681
134
3182
5913
6792
4373
338
5451
6380
4405
2355
9011
7237
2016
6507
1927
8870
2026
9463
5247
3887
4042
8707
1936
1410
725
5559
4070
5618
6728
2266
782
9368
4994
9013
5357
8512
1773
8611
8336
4304
1111
1284
4017
5176
513
6577
195
4948
8195
809
6827
2159
3737
1578
9371
4898
7471
3596
795
7818
1476
8807
1622
1928
5774
2196
9519
8769
5290
3985
2078
1510
3341
5198
2474
9774
5837
5493
4260
1407
6853
2103
4286
43
2985
7200
3191
8999
5494
1500
85
4167
7045
436
2877
5205
2652
2001
8065
8945
2304
6193
9015
9298
2940
2214
3825
4203
6151
2988
1934
6072
9044
99
9069
3576
4523
7626
138
8020
0
8173
2150
7725
4253
7365
7287
6900
5105
398
9113
3299
5412
2646
9935
7641
4790
192
171
4531
1475
9304
7061
4646
3988
3362
2555
4648
86
9083
1574
7038
4159
4081
1316
8208
3106
8110
7639
2681
1345
1152
4346
1787
5690
244
4411
1711
4623
7488
4730
5706
9318
480
9820
3819
9577
8135
3100
5344
6427
2920
2831
2521
8633
3821
8754
6340
8072
7988
5731
2951
7280
5098
1608
1501
2420
4687
7247
1927
6461
761
2355
7972
4995
8085
6088
8091
8967
7544
7940
6405
6976
2259
4170
5495
6912
6517
2644
5901
7074
7706
220
9635
594
3314
8807
5725
7464
8988
2175
2182
6915
8017
5931
8245
3871
4013
5661
1979
7666
3239
840
697
7960
4306
8955
287
1401
9533
9727
8127
6020
2245
745
2912
1771
1882
6236
8094
5146
1374
6254
8063
4660
1274
2933
8273
1805
4315
3182
8494
6590
6857
954
5153
9336
4712
1558
387
728
2040
3461
6382
5283
9831
2812
2435
8350
2663
2905
9782
3133
3338
5041
5015
2182
8
5173
5996
3057
6067
8752
7737
3854
3922
8384
5138
7491
1114
7070
1655
497
6491
4267
6830
5234
7558
7066
8623
1537
9436
8596
4488
9781
7890
6699
145
5387
2465
5999
9098
4512
842
6775
8928
1720
2022
8237
6334
2622
4267
1688
896
2696
7930
3798
5859
2917
2629
8390
1961
3334
4511
1680
7400
9767
8908
8770
322
3737
1255
7031
9871
7357
2834
1782
7142
2142
2376
9493
1771
6252
239
5719
8930
6529
4985
8585
8786
2369
8361
5861
2372
5219
9762
5489
1019
4294
1627
3751
6621
2
6015
5058
4287
5213
2658
2370
8896
8422
2973
7916
7308
2353
1834
97
6464
735
5051
1240
29
5002
2165
651
1317
3562
970
5867
3187
3239
580
6529
7895
1483
4813
2114
367
7699
6859
5886
9729
2754
1449
1878
372
498
5793
4567
7983
984
3862
9271
1737
3762
6525
7483
7359
5776
8347
8082
2805
2813
7737
6018
6916
7208
1797
8557
8993
7875
7571
9343
5229
6231
5888
6823
9993
6258
1927
7504
8434
1454
5596
9691
2938
3711
2773
8634
8231
2265
5769
8699
6933
9756
1744
5951
1174
3885
8059
2710
9562
530
5997
8377
2170
5689
5366
4404
1837
6341
608
1982
8062
6903
7378
1110
7269
5429
1634
7836
3665
5449
8087
2217
4631
8217
1949
6235
2612
6894
9682
6465
1598
691
9805
4192
4025
172
8414
3088
9958
7328
560
9958
8966
4453
3499
5406
5692
4839
6439
3076
8240
2836
7147
783
8543
2215
2578
3452
2000
31
9951
9218
386
5691
7879
5031
2017
7076
2173
607
5431
9143
6764
699
8047
2221
9309
1334
4148
6809
4056
2951
5128
7982
1287
1507
3217
3755
9829
6515
5902
1235
9558
1278
9384
5693
8976
2803
3363
7909
8519
5173
5348
4957
8535
9202
9916
1187
1306
5826
7138
7872
1321
8265
670
8331
7199
5897
1170
7208
6521
7703
51
7072
6506
327
9493
1421
5163
7879
8582
1842
3584
422
4112
1110
677
1695
2546
8619
5143
6550
2584
1775
6223
4477
3494
5406
9865
5011
3924
2994
3187
858
3539
4008
6721
7235
5918
224
4445
936
8828
6177
1547
6294
5089
5350
1035
7349
5460
8265
5112
5542
2636
3339
1197
1160
3651
2829
3895
5926
7964
1310
374
1185
9425
8577
1645
9509
7413
3113
6408
1082
2153
1893
7357
6474
8202
7922
8284
9914
6327
6689
5312
5174
9392
2311
1991
7838
9818
9386
8366
3911
3903
8671
2918
3167
6162
685
8307
7745
4896
6493
4354
8321
9938
9761
9946
1636
7887
7198
3676
5423
8206
9079
5013
3307
1978
7415
5810
6834
6510
4523
8594
5785
8799
5450
8951
2777
6249
5681
6374
5131
1489
8383
6799
3248
7642
6954
2614
6682
4292
5453
63
9963
7774
3903
7449
3480
6780
7696
9745
7785
9492
5234
455
3712
1570
2578
6413
3347
3131
8753
3212
2775
9358
2164
9105
8251
198
7860
5797
4591
2125
8371
9466
9856
5403
2572
1057
769
9036
2981
6600
3062
8367
9844
2592
992
7082
187
7005
7488
3435
6321
5927
3370
3258
5759
2606
9720
90
3636
9578
9671
1678
1861
7104
2722
2312
3364
9552
1610
2988
955
1819
7439
6420
6021
1043
7341
6989
1770
7642
789
1918
9637
6700
8103
3704
3620
7625
9865
761
3132
9658
4855
5867
3542
7493
6503
6057
9401
9980
6711
9746
6869
6175
9477
5062
8377
6466
5355
1005
4738
9353
6278
2823
7265
767
1905
5918
6168
5622
371
7431
9040
6585
8257
2152
1546
2542
3809
1331
8192
4071
8748
9249
2567
4839
7423
7162
8420
8257
8223
6816
2984
6380
9590
171
713
5796
4526
8383
5550
9962
4969
2297
2582
6683
1083
1289
6230
766
1668
8026
6174
278
5854
2636
6390
4103
7503
5107
3274
3030
4971
7592
8543
7321
6794
6349
9761
4734
8305
8126
9802
264
1824
6067
8001
6243
3032
8258
2717
8505
6470
2033
7509
2893
16
2249
7797
6372
8618
1398
3103
9155
1557
9211
9723
5524
5622
3282
6476
7474
7999
81
3329
4436
3084
7784
3845
1879
9867
1911
1892
2259
649
5069
7898
4415
5733
395
9353
2673
4980
6550
822
9326
8544
363
4817
6111
4893
9070
9744
6804
6490
2347
8487
7123
9776
6269
7573
4265
4971
5852
9518
321
113
9937
5345
6898
8051
9270
469
5330
3120
1544
7941
5401
9216
1550
5796
6736
4516
1924
5903
472
4312
7296
8078
9351
97
6197
2487
9806
6569
3445
3679
7286
8820
6706
6877
3832
1918
8701
7821
4507
6163
1104
798
8696
1450
4263
9481
8602
2735
4856
3422
3890
5051
9523
4365
6486
2227
5925
7037
1097
7194
8647
5068
7046
1380
1491
1284
9126
8088
1526
230
9505
3280
6929
9286
1617
6496
9866
9635
8642
5969
4143
6385
2597
3753
2346
9925
1028
537
9824
3756
8960
6115
964
8168
3125
9173
1689
6041
4864
4006
5844
8196
4743
876
2831
562
9190
6936
1498
999
9946
4831
1245
1196
8070
3781
3848
7740
5475
1736
603
9625
693
5750
7185
4472
1144
3548
1111
1071
5209
5821
5723
4505
1441
9083
6048
6052
4780
7893
3789
4248
7944
5436
2965
3859
1529
2212
3361
9477
985
8996
6137
5238
589
2009
3459
6591
6866
765
1442
6828
982
7136
1615
3963
8580
1744
5045
4529
2871
8363
9238
8426
4959
3374
7899
7770
1090
5576
5609
3941
9737
4128
2639
1640
8555
8607
1564
4274
4488
380
7373
2722
2955
6195
5572
6766
3203
5361
9860
7405
9803
6622
6057
9714
3092
2023
7477
8437
5844
6710
6228
1023
5800
6929
3281
547
5717
2604
8241
9684
7804
7132
765
822
6892
746
3342
4901
9874
1519
2577
7388
5099
9522
6330
9427
74
7995
1396
6008
2596
1139
5894
2984
9704
7979
3970
5066
3277
7445
5879
5401
2564
5458
4710
7196
2717
9449
3281
7476
5013
7345
2223
3137
748
3979
4685
5777
8037
3759
9550
6486
3990
2802
6643
3123
5167
8609
7414
8275
1320
8284
2736
7094
3459
9266
4987
8520
9889
1908
129
832
9569
377
1443
7154
2962
7758
1878
145
665
6439
103
1701
3758
8247
4095
7316
6817
9736
3394
3105
2634
2935
7234
4446
5950
9743
2240
5390
9741
3488
4786
4188
5497
9708
2304
8722
8241
686
649
2647
6907
6503
2290
6199
2544
5702
8350
4576
4528
7043
26
3863
8231
5913
9887
6757
8264
5854
5194
8194
8485
5920
2600
9820
2465
4125
5643
212
3676
9759
8378
7749
5774
8978
788
3714
847
1795
4309
602
5250
7735
1233
6363
9778
3766
7549
3968
1749
5442
941
9688
13
9992
5768
8901
9309
6641
9543
2909
2505
3605
2829
817
8646
6445
8449
7848
1600
3027
4310
7655
1306
4456
9803
8607
5488
7842
6238
6131
3289
2672
6268
132
9241
6860
4372
9163
8418
2380
7705
7138
3898
9204
1174
5775
9959
9963
6139
3278
2567
5832
198
938
2669
8202
2061
216
1157
225
3448
2769
1481
9852
7948
6425
9836
1312
4113
9040
9331
7313
3301
7317
8948
8784
6569
5458
9862
7185
8937
4824
6616
5048
5001
4136
1117
976
8123
1466
69
3592
5517
7038
6760
1818
1232
4621
8971
4600
4563
5530
2692
5893
8253
8619
6298
1678
714
8494
6198
8531
8733
1498
8166
3670
5923
9571
128
2975
9304
7417
8996
3161
8947
5310
3402
2941
1900
2914
794
3817
5055
285
586
8588
1528
3144
5730
4592
6797
5352
347
421
6715
9368
214
6550
2233
3058
6778
1402
3689
9897
5765
6218
6781
7782
3715
8458
3814
3422
4348
2597
3799
8604
9928
9257
4728
9456
9758
3196
9238
4435
3210
4810
7672
1286
6588
2556
4589
4182
5597
5447
8977
1742
5629
1150
8111
170
2216
308
9071
4435
6567
3906
2752
1131
9666
545
353
1639
8467
1173
8410
7348
8694
2135
1592
7191
1260
4317
2917
8581
3631
6663
5253
780
4736
281
8876
3468
6588
944
7326
6870
3229
371
1247
5743
9021
3704
2776
2656
9653
4239
1211
1630
9235
559
4254
3985
2762
1963
6531
1187
3795
9169
3272
3367
514
3167
8618
8579
9571
9762
2293
3083
7011
6828
2662
2139
9659
7377
9169
3585
5031
9871
4862
1589
5989
6871
7822
9622
8489
812
1996
2275
2142
6055
783
3074
9158
3684
8524
2640
2098
4797
7288
9878
1485
3121
3386
2980
1618
5281
5855
9853
8927
9159
3720
3902
1185
3555
5966
4076
4926
5619
1349
5433
6130
7502
718
7987
33
7581
3542
4697
1948
4342
8092
2939
4094
871
7648
5965
3158
7436
151
647
319
7213
3083
4140
5962
342
7087
2757
2349
7140
1696
3738
8693
6873
247
2332
6359
8413
5788
370
3653
3825
3892
4509
5212
8736
3690
5978
9769
1237
2092
1684
5612
4739
6844
4292
8484
4645
327
5734
6394
7027
7075
7033
8714
397
8881
3074
9036
1111
2146
4093
3921
4370
8261
738
6857
7058
6766
5600
5361
3249
3411
9385
1929
8991
7536
4985
6852
5524
6026
6835
2217
9492
7088
6474
3654
7534
5662
7066
2292
1361
9387
9425
7365
5804
5507
509
1274
9232
9695
9202
5297
7315
8415
8280
6668
9668
8585
2223
4861
2070
9771
6656
109
1436
2269
8290
9532
3983
7170
1526
2466
1535
4429
7727
9636
6755
9761
2865
8226
5166
2256
9061
8910
5153
1045
2662
4871
6887
9661
2475
7971
5200
1983
2753
59
3806
2701
6693
3056
2678
1106
9547
6731
7027
3051
3293
5330
957
5795
2403
3095
3232
8967
6940
9274
5965
3832
4167
3679
7626
7998
2400
1306
3990
4601
90
471
8717
3363
6949
2870
3764
6898
7981
5075
226
6458
367
5188
3468
4462
6904
9099
2539
3798
2155
2459
427
5869
3599
8248
723
2818
2211
5159
4476
3310
7727
420
6863
6261
3832
2131
8112
2837
1295
2094
4625
9948
8360
3469
2164
8918
3746
3027
1937
7059
9703
3221
5456
791
2337
1221
6692
9243
3799
6989
6517
2402
9539
5128
6215
9398
4002
1018
2380
368
8759
1231
339
5782
44
1921
7259
3582
1398
627
1928
6385
2163
42
9696
2827
2451
4492
1507
1791
3313
1872
7845
8695
4572
4965
5482
7945
3766
5167
444
182
3000
9644
8012
8156
7808
2980
1619
3067
504
911
9779
8132
3428
9456
5327
5692
2872
5327
2499
7361
387
9445
1585
9172
5324
4976
6154
7668
6056
5926
38
7356
8245
1047
5760
4130
6535
2395
5472
6544
8284
2826
3894
7343
8909
7818
2352
4015
9683
1395
8216
2260
9124
1999
829
9291
8249
6989
1197
8778
5741
8164
1148
6533
884
9188
2867
8684
3733
3657
8264
4786
3478
5433
9509
8248
7698
2365
8264
7608
7882
1788
3111
2382
8293
8258
4109
560
293
7775
1253
8399
4024
972
5986
6965
9703
121
8281
5470
3455
7394
4892
6292
8121
7744
116
7794
8376
8907
2074
2858
2783
589
8066
7538
1660
7234
628
2568
3317
2380
2216
9815
2942
8626
718
7602
4804
1576
5735
5469
8408
3514
8163
9739
1755
4643
88
2417
419
5978
3723
6025
4663
1035
1167
580
1053
5188
3559
9415
4429
3622
5721
7622
18
3499
8882
2158
2541
3847
2976
3227
5861
2774
2911
4570
703
4485
4915
2441
5605
1965
2319
955
6694
5866
9712
7159
4139
8075
3226
864
6897
4066
7229
2368
7480
4634
4562
7757
6439
3992
7496
1693
9977
6633
5525
8854
9656
9947
7243
6062
4212
2473
7994
7745
3408
4622
3419
7569
4954
1563
6464
6008
4277
387
2694
153
6101
1107
84
2612
6838
7215
1779
3000
1465
7352
1369
9874
1163
3257
387
5556
4724
6897
831
3137
4217
2539
8051
9093
895
3960
6814
9762
7005
9391
3641
9957
7372
6459
4394
4694
6510
1442
7877
4190
9192
1909
4894
915
125
7507
479
6591
1976
6169
9634
9151
293
7332
6461
4215
701
2935
9000
8355
6669
6424
8939
520
8418
3316
6792
8376
6898
6355
562
6068
5466
8870
6841
9149
656
5869
5155
2595
3540
1605
4249
9790
3672
2174
8299
6507
7145
9739
6129
7518
6392
9091
4159
8470
7946
5572
4179
8542
200
6583
751
6175
3284
1774
8589
531
5385
538
4516
7636
9693
4794
6774
9523
7958
7373
4435
6965
5989
6409
5774
8855
7140
5124
4937
9651
3176
9679
6223
8075
1251
162
3726
289
7241
6418
3600
8505
9692
7007
1332
1654
1878
1419
5390
2785
306
6485
4503
9913
7080
9395
1346
2564
7299
5550
7789
883
7809
9975
2416
2819
6198
1272
1413
8064
4525
69
596
5252
1213
9696
7177
4205
5571
6124
8964
541
5010
1130
6589
4635
5348
5359
1538
1847
4667
2151
1407
3978
1784
1378
569
9915
6263
12
3095
9070
3349
9163
3837
1208
3343
7505
8742
2317
697
8481
8733
4218
3896
239
2616
7647
8285
688
3298
164
2526
5489
5412
9244
1266
7731
6255
9959
7592
4563
6408
145
2277
5288
5952
2664
5768
3558
895
6043
8332
1071
9005
4125
5497
3417
461
5161
4535
8587
9094
3824
6369
9121
3102
3005
418
6703
4757
8074
2430
9569
4204
7740
3343
8705
4337
1160
6411
7442
56
9881
6718
3945
5879
4170
8330
3324
2718
6189
4231
2594
4193
3630
8360
3562
8147
6626
7868
5880
9249
441
6381
4202
3448
8866
3369
9337
8228
4734
9339
1770
1478
8252
1814
4036
3920
9300
7533
3116
1248
8671
3153
8620
936
8355
2311
9010
1622
8477
1445
9876
9717
9991
6170
3618
4446
7049
3655
7876
3932
5419
8686
2994
4139
5080
5253
1890
9212
4783
8327
2780
2968
7875
5111
2586
6542
915
8418
9707
1099
9171
2064
6742
6357
9193
7958
4684
9540
4980
5980
838
3437
7669
7702
4654
4141
5538
1441
3225
3070
5376
1884
1601
2233
5246
6272
7281
7224
833
4733
714
4678
9993
8594
115
9126
1058
9816
2397
5645
422
7932
6676
5645
5856
3704
5953
4767
140
8413
6988
3771
6330
3551
9391
7
7634
6749
6838
6522
7649
4747
2675
8012
1633
3758
9598
7164
2903
4739
569
4493
3413
892
8417
5694
800
40
6288
7749
7356
9710
8240
5543
8883
6070
4794
9622
7924
4276
4876
1015
3320
9138
2633
8031
7072
4664
2411
858
907
3355
8612
3080
7524
3695
193
1381
1735
7594
1455
5795
3972
8007
6600
4501
2172
804
598
8378
3336
1369
280
4725
2858
2548
1906
6021
7595
1541
3278
3654
6483
6115
833
7219
5127
4490
3945
7541
4604
1426
2290
2669
8569
1773
3160
3738
2219
6540
7878
8440
8643
5502
3933
2645
9370
5479
7296
1985
3764
281
4636
1089
9922
6241
3589
4480
1441
848
6364
9539
4017
8836
3917
6295
2752
3683
6612
9002
4756
2660
9855
5458
3543
1978
5791
8638
9228
3101
2072
6599
7777
486
9672
2418
7613
2967
5892
1061
7864
8197
3182
2835
5066
5268
259
9542
5483
45
6896
7992
522
7294
6469
9198
1306
9662
7506
5842
7046
8235
2174
6091
8884
9906
1094
8379
9239
1899
8818
9925
8671
9214
1123
9768
7052
7989
3753
2957
6944
7648
2657
2137
1586
5135
7724
9999
2382
4960
5258
1573
8889
309
293
5777
4787
5441
6379
6145
4085
2143
2835
4628
5242
3294
6256
1607
8938
3965
195
8960
1026
6079
8922
5633
9439
9419
4103
3721
3064
1364
156
9341
972
9423
1538
6526
3392
9590
2393
3255
843
6776
4874
6310
829
8874
9880
3220
5657
1039
7029
9747
52
6527
2240
2371
1158
3559
5755
640
6285
9932
5067
4268
7264
2749
9802
5157
9601
645
1094
4946
8412
4682
4268
7183
6620
1237
5535
6658
861
6830
4066
5706
7196
7939
8742
3780
7466
3300
6988
9177
4751
9951
2668
6711
8124
2387
8286
1673
5161
8451
7174
8710
8445
313
7485
9076
1867
6820
1658
70
393
2831
3999
6729
1116
5071
3312
8199
9808
6649
6702
4518
7172
9566
3570
7393
3378
3797
3573
1120
8139
2963
7851
6838
5105
3881
1729
9415
5310
3945
7116
7412
4098
8918
8048
261
186
7544
1682
7521
9195
5385
3317
4781
4927
3903
256
2495
5350
3798
1137
6861
1821
2841
4619
3367
6700
8525
3691
1198
6201
1819
633
7951
3755
359
8697
3312
7993
4433
7280
6310
8656
6920
5636
9361
67
8566
1101
1333
3773
9148
1576
8613
5922
6970
8762
9133
8051
7099
9056
9708
9329
6891
1333
220
3944
2534
270
9328
9245
8927
4655
2650
3939
1401
4432
5766
4710
2502
2762
9270
1450
217
6524
7178
5470
7770
7194
3803
4858
3094
1620
9445
7752
6543
9397
1295
6335
5319
1186
9832
4377
6757
8466
5248
391
9282
5629
1216
6219
5315
8333
5111
6402
9715
6225
3122
6468
1899
3841
7094
9620
2129
5867
3213
7779
5675
7020
395
5825
7070
2170
4700
6323
7400
126
1197
5392
3061
431
3795
133
5698
1033
5611
1113
156
4909
2143
6522
3828
7682
6834
5910
5825
2937
2489
5302
2370
3134
645
5781
2863
7082
8977
6798
3514
9877
4580
3443
9624
4345
1076
4426
4438
6355
4344
3666
6377
8754
4391
4131
3014
3633
3506
1619
1643
7217
7115
7077
1880
191
5153
2284
7741
8886
1961
2174
3282
5581
3162
9380
8509
449
2757
7853
3011
7997
9568
8817
5982
5317
2237
4707
9495
5507
1771
6656
6865
9032
8985
9717
8866
5652
4770
7485
5038
6225
4602
631
33
6250
7555
9782
6185
4249
8076
7746
2158
4957
7399
8123
1055
1898
7526
4318
5787
2747
2801
817
1384
6194
4230
920
2419
9184
301
5610
8068
5265
5639
9709
9245
4734
5763
9805
6384
1030
9116
7436
2522
2406
7506
7300
8752
1717
9044
8392
3540
189
3719
4088
36
8003
3862
5715
8527
9976
8150
8071
1365
3080
9572
9860
2010
6239
9389
9022
6310
4667
7945
7585
9740
9133
5173
5471
3285
5385
9468
8149
9225
3357
7858
8076
3737
5407
2925
4811
731
3406
4064
4889
1507
3482
1621
976
4923
6928
630
9165
7151
9998
471
5380
5239
5253
4820
6929
7474
2076
4419
1049
2795
2192
2118
9983
6523
5369
7279
6322
5387
7016
3968
1555
6803
6285
5454
9509
100
7285
2689
1693
1407
6529
6139
4937
6080
946
6370
7613
410
6800
9100
3560
9040
2329
3254
8405
7741
1398
6065
7726
7137
2057
4649
8570
8329
5347
483
4103
7018
9347
1107
7267
5337
297
5031
6388
1322
7224
4836
1400
4691
2921
7051
2406
5436
1852
5863
7347
2037
7466
6389
7409
5219
8934
7073
1010
6041
2770
8537
8042
2720
1389
5680
7874
115
5306
7297
9001
3913
5148
9102
2869
8687
5245
7428
6375
2801
4782
236
5565
6245
1609
49
2113
4565
7410
5897
5230
23
1868
7139
6690
1146
4599
2347
1679
8095
5687
9164
6508
9922
6945
6755
9881
6755
3870
747
2143
4230
6514
971
6838
7731
8454
3416
2080
4090
577
8792
3842
455
4533
4997
6211
701
9094
393
5933
4147
5813
1964
3889
4232
6523
7048
9927
8004
7681
9509
8643
9516
6684
8150
5698
2337
7782
3822
9268
6134
7239
9376
5124
9885
8195
2339
1874
4717
5565
1246
7329
7505
6409
1525
6236
7232
7422
32
884
1236
362
4580
2869
3401
7760
225
2199
1076
125
4648
687
8622
1833
8070
3397
8812
6344
6033
7633
4620
736
5421
6639
574
2388
572
9073
7020
6383
2880
1763
8456
6173
1870
586
7425
1059
2177
5654
1025
1231
552
9271
7301
1690
1037
4667
9114
1369
2387
8005
6945
3043
3771
8906
3662
2109
4195
4532
4499
2593
4140
5289
1716
2717
6646
3878
5591
1192
6314
6741
3066
4383
7636
8927
1776
6430
4459
7002
9705
7178
9326
8514
3037
363
3228
8182
8549
2806
1984
7914
1143
8088
5303
5882
3244
1584
9904
9950
4591
6995
1056
1144
196
3475
5758
890
7026
6585
1361
2517
7470
8031
5172
1133
5318
2426
9555
2152
1511
3925
4982
1989
1548
1001
3831
6633
6083
7048
6032
4068
541
5481
5062
5202
8210
2989
4716
6846
3183
8816
1078
337
5838
4203
6939
4648
3535
7991
133
4948
7064
5692
3897
8986
5958
6311
9837
3706
7071
3466
9819
2941
3926
4973
7585
5000
8714
8738
8113
5230
6332
4006
5724
8577
2139
6691
6166
5560
2973
5875
9158
9037
5756
8287
7677
5725
5674
5926
8016
1362
9507
7081
4755
1166
4702
8563
5924
9213
863
2805
4737
7005
7564
191
5784
1770
1930
8747
9545
8370
1843
3460
6393
6119
9846
9908
8614
83
3036
3434
5794
3589
7218
170
2446
6345
1016
9455
2756
9046
21
4652
2097
9217
3060
2832
2717
1904
1023
4567
1816
9096
1446
7165
2243
7223
2220
4477
7944
8846
3343
9128
5912
3654
3730
3250
1551
2820
2680
2982
1509
1927
5151
7369
9347
717
535
8156
3248
8549
1774
3995
4264
7376
3753
2274
7064
8033
1296
7439
4328
7715
3239
3347
7941
1082
7413
6915
5130
7585
5555
6043
1610
9587
7586
4689
9677
3781
5897
7495
5397
8832
4378
9786
6427
844
7168
2040
3147
7064
6472
2958
7289
9991
1848
5503
5982
5732
5392
8097
1987
7654
6908
5794
3545
2606
7715
6664
2898
4381
4383
4565
3359
7555
3369
4537
7063
3506
7008
8706
9313
6497
6854
958
3663
2940
6615
609
7191
121
6135
418
4654
3125
55
6831
1075
8397
9396
7985
5734
3753
5548
3051
6019
8114
877
4636
79
980
2396
5828
8046
3839
527
1107
2526
3672
1896
1356
4723
2620
798
8136
432
4532
8089
1143
1519
8483
3114
3218
5965
6733
9221
2412
8773
3314
4156
8599
4311
9736
1401
9682
7941
23
6167
7584
4074
6333
4958
7828
3143
5122
9609
8792
4603
2246
4054
4797
1295
2742
633
4541
4267
6925
2349
348
7224
7223
8232
2301
4627
2257
7178
1025
3291
92
8834
4314
1575
3409
8381
4525
8375
5230
7948
4726
2933
30
1280
4694
9527
4823
9205
1943
1669
9581
5176
1856
5137
8692
2567
7651
5112
4434
1539
6068
6275
323
7172
5573
2682
4694
2570
2188
8358
6693
2875
710
9169
2674
3693
1924
2461
892
930
8628
5645
2129
8315
2923
6836
8493
267
4637
9800
3361
2105
383
1699
8879
2209
5300
7462
8482
6552
7188
4473
6938
3945
3163
5475
3989
8161
8973
6739
4953
2612
9815
6425
8765
9017
8113
9524
1080
2249
5871
8329
6529
2415
7559
7980
4661
9197
9901
5791
551
7003
9113
4612
3794
8124
2650
5984
6186
9519
3524
798
7617
6174
2165
988
6469
1175
1158
8982
6182
4773
2621
78
5894
218
9023
2581
7929
1995
690
4169
5243
1912
5104
6202
257
9798
9031
6922
1511
347
2334
9713
5801
3222
6594
1738
1309
9928
6479
3422
4093
1923
4282
6747
643
1293
1195
2608
7230
1569
6184
136
8929
1650
6972
5344
5738
429
3414
807
6063
714
5486
6273
1524
2046
3602
295
3466
8241
6543
8015
7265
8759
5819
6260
7662
9821
2991
3634
1880
4065
3090
7872
4748
5502
2241
1306
6177
9651
2763
1801
6822
1727
6120
3746
8807
9596
9161
424
1726
6197
4746
2990
53
5892
6628
2269
5034
508
2544
990
9676
432
2678
2341
7730
2895
7155
907
6171
9661
6841
422
4512
9183
2304
4871
9669
2242
4058
4191
2926
1320
1300
6047
3022
1776
201
1467
667
8209
3201
1850
1102
8323
1254
3676
9542
1034
2663
6376
2668
2815
9573
4129
609
5357
4507
661
4579
5285
282
8338
1934
3631
2882
5637
9856
4781
9805
1904
1253
1181
5222
2615
7953
940
1431
4696
1740
6289
6016
6613
8791
749
6387
3614
8300
1965
6027
3663
7540
3833
6141
1044
8211
2413
5287
5861
717
8401
9430
9938
8924
5366
2163
4396
3865
64
3981
2317
408
1995
3458
1237
4896
3067
7734
3906
6647
7620
8087
1979
1037
7010
311
1609
335
9606
792
5747
8220
4350
742
196
2964
7840
6605
2843
1019
9539
3052
5615
2125
4585
4065
4269
4908
9309
5076
3183
7061
9029
704
1259
3729
5428
5564
5125
8871
6799
5687
1218
4303
7977
6258
2154
2737
4926
8807
4185
3339
4009
9399
6962
3089
610
2914
6000
9199
615
2095
3579
970
3301
7292
1235
837
9155
4127
4653
6256
6011
8058
7671
7146
4279
9469
2568
5671
3956
4582
8457
3164
4341
1443
8059
3207
3975
6088
163
2748
4540
1900
9689
5339
8327
446
105
9037
3539
5429
5555
1500
559
5732
6181
4274
1626
9293
867
9290
1575
7980
7984
3475
6541
7044
6204
8755
414
7976
9034
2424
4162
3231
7309
9370
2511
8746
8974
1340
9175
2770
9229
3553
3230
7178
4097
1227
7047
8772
397
9118
2042
5087
3058
7235
1940
7694
1819
9193
298
1220
4905
2374
7627
2651
7051
1772
9058
4757
5113
3782
9733
6025
8045
7841
9133
1631
2655
9256
6514
7159
8988
3335
3841
9795
9218
4993
9805
724
5387
4301
6096
7074
9491
5835
1052
1974
1959
2037
3939
9569
4188
9264
3919
5040
1577
5938
447
8647
2755
5629
2190
9081
4419
2489
2769
1626
8085
1488
6893
6636
8352
1827
6163
2181
2285
3163
2810
9090
4470
6617
3143
4773
2380
6974
7066
4585
7557
1110
312
6758
9648
4975
8337
5200
7446
5017
4142
954
3439
1333
6585
7960
4254
3695
7896
9282
6154
3576
215
8500
9130
6540
5361
9202
2893
3427
8747
8121
9651
643
9565
8849
5659
4994
8766
5358
7033
2281
7834
3686
6387
1940
6723
5261
297
7189
5330
9883
1760
1369
1256
5248
4793
4515
9365
414
8690
1796
2708
5012
3624
8636
4497
6763
1815
1321
3768
5112
305
494
7980
5922
4710
5520
3520
6430
7270
9290
4213
6263
7328
5696
2369
7737
678
6992
2360
1884
8688
9332
6490
1005
2073
8276
4633
3320
345
537
5076
8402
240
4732
4549
4435
476
7389
9572
2049
4488
576
5302
1783
4673
8609
3958
6532
4613
8424
2077
8448
4762
9304
9713
410
4841
6353
584
2876
6901
4901
4759
5360
4444
776
411
1836
8312
1584
9699
648
3090
3100
2296
7840
5973
7489
9258
1221
4330
7903
8905
9358
3157
9267
4749
5181
5307
70
290
8220
1887
1714
1203
6261
8008
9172
4993
1905
7103
3597
3729
8968
586
8770
3536
7367
8561
3012
8243
1504
7162
5162
5407
4171
7525
8442
4305
6523
2358
566
8860
7899
6922
2515
9165
2502
1095
517
4236
3382
837
9607
8865
9413
7651
8999
913
4831
7768
3405
2980
1625
2919
715
8707
714
958
480
9507
2583
9979
5095
3961
1773
4058
4205
4073
2775
5088
5920
7967
9328
8157
2834
8057
8978
5922
5805
8207
8333
6015
6816
5328
99
583
3736
9194
9536
595
9802
5830
8663
7135
2380
4126
4983
5669
947
5931
5324
5460
9495
1935
4946
1068
2611
7132
9717
8169
7705
9215
5492
9018
98
4333
4547
877
6643
4920
7727
9337
3451
4125
2573
2567
3801
1534
2156
2365
2458
3703
9049
7560
7808
1727
976
9766
8942
6045
1744
6766
8000
2596
9544
6348
8407
7709
877
6301
130
8671
3821
2019
5576
7614
8862
1621
6818
9597
8144
5367
5910
3073
7985
7361
1469
8515
4607
3662
1542
1601
7784
1700
5268
9347
3821
9242
274
3029
2165
699
8679
5205
6526
4102
9189
3019
4542
1663
4347
4080
759
4198
4090
3740
9225
5234
6260
4112
5138
553
7888
3469
7424
5118
7898
4975
2791
2632
8088
3945
5534
1819
8280
4926
8180
3878
8789
1449
5568
5992
4488
6314
5574
5055
3658
5502
1381
9983
1127
1497
6221
2795
5871
7075
2094
6371
8119
2668
5131
4554
4860
7869
4142
6802
1799
9485
2997
3670
2028
1532
4826
3380
5261
3600
6368
7334
6011
9401
137
492
4636
8995
6372
1623
5464
8856
1508
2628
6541
2927
8764
3299
6531
1525
9863
914
6682
7350
9076
6315
8719
5816
7086
8136
7934
3461
3865
8126
5409
8483
8120
461
6534
2881
3484
3074
3102
8384
8135
5414
9730
9595
8879
3831
8672
1477
1214
8273
3956
8718
741
1449
2402
1441
193
8486
1711
6973
1190
1100
1599
7262
7144
6982
7896
1751
6664
1103
6022
9327
4075
9198
168
9653
9799
1948
7784
7121
5494
6498
9432
7688
1821
851
8312
7595
7686
8068
3364
1357
314
7124
5241
4575
6651
4092
6136
6490
188
9604
2963
6216
420
4814
8309
352
8759
5812
6175
9596
8869
7257
5404
1769
9247
8062
3221
7242
9411
5044
4577
6232
1449
2921
1348
9482
9125
8401
3305
5773
7613
2434
7530
1937
4565
6028
7020
6464
7318
4419
5895
4924
1741
8859
8179
4307
7727
8942
1423
3873
986
6908
7882
899
7207
3104
8228
4323
7116
4987
207
5285
1518
9776
7919
7501
2707
2683
1760
3930
3717
5199
7207
4003
51
3658
8817
7773
962
3671
2711
4294
4784
2911
7603
8929
9705
2253
8220
4478
8978
2781
973
9765
8947
7904
2949
5935
2050
8751
9511
3618
4650
9481
9745
6839
4699
3180
7817
9961
5818
8876
3811
1019
9769
1362
9392
8374
3250
6723
3809
559
6364
219
8857
5122
3424
8807
9056
3181
86
7917
8020
7018
808
8872
7273
9978
5128
1571
2193
7531
5757
3905
8967
5174
1081
6311
5589
5639
4566
4487
7414
3914
2190
3914
4502
8782
5242
9705
757
6745
6290
5943
1914
5576
1700
7726
8788
881
6319
5013
4732
5047
4511
1691
454
2777
7539
5460
9303
3080
3193
7661
2912
7138
7516
1356
8008
240
2100
6057
3960
5832
1836
4099
2783
7488
736
176
4150
7392
1013
5813
2686
5938
8066
5774
2725
8697
8892
3803
6072
2155
4832
232
8946
1549
8218
167
6179
3353
4370
8939
9100
5582
9830
5844
8006
8133
8642
7730
8770
8603
3451
9623
7963
4496
7852
8014
1064
9402
8280
7682
605
310
270
1181
1393
605
4907
5966
3691
5199
8825
7797
773
4671
9924
1742
1667
2443
5245
3303
4589
2710
9304
2064
5799
4259
8576
9070
5634
800
9851
5388
2043
6109
88
4687
193
9352
5476
8677
6612
7750
4284
6617
3545
4319
4524
4933
4218
3735
2422
9476
9290
1669
7919
9282
1158
3794
9971
9443
5575
2991
3480
5469
2404
7155
6704
3844
6277
8048
8185
32
5378
3137
6671
8188
9657
3234
7344
1309
5167
2588
4480
349
861
6491
3587
4275
1036
7086
4136
8689
3900
7275
6405
7946
2749
5452
1260
3342
5697
9930
4541
9635
6345
6468
3286
3665
3051
8684
9110
9178
4517
3134
7807
5045
4044
9342
2793
3494
4493
397
2195
9915
1492
1144
8308
1461
5227
957
7023
129
6426
7754
8262
338
7517
3988
5414
8333
4211
7969
6544
1873
3586
5746
3495
1985
3880
9921
3045
2047
4813
3731
3032
5030
7444
937
2506
5108
7296
9737
8446
8578
5187
820
374
418
7314
8788
3106
916
500
7780
258
7141
2681
6188
9229
8452
4808
4999
9706
6354
8576
3346
9323
6214
256
6004
6810
8890
8322
2341
4988
6325
6018
7132
402
7766
1980
5512
8174
8137
8275
1387
530
426
9230
3054
6852
931
4270
5893
6989
8099
2394
9713
4017
9086
6315
2539
4266
5339
5507
1236
6941
8142
8856
3334
3694
2641
4399
4373
174
5537
4948
9928
1026
9396
8997
7087
960
9922
2558
9088
5187
5767
4544
4737
2221
1155
1002
7860
8028
5995
441
4682
1429
736
6219
8837
2941
681
6832
6991
855
5424
7417
9776
6775
6007
1395
9712
6949
1749
13
9258
302
9232
8980
2680
8004
2904
8016
5297
8821
8222
519
1692
5945
5328
3551
1375
2324
5410
593
6008
2284
9194
5865
360
8325
759
9770
7927
2664
8495
1390
168
2498
5460
3307
3866
1320
8626
513
2359
6665
5944
8016
2477
4764
3985
8599
8630
2199
1822
599
1127
7089
8674
8502
6290
2848
1785
8495
7591
5036
9653
6646
7838
4373
5622
2649
6666
2431
3669
2099
2090
459
718
9706
3505
3714
9272
2584
8464
5338
5011
6726
7021
3451
6300
2628
7123
2251
4239
438
9413
1269
7178
4297
4288
2505
4138
7603
3228
1981
1301
6103
3230
5616
7667
6824
9933
5247
8345
1333
1567
2081
8915
3811
6864
5725
5262
168
8719
251
9119
2179
4164
5832
8611
5786
5441
9779
4548
795
6181
324
6933
8371
4519
7661
8923
6397
8181
5384
615
6451
3784
9743
9172
6576
5843
8875
6714
9638
8713
5380
5084
5962
8009
3880
3732
669
3255
7335
8377
230
1784
9818
7498
7387
4969
7523
3002
6575
5756
8256
3384
2677
7088
5402
1625
498
4875
5834
7780
9761
7111
8362
3354
7632
5991
4953
7392
1735
4709
9048
4219
4889
7705
1890
7111
7907
3815
7401
5204
3441
2166
8059
4557
5408
9273
1988
6694
3006
667
2444
4865
6813
44
9329
2909
5767
5762
4175
8589
2956
5838
9420
5488
2518
8189
9649
1665
3693
2791
5474
6653
4407
1671
1182
2653
7111
3383
9777
3055
5206
440
3319
7749
3743
8779
8204
4170
9508
5823
1711
7596
9951
3703
7509
4731
7923
6551
1753
9708
2128
7131
7665
8138
1333
2532
6812
106
2015
1136
6471
3529
4896
421
3519
7108
7355
7306
1408
3924
5004
6577
6204
6516
4228
7861
4280
944
4386
6828
7232
2124
4958
7145
2731
1518
2110
6337
2185
1161
5227
2551
2664
4870
9966
6166
7622
8353
7396
5979
9969
1438
417
1565
122
7063
9121
8826
7881
7363
5465
9231
617
8228
8347
6627
2628
8764
7256
7345
777
365
8240
2288
9689
1532
3222
3952
850
2545
63
1171
4771
5822
5913
5974
3550
9065
5719
7931
4091
4824
6394
9220
5449
6072
1772
2782
1615
8570
630
5688
9857
1995
754
7598
8126
4270
7594
6694
7574
4440
3407
8150
7801
2807
5030
6144
5419
8784
8749
8636
9299
5604
1275
3088
8787
5518
1621
3934
642
5051
4092
7754
8148
87
5236
1223
6107
9072
2640
9181
2007
3145
6217
9961
9593
9949
910
6480
7653
5358
4324
3009
7701
8361
6222
7287
5163
6456
8233
4151
5999
3204
1822
1372
6502
1156
8618
7661
9107
934
3323
536
743
1673
2448
7773
901
437
4035
6410
5936
2488
2115
8590
3733
4381
185
9547
6949
4267
8460
8365
2187
7271
7632
7362
1388
1303
3210
6277
6828
1605
2910
4107
1948
7340
3721
7241
2337
1665
235
160
1505
3649
4796
5959
7911
3155
5247
3875
6870
7850
979
6292
3769
8698
2886
223
5977
3172
1093
9540
7912
4879
4383
4715
3818
7413
1831
8080
6483
3239
6424
4824
6859
8078
5683
335
7774
5615
6483
976
7873
7466
9570
9552
6847
6048
7412
2615
1345
3646
7617
8092
2699
3162
3249
4139
7795
3721
4863
9654
8765
2570
4160
294
9794
8403
8125
9292
8720
7654
9547
8792
1498
6095
3868
9349
9391
8029
1839
6271
2440
5994
3090
6498
4763
5225
9815
320
4717
1691
8725
4382
6356
2606
1621
4781
5819
6339
4829
3680
1694
7514
1322
4942
6309
9788
1734
2886
8622
3205
3049
8458
6051
5452
8027
6634
9402
3344
6519
3981
7467
3760
2284
1742
428
7159
4349
7617
5369
979
2728
7249
7135
5489
1956
9271
8471
8710
4371
3049
6304
4572
2823
6636
1781
1143
4721
4455
8350
3523
3764
7079
4802
3564
8872
6312
1705
121
6299
5879
224
550
5890
5953
7654
7357
1037
1014
7923
4465
9672
2224
3785
2582
2301
554
4898
4960
9783
8191
1432
2390
7170
1377
9924
6387
9502
4658
447
521
8707
1938
9316
3122
8430
2309
6838
7428
2185
7824
8333
5408
3592
336
7660
328
5167
8071
6782
4074
178
7077
5263
7998
1573
8031
9159
6616
7986
2734
7841
8762
9272
2006
1034
5369
1952
4849
580
8969
5563
5896
7370
8248
3400
5261
718
8117
6530
3704
78
539
6581
4220
8070
941
897
4469
6446
6176
471
4705
1828
463
4560
1144
1141
7583
285
3561
9924
592
8809
9122
749
7629
5435
7323
3379
1152
9704
3728
373
6149
5765
9194
8720
6809
4906
521
6046
782
1345
4991
2572
8782
1902
6555
9209
266
4025
7729
8202
4622
342
3939
4586
3762
966
9006
543
6479
3286
4004
8120
1820
2069
6513
4722
3285
7108
5484
9178
4343
4630
7388
6828
7034
6278
3700
1482
9787
7095
4221
6985
2229
4870
7790
7190
7228
5741
7802
5285
2214
1409
9767
4377
3989
7898
6550
3472
5061
6963
6212
6294
1439
4311
9052
1962
4392
6700
4214
7661
9289
5820
2768
5510
7035
6557
3160
8211
3583
6690
627
7835
3335
6299
29
5854
3636
600
7869
5181
701
5003
8964
7750
5929
7466
7907
1688
1882
276
6774
2357
2166
6235
6288
9733
8051
9919
1700
759
1486
2332
8669
1523
4231
3898
2059
2826
3405
2018
9162
5407
834
368
2145
1871
1290
9155
8692
2283
6870
7666
7063
9527
7271
8633
7247
7562
9457
7569
2982
4646
2526
3965
6507
9426
8747
1776
468
1890
2627
8892
5441
1144
8422
2326
3758
596
3558
4565
549
519
542
2570
557
4405
5760
1161
7187
9257
9593
5557
3347
2466
2674
9625
8963
6219
4278
243
8268
4297
5979
8763
5590
5581
8479
4081
2576
2521
4929
5637
2296
6655
360
720
3597
7349
1412
4304
7822
3061
9487
8272
9374
593
5439
726
8567
596
3372
4677
8888
6291
2872
9427
3229
4530
9856
1509
7545
7987
7390
4935
1955
8217
9975
200
6330
8010
2728
1713
6245
5059
8024
8358
3212
6518
8537
5909
7117
2079
4785
6588
7324
3396
3872
2007
5418
7994
125
5942
4560
6148
9713
1421
8680
9767
6815
3158
4888
7769
4719
4625
1581
3447
8278
3355
9008
9350
6724
6780
8791
2049
6633
3194
7786
2929
9860
8524
896
7883
778
2953
9703
8690
9760
4174
9628
8878
1733
606
8140
7909
7070
1683
2216
6901
7919
67
2014
5715
2739
8015
9114
1870
4409
1141
8729
6813
4587
8613
8997
1799
1739
464
8914
929
6749
4476
3011
2689
2667
4964
8138
1586
2121
2476
2603
6544
7942
3891
3387
2467
5355
6641
74
4281
5683
5088
7882
6396
8887
1559
3499
274
3621
2048
3189
7667
6012
443
1489
8774
8615
2988
7157
9652
6260
9056
2521
5662
1007
9517
4010
7625
1759
8535
9323
5543
6029
8670
6563
1090
7597
181
7160
898
2811
8606
5733
222
8179
6256
1754
9423
6540
3738
3713
271
1266
9410
6728
177
3518
8358
3072
7866
8117
2196
3521
6380
1626
9397
9400
5364
8016
1924
5774
1418
2544
5228
6406
6309
964
1343
5394
8353
2366
8691
6114
6984
4599
8102
1659
7005
9064
8291
7552
8153
2574
3261
7776
4492
3086
2264
1563
7797
2821
2743
82
4333
8698
8335
1770
157
4451
7691
9469
6240
9505
7833
525
4210
2217
6849
4405
6696
7615
118
7279
5082
9153
8309
5579
2219
4077
955
1427
2137
2896
5363
3688
5744
9549
1516
8791
3721
7094
1704
7678
2447
6745
8849
6438
4722
4922
6983
2268
4068
5833
9061
1023
4129
5024
3873
3768
8604
1292
5057
6945
9477
9893
7627
7876
6759
7675
6229
7777
5421
7087
7836
1931
2756
9211
9456
9487
4683
1839
3611
5522
9367
1497
3906
8039
6147
7728
9204
1754
4725
973
7568
3131
1484
7895
9812
554
9157
425
3104
7211
2557
9058
408
6390
3281
4217
6600
8031
9713
3771
3426
5357
2947
4451
7539
5224
3171
7668
8019
5780
7880
4902
4763
7717
2994
1162
9329
4925
6191
1452
2559
409
5966
8708
5330
1109
7691
1017
8686
5175
280
5443
4335
4079
7772
6139
5130
5273
2661
2305
2114
9211
4714
6714
6358
4129
9307
2740
8855
403
7770
9991
6024
5136
4706
9241
8238
4362
4261
9086
3847
6461
4596
7627
9559
3197
3560
2133
8173
5723
6334
4683
3012
1491
2126
253
2629
8326
4604
8327
4554
