4756
6407
8864
1733
6728
1288
7532
1840
2582
8992
6240
387
4120
4175
9870
6708
4841
4966
4113
994
6065
666
6026
5829
5099
2803
9320
3214
116
532
1059
1976
3762
8037
3605
5104
9375
9563
2086
9776
1569
1274
7587
2566
7928
5969
7051
6420
4211
1443
3205
641
2511
4342
6400
1821
8989
5284
9385
2561
3614
2351
1171
3412
8941
786
150
7979
2890
34
7094
8584
1151
9827
9295
2275
1680
7783
8778
4870
6148
5537
3135
9473
3562
8856
3335
4447
794
7
3740
4288
9578
1841
7215
8997
5305
6113
8582
8602
5628
5728
3488
5085
4066
3600
1862
5661
4533
9445
4896
9389
8032
5236
7473
1560
2711
1859
9409
9215
3304
9647
6549
1326
4141
7869
140
1772
5242
2968
168
9345
809
681
5431
7698
4671
5349
5454
6839
9098
1472
3969
8942
8298
591
4833
2585
2538
1723
6402
7666
2794
5393
344
286
9449
9415
8238
943
6180
873
370
9092
5653
2305
7856
763
3722
3093
3178
6567
2516
5723
6897
1117
7128
5239
4818
2823
9270
9876
5440
395
883
225
2457
4054
9749
6755
3832
9698
8874
5465
3127
5911
5942
7517
2975
7134
935
550
4558
9488
7526
5402
3011
8124
4893
464
1448
9688
1103
2659
4445
4543
1432
2771
1997
8329
7555
9254
9839
1320
2482
2892
8124
4798
8077
8224
4887
2492
794
5402
3982
4614
6437
9745
5196
2002
316
5390
4248
591
7514
1307
2589
4994
9838
2747
7863
7723
807
8883
2487
2454
6606
9366
3795
8542
2928
1518
7629
524
5318
6422
2046
6141
2387
3461
3967
5985
42
3236
1524
9967
6794
6865
8278
7207
5607
8860
4475
5936
2821
8334
4851
9935
2963
522
5330
825
690
7340
5781
7231
1841
8558
2819
7496
7159
3689
3153
7790
2380
6407
1058
8510
115
4295
2489
2002
856
8299
6781
8188
2402
5804
4792
1384
4837
8637
7339
3396
9544
28
9586
7868
8686
1333
4943
2077
4386
7121
2774
8252
3396
3180
9461
6431
8282
7747
9181
6568
3029
8684
2977
1250
7570
4496
8170
2884
8041
6003
6116
9123
8853
7221
9801
3013
2208
9808
8536
2751
5674
7345
4466
7279
4487
9572
4480
1766
4195
6905
7396
941
962
659
1099
2216
3095
8670
4700
4888
5073
1696
208
1819
8861
2760
7054
9966
796
6963
641
8866
3187
4110
3160
4220
5945
4582
8554
8119
2464
8955
9619
3540
2211
9299
3200
5809
6248
9946
1795
2632
6193
3431
4227
190
5877
2363
1876
588
8471
1474
9054
2970
9472
3883
8604
3783
6461
1540
7188
1094
9335
831
6302
7586
9259
8049
6226
3953
5398
969
3747
3831
7471
1182
6386
3026
5841
2352
4656
9986
5443
2321
243
8683
3893
3149
2196
9075
521
3780
9539
6871
7052
4360
7576
2922
8064
5121
4135
4829
4135
7566
3487
1705
206
3047
6559
5801
547
2094
6389
3285
2741
3251
1989
3689
8999
1110
2
2901
8080
1832
9228
7709
4754
618
7494
3313
5220
4999
1170
2423
6351
9214
9692
7171
1794
1943
7264
408
2258
5846
3688
9721
9329
1501
1878
9417
8905
8908
283
768
5781
340
3698
5006
3133
8266
5451
1850
8541
6183
4615
6388
608
7051
7277
9
5390
7377
2200
6180
7439
9262
2957
7649
3291
3539
652
3949
4096
2706
4370
7561
5870
7582
8408
7390
8194
9195
3789
890
8013
8628
5067
2520
4417
5611
3368
1902
1831
3451
7963
7808
8768
3417
3288
3921
9974
5065
7626
6218
9870
2349
284
515
7581
2680
5924
8383
4180
5457
8925
1044
1113
5411
6176
7063
6963
6689
2062
9398
4946
999
9549
9023
8152
9019
3932
7007
3384
9923
9204
1540
2282
368
8765
1267
3528
2855
5242
8038
328
2560
2322
4701
8501
568
4620
7989
6348
8817
2790
9558
4529
3258
2674
8583
716
5321
7918
1900
7236
7732
5006
319
421
3727
9336
1501
3025
6479
3308
487
1249
7693
1326
9544
3942
6695
9537
7527
4208
6864
7586
7410
9065
7560
7182
9434
6159
2982
9169
4878
4669
8673
2364
8096
3366
510
9730
4020
3245
2516
5967
9238
4659
9851
8902
3770
4861
3187
2325
4239
9554
193
8183
7981
9886
6772
7270
62
9318
8806
4954
169
4921
3342
4915
4169
6302
9346
6159
9308
1776
7657
6376
8263
7459
3823
3373
7783
4177
4113
2939
946
822
3528
5800
6364
9412
5955
93
5366
8916
3485
3597
2944
6890
6110
6854
8863
1315
9182
6130
4682
4302
9715
9322
4478
4564
9851
5976
2050
4645
3333
3976
5845
8081
3674
4267
9650
4607
6058
8359
9845
1053
8640
9406
4920
4133
3559
5752
2071
8168
38
2928
5282
8283
726
7609
5200
554
2565
315
8735
3661
8179
9502
9466
8854
8122
433
4324
1811
4586
8728
3841
886
1330
5568
6404
6750
5467
2927
5971
8930
1406
5469
5079
6218
6998
3273
1455
2314
2880
7866
1379
2220
8623
3299
1190
4105
1148
9809
3509
2068
9674
420
9373
2562
5031
9671
4601
3881
63
6830
3496
1652
8795
1580
6893
3153
7239
7342
3568
5432
9985
9848
4578
9992
7708
5625
2542
4319
3812
8413
1562
7141
5709
6111
925
4774
9156
4489
2826
4858
7239
9530
3675
595
2512
6658
7833
2819
204
4429
1655
7943
5482
5145
8191
771
3823
8454
4500
2907
8615
6330
7703
8604
2358
4798
5701
6325
4092
8680
5164
9077
1430
1621
9198
4690
7425
5747
5631
6259
3258
2216
6633
1355
2209
2835
6959
402
9772
5581
782
8770
1704
2075
4159
8555
5162
2355
8952
6371
1955
6409
3795
7358
6114
4821
743
8773
6595
3698
1346
3558
4101
7541
2488
6441
4138
7112
4645
8858
3559
5794
542
4423
683
8533
9702
5303
333
548
3244
8325
6637
9583
1762
2024
3501
1101
6344
8593
3305
5236
3783
2641
2337
5607
8122
5364
1079
4941
4534
3709
6100
8090
6106
8814
789
7004
9585
549
4898
900
84
6670
383
3471
8413
1993
8556
448
5639
8585
1431
8380
2161
2118
3521
3090
449
5744
4478
1637
2565
4240
4166
5479
9300
7340
3144
6596
7219
1655
9167
5255
6436
6499
9660
6013
4873
356
1730
7060
9159
4370
5153
1552
5909
1082
2922
2490
8963
5778
7874
933
2359
2359
2146
2735
8226
3973
4090
3360
6721
5298
8182
258
8064
3127
6744
4972
4890
2380
8853
9437
8027
8831
6060
9442
6
8609
9057
4964
3314
221
6824
2161
4639
9558
6332
709
7095
3291
7407
3956
975
9978
908
5815
3292
94
7768
3249
179
3174
3383
3629
5881
2916
5131
678
8393
4543
2343
7106
468
262
658
1788
4898
3504
6135
2013
7574
4501
4089
3654
432
1666
2996
4780
6300
765
3775
6752
8568
486
8525
2154
9428
8390
2930
4385
7393
1879
2723
7162
9595
2368
8166
6667
4643
6091
2425
9627
3077
4660
5838
7784
9321
1840
6468
8372
3541
6424
129
3004
159
7984
7115
1462
7583
1401
1974
2999
9091
6911
5095
591
3709
2911
7127
3522
1703
6521
5492
5923
8199
1886
1634
3198
5293
4311
6366
2818
3337
801
2450
6906
9929
6376
5956
6967
9248
9071
1898
8572
6483
9898
8184
8709
4444
7176
1290
9204
1410
9504
6493
969
7584
3302
3431
9406
9185
4314
935
4573
1309
1102
7383
5470
1196
9602
1582
1088
3306
1502
4914
9795
4116
7147
6762
8576
5470
494
5666
710
486
1314
6760
4898
7923
7553
1299
3354
4696
9103
2291
2966
869
3571
8003
7819
796
1570
9515
5333
3617
1130
6898
753
9562
1048
7297
5828
9990
2006
1283
9740
1818
837
9640
7793
7750
2882
2265
8486
8871
6328
9669
9682
5893
1091
410
4166
8892
2556
2256
8923
1641
454
7695
8633
7546
5027
9665
1590
392
5011
4481
1609
4624
363
2915
810
4828
718
365
6504
5457
7578
6947
1206
8338
9794
6849
7347
9569
6963
7121
3332
3237
3350
4476
3040
2328
5521
7693
8680
8471
2778
2017
3042
7405
6777
7387
353
7689
5768
8644
7986
6235
5930
8959
660
1806
2293
1770
7925
8751
3581
2801
2438
9451
1102
7021
9802
5447
4406
7658
9072
9561
8110
838
8090
3460
739
3349
9834
8417
7972
7761
184
6984
2426
6686
4514
2766
863
8076
6321
2904
1660
2133
2227
1342
9444
3223
27
2539
1142
9260
8065
9937
9315
2596
7527
7417
8013
3220
6249
2280
1783
1144
2864
4253
2927
8532
563
422
772
6296
2154
2371
4086
5473
4353
8930
5593
5692
5414
105
5381
2662
7823
2723
8174
6608
9883
5281
6090
1118
9875
2386
4724
8509
2124
5821
1053
4116
8892
6939
7337
7604
7910
6418
2717
7449
5476
5131
8195
2243
6112
3237
1991
2606
3983
4371
6066
2012
6906
3600
4848
9541
4186
1875
1392
6869
7808
4669
7975
4980
4927
3615
7586
3410
8055
5497
3526
5265
9630
9085
1845
2877
2124
466
3840
4934
7971
1397
3859
2030
6201
9449
7778
5694
5252
4911
8494
851
1601
6641
7363
6982
7489
9304
8353
1497
3297
7245
2149
5916
5572
5548
1684
7008
4559
1461
6996
6547
8753
9453
4678
4714
8156
6833
1971
1277
8644
1562
866
4971
467
3500
8932
6910
6103
56
8172
1434
9353
498
6398
8479
1483
9085
2707
8127
3949
7249
3686
5065
1355
1967
9358
5794
8295
3899
7737
7445
414
536
1233
3458
2666
6850
5389
658
8708
9381
7351
187
5571
1163
261
9902
7477
2434
5367
5998
7593
3291
6732
5563
1863
8159
5728
7084
3101
1980
486
4060
2759
397
7294
1083
2761
8392
2580
8437
524
4193
3605
9839
643
6236
7438
4109
1960
6160
9666
769
4920
1558
9976
2431
4728
2513
8815
619
5603
39
8735
452
8337
6750
6206
9786
7317
6578
5595
4266
6963
6786
9658
4426
5468
5082
3661
8128
5527
6939
9067
141
6334
9799
9247
999
7618
9161
7584
6596
2796
2705
5320
9666
1170
6141
3684
8067
4178
4067
9159
2502
3101
8970
7211
8081
403
617
7733
9770
8023
775
1124
4805
3726
8178
6613
8071
3738
5835
4358
1514
8237
3838
6357
6921
6060
5935
1316
6171
7843
640
2092
4988
7199
4815
1931
8631
7899
3292
5820
576
4906
2153
8881
4109
9069
3914
3279
2101
4642
1787
2661
1057
938
3553
5434
9663
1077
9960
1331
5925
1261
2444
5102
5250
8075
6628
7647
5216
6697
4040
4452
5718
3941
1763
7926
1066
6431
595
8607
2260
3232
7165
1394
6829
5911
3486
4603
2774
3024
125
5924
3541
883
9404
9953
6954
3831
348
9674
5952
7761
2720
1378
6336
2269
8282
1752
1103
3959
1842
9545
9047
7111
3653
7296
531
1831
6586
9532
2675
6914
8400
8508
2608
8138
2611
6553
2121
9830
3245
4640
1372
6486
6473
7835
9905
965
611
8875
5696
7402
587
7939
9203
4955
5496
8468
5638
5887
5017
2529
234
5725
7478
8702
9097
4294
1638
5066
1843
7084
2906
8502
2503
4638
4518
5009
2094
6337
512
4737
6914
4540
8113
5664
3100
6896
3800
6993
2874
210
2590
4317
7966
5927
3556
1007
6564
9723
9128
4872
2156
3677
3127
9295
3781
4090
3676
985
7467
1541
8422
9024
5079
8448
6008
2116
5493
3322
9338
1675
4131
6437
7197
8022
3349
7874
4268
865
1605
7628
4494
566
7831
6461
3671
3488
7899
8545
3982
2007
4508
2101
9658
3164
2885
8843
5173
6690
7811
6750
3091
1767
3830
6444
9531
9326
6417
1972
3220
2651
6673
1229
1115
5626
7802
3089
6112
1660
5484
3269
5153
447
3957
1750
1086
2424
2496
6977
9500
7392
283
7646
8117
8104
1302
9322
5452
3434
2535
7824
2366
2206
7739
9876
4532
3110
2023
1612
8133
2247
6716
9291
3017
5332
9705
5946
8200
776
2746
1189
7552
2672
3710
2384
4581
1459
6279
1828
4643
6191
8635
5626
6528
2257
3911
7795
7789
7679
2802
1361
1082
6502
479
8326
6793
4172
3005
55
5354
6833
7577
6956
6214
2791
5555
2439
3400
9371
6222
5070
1157
4015
5440
8663
1164
7909
7305
4479
3177
8298
5681
5862
4227
6108
2746
1211
933
3561
7349
6272
9114
1606
9152
426
5041
73
381
3831
5744
1012
4862
9259
1061
5167
3163
9801
5928
432
4870
3115
6668
8601
1126
4319
5908
9998
1552
8014
8754
8513
6789
4265
1242
988
8436
786
7990
1386
4479
5108
7523
531
6363
1872
9272
7123
3313
166
3238
4645
4113
2540
2267
657
375
7022
449
4079
389
1650
8740
9622
3856
4086
4672
6406
2343
4489
2328
334
8510
9346
4307
3963
5161
9409
5377
9870
4659
8033
2764
2009
9839
8998
7290
982
9381
3800
1966
5443
1710
7644
6286
3422
7403
2108
1823
2904
5647
1954
1148
9913
2558
5382
3942
4497
6829
9857
3109
2486
4632
6254
1741
4623
3970
9660
396
6300
7735
3682
4879
431
734
4816
5412
8811
3690
3565
1563
7287
9456
3170
8597
1231
8258
2243
5006
4136
7450
6869
9752
1166
5682
977
252
2908
848
4067
4885
6966
272
7599
376
1766
4777
9281
2267
1266
8209
3663
9207
8151
6204
3325
3304
3636
6048
1997
5793
2773
4020
4641
5548
3241
599
526
7887
9859
7372
8271
1227
2026
2835
6899
1469
8605
8419
8436
1303
295
5348
7173
9753
9626
3113
3559
745
9963
6778
2968
7250
3658
2287
8152
344
893
9401
4761
5353
8856
635
547
383
43
5077
5714
2931
5655
2305
4733
2427
3854
9734
3763
7924
3494
6618
3507
283
3194
6693
424
4548
1694
1280
4239
6574
4364
7756
1895
2878
6288
8384
7108
5303
6156
362
8320
4540
1561
3190
4847
700
4123
828
877
9436
3935
4452
982
1154
7283
9348
6817
7341
1890
5146
2362
4898
2171
8742
5659
3570
1374
9807
7494
8743
5858
693
8465
1917
4597
8694
3103
5245
5777
9194
4359
1908
8888
4105
483
9347
5884
1965
3144
1216
8636
1682
1740
1721
8239
3545
8297
857
4326
8204
3612
1954
8514
6172
986
538
1154
1286
9472
8003
86
7908
5558
8882
5941
1647
3567
9090
8759
6834
6079
3377
2560
8298
7370
2055
4954
6330
1077
4534
7373
7628
3995
5245
4078
289
7278
3815
6241
8984
6424
1697
4204
9165
7932
2409
9290
5161
3454
5106
3385
2568
7308
5875
1841
9960
4984
2383
9505
8045
2387
6303
2103
7761
8871
220
4027
7049
1985
7065
2073
579
5625
5756
4665
4267
9455
6989
8525
5708
8660
8535
6134
5939
386
3884
9107
96
2313
8054
6264
9926
5239
8503
1559
66
9635
9297
1021
5816
967
8242
555
6744
919
9688
6751
688
9794
4914
7535
1275
2884
6455
9458
8967
6965
2591
9387
8068
5522
2431
7858
9464
7894
5986
545
8512
3604
7987
7240
9617
484
5512
3037
2973
9271
5352
9955
3344
585
124
1734
9882
1907
467
5953
4839
8921
9952
812
4090
6534
1518
6757
7016
3762
9300
4201
6993
462
2548
2400
489
6588
6989
1954
4628
6221
208
8506
2001
8728
3471
1621
269
6868
7953
6663
8952
3363
3475
4490
8933
8363
9401
1076
7706
8081
8305
6676
6856
2228
3928
4088
9092
452
5558
799
5828
4717
3237
1494
9349
9124
6495
6545
7273
908
629
6263
2558
2597
2044
7258
2841
2963
97
7250
3842
4806
2638
774
6521
6683
868
4134
3126
2014
7624
7751
3966
4810
1706
2668
1586
1247
5792
2109
6545
9359
5762
8711
9645
757
4479
1712
187
866
237
581
6276
1221
2477
4994
2169
3366
2924
940
8259
3216
4229
1279
3480
7673
9797
7120
3178
5295
9415
4942
9369
3424
5517
2601
2777
6198
2192
1822
8862
6989
2606
751
8163
5475
5347
1548
8618
3163
5235
3264
5150
8605
9763
5754
5381
2237
4423
9397
6017
7575
8454
8535
6005
3764
9082
3475
4053
5964
4931
4075
9750
3496
651
757
3076
8994
516
9880
8579
332
1582
5492
8045
3769
6676
5388
4137
6284
4678
3105
1005
3579
1602
9964
4538
7439
4683
9223
3142
4267
3452
7832
6599
855
8310
7163
3755
200
4708
3995
7621
8125
9056
2477
3106
3848
6846
2778
2089
3671
2118
4631
8480
4079
5711
1330
3659
1236
6151
9866
432
2215
8799
8395
438
1357
1747
1877
7788
5671
7431
6105
2934
4275
1965
8576
3729
687
8004
231
4984
9669
6554
2010
5679
5127
8513
7612
1085
5656
4896
1376
9143
485
2160
2120
3446
703
1831
4439
1354
7205
322
9621
7673
8994
1002
15
7488
6672
4233
8535
2218
9720
9047
2511
7502
2968
3693
62
2130
8799
7386
2797
4318
7832
4163
6929
8316
3120
2149
3941
7195
5509
1383
7523
1106
1086
4347
7695
993
6017
9523
271
1843
2661
7568
5227
785
149
6229
3309
5808
7388
618
8485
8890
4435
4621
6652
714
9957
4258
5107
8625
7772
8907
1832
6117
218
8627
611
8025
3797
5509
9619
4872
2911
4458
5216
939
4657
8334
9885
4730
4868
6852
4460
9583
6492
4544
9933
4534
9922
6450
5893
7089
6588
7459
1287
9671
3659
7223
7953
300
6080
9571
2246
2460
3339
328
2659
6561
5794
6605
8336
645
9467
2699
8118
6929
8343
5777
8375
1059
7386
9880
7358
1982
7227
9889
4596
763
9172
9371
7228
2446
9574
6992
9804
5219
5341
5039
5320
1943
7531
9636
1597
7556
3796
7347
4758
2420
5846
7492
4670
2806
6930
921
6820
1309
843
6955
7428
5798
8730
1073
4711
3010
5068
5362
5449
1634
7833
1474
4259
4849
4961
7929
9877
3051
5364
8913
9234
843
6478
3134
8199
4929
1358
1816
4345
1091
2386
2835
8490
9690
6625
592
1928
3582
5924
1276
3970
1436
7922
8406
9208
307
2950
3182
4510
3566
2271
8985
3596
9627
548
8561
7909
6714
1362
4729
6050
3586
4323
9327
1243
7101
1916
9258
5393
1108
9428
98
9291
1733
5084
4142
8955
8720
3168
7305
3867
817
5224
8942
7978
8776
4667
9011
4429
1573
5137
9634
740
750
5314
2161
3882
4803
9057
4163
2264
5496
2239
6264
231
7969
7021
7503
8687
1069
5073
8924
2801
8265
9332
1637
302
5238
1751
1718
3106
772
6815
6532
5233
4749
9044
6943
1996
3358
2721
1712
7615
9728
3289
8402
9994
2357
4423
7821
1530
7358
9183
429
6867
7929
2215
1329
4509
2328
1516
6415
9929
5549
2146
8694
206
6273
5291
9099
5155
4404
3651
5621
4795
9582
9846
4180
265
7012
8367
4027
5150
4983
1341
8174
198
3718
7300
5335
5035
4403
9262
675
9316
3203
1228
8457
4847
47
8589
1563
5238
1832
4105
3205
9168
2359
1962
4434
6327
8210
1208
5469
7025
7515
6560
8501
3437
5795
8032
9338
5212
5899
8801
7588
5610
4971
6609
1348
2839
9899
4397
2818
4903
4926
2440
6932
9650
2511
9146
3376
1384
4532
3623
7352
7605
2591
7642
1509
6397
6180
3614
2655
980
6308
1914
9240
5612
6119
6679
4520
7164
2777
6511
7267
5226
4459
5667
7911
1621
5194
7304
914
4481
5997
8928
9664
6735
7511
3249
8881
2536
797
4724
7033
407
6002
9115
9810
3888
5245
5232
4460
4465
4348
6711
9620
2547
8978
9119
178
7756
2396
7786
4572
2341
9921
3414
7080
547
6519
4391
6639
2629
5458
9939
2829
9336
5288
8842
7173
5466
6480
2816
7250
7289
4233
7273
6056
823
407
3280
5848
237
3208
2227
9058
9273
9524
2206
7893
7141
9571
4962
8418
6725
5592
2018
2367
2029
4187
8890
2247
7645
4677
9661
9726
5898
8356
6665
4946
4953
7951
7721
9438
8987
7619
7735
7192
9104
9259
2075
138
3689
9134
4341
8142
5310
5314
6771
8658
9689
3807
4383
6955
4749
9855
8489
6165
1590
2817
8236
4360
9742
7788
8559
5623
1289
5393
5050
3074
6254
2073
4243
4172
7731
237
4852
2279
4980
5781
2731
2378
2223
9128
3406
5348
6447
9090
9048
5723
8658
2052
7365
9933
6057
1892
7606
9000
269
3877
1633
8373
6008
5026
4264
4206
9895
1252
484
6208
7082
8291
8829
4204
5060
1753
3881
4168
774
7794
3344
4467
5155
4048
9848
8709
4511
6283
7617
9044
2857
901
430
7331
9330
4267
6238
757
808
1703
3159
1807
4532
5730
9215
8108
7436
9480
694
7626
9094
1956
2579
49
523
7018
7929
9700
8227
291
7605
7072
7442
8483
7223
3825
7006
9302
7067
4884
6732
681
9331
6439
519
6998
9730
4477
2220
3943
5000
5150
9284
7067
341
5562
9215
3254
5676
9470
5705
9730
6006
2991
3020
2452
1887
9972
98
4618
7601
9696
2085
9584
6010
588
3750
9777
5181
7027
7894
9675
3779
3351
2611
7195
4667
3202
9410
6199
9173
1735
5606
4715
7431
2166
603
171
2698
7726
4178
8952
7492
2700
5289
6398
642
9474
9109
4409
5554
2244
8559
7591
7115
6491
8968
617
9177
9820
5018
115
1721
8339
4333
3283
4701
1256
723
9710
908
9204
3649
7334
7065
5421
8666
6072
542
3309
2153
5281
4790
8017
1626
6369
1940
5629
6614
7479
259
7949
9946
2140
6426
4246
1891
476
3515
4986
488
6991
7545
7291
1619
5239
1812
8455
845
5265
1587
4369
1845
2381
3100
352
2461
8939
8098
4513
4866
1323
5212
1160
3078
7767
158
3908
539
1469
7815
6480
1197
4515
4950
6853
1613
5631
8505
4605
518
3999
8227
8114
7822
8482
889
3733
2251
3354
8298
2267
2239
3449
2793
3266
6337
600
3256
3537
2665
3799
4131
7581
2936
4286
8773
6248
6722
5298
2171
6643
9865
4388
5588
5588
4263
5667
3521
3203
6471
7953
6479
5647
6465
323
125
1854
8865
1874
7644
977
3218
815
9459
1925
5004
9732
124
4710
598
2309
4687
6798
7578
6405
9112
3644
1941
196
8631
1999
2935
9830
8437
7969
9277
9247
8494
8241
8056
8731
3535
3368
5945
5306
7996
8813
6156
9000
4526
2997
4942
8171
1400
8034
1549
6949
4661
3612
2155
362
1456
5357
3133
6779
7216
7733
6582
4353
1725
6478
2939
3317
1827
650
4195
7851
578
8889
7981
3599
9263
4375
3422
6648
4907
8002
5749
5130
8734
1449
8973
7144
1888
8111
1407
5253
2516
4735
7872
9915
8993
3242
4542
6869
7806
8620
3635
2663
2041
8044
1604
1245
7540
6034
201
801
508
7619
3944
7206
2792
5511
7952
3394
6842
1180
4575
4504
8517
9523
336
8595
8316
5832
8469
4623
7826
7824
6013
1792
6692
3947
4003
2166
5487
7320
2195
9513
1519
9480
5832
9502
533
2970
3031
6764
3284
3590
4930
8616
8424
9525
2890
6044
5555
2941
2708
2182
821
7419
9302
6828
5480
5257
2127
5022
582
1103
7824
8596
5319
3605
7323
8278
3738
215
8150
3739
2223
3521
4636
5544
3903
3802
4097
6794
2089
3533
6831
6239
218
4049
5233
1663
200
891
4860
1816
4795
1962
1253
3958
7497
2208
8643
9458
3772
4720
4338
8481
6898
8418
7953
5934
8416
2836
5545
8402
6227
9307
7114
2286
3382
2983
1459
3691
1289
3732
6430
3369
2676
7500
2182
3252
3080
9898
7525
6133
6238
9018
4223
4549
974
3293
7573
8940
8142
472
1686
1335
725
9051
9656
1143
1339
9551
1103
7030
6303
3449
1192
5413
2404
1899
6661
3921
329
1162
230
7812
8596
9786
9311
9528
7418
7973
2555
5942
5037
890
9725
5357
7427
2802
1055
718
3455
271
7754
387
2926
4701
7280
912
8128
7178
633
3378
9040
2322
5752
2851
2690
1730
5513
1728
4552
3614
249
6802
8434
7855
1506
6120
5440
724
3554
230
6852
617
3383
3431
3481
4453
2441
1117
6218
3053
8259
5705
2224
5238
7055
8038
8476
7544
5198
8848
4669
1677
6161
5762
9583
3337
9912
2029
6433
3556
5860
1428
1728
595
7242
5108
1269
4676
5094
2721
1863
2744
153
1308
415
3867
9137
6081
3479
3598
8324
9644
2541
2166
8889
843
2986
9485
4563
1183
2521
8727
9386
4156
470
2495
4728
7632
7589
2271
4061
6704
4988
7247
5455
6734
6766
6068
6689
5527
2629
1578
3743
8393
8235
3516
4627
177
4309
6320
8375
5890
6685
8032
3800
3378
2666
4563
8292
7950
1406
5450
2432
5854
2988
8389
5815
148
2900
6390
6019
6829
3836
5982
5105
1530
6316
8916
5925
6296
3206
6292
7065
2795
2257
4500
6115
8793
401
497
3858
291
8756
9912
244
5743
3611
352
6632
5216
947
8821
9274
4487
4751
2976
5889
9795
164
9809
2721
4659
8256
8351
3165
1389
8456
3782
5565
3207
125
399
6327
7138
4922
1485
9405
3686
5597
6195
3011
6056
5519
3092
1980
1689
5394
5106
9136
7960
6326
296
1276
2968
5864
6979
9334
5436
6887
3659
8250
4302
9540
1071
8006
335
1765
5982
9311
1848
9462
9458
1230
8831
9998
3783
8283
1974
1849
74
6324
9246
9527
1548
9034
1881
336
3446
2536
76
7730
9830
1344
4355
1049
5063
724
8862
1337
4447
8238
7513
4155
1457
3981
8874
9090
4739
8700
7859
4057
3611
9057
840
7578
3346
6431
4634
9805
266
7512
5490
4060
4540
578
5113
3744
1898
6148
4852
5721
3859
4606
2093
2222
2837
1923
4460
7599
8988
9220
4725
6564
8168
5417
3290
2485
3053
4638
4673
2388
581
2057
705
3290
5952
132
1558
7501
2507
3563
7220
3979
1470
8611
4471
5189
1760
8212
3529
5467
5861
6421
3549
6896
9367
9027
7353
5098
6178
4845
1920
4536
9801
655
6797
6608
4823
5673
4476
2900
7616
5852
7186
6256
4470
9008
2269
2979
9879
1221
5045
8888
6323
9492
3250
1472
9195
3824
2824
7725
3429
6175
3549
5981
4060
9919
2939
7425
9348
6279
9088
6777
1212
7403
3170
8655
9756
1339
4609
8140
8718
921
2485
8778
905
965
4822
6440
3320
6022
3067
1235
8537
7847
1626
5111
3633
9676
9005
6882
4476
2208
6262
4673
3507
7517
6761
9722
8103
3062
6584
2228
8297
9124
6556
6135
1388
2587
2254
1468
562
6249
8822
7408
3394
6331
7835
2699
3979
5867
1161
6599
7635
9673
2481
2431
7913
1269
3466
6885
1128
2839
3333
8880
1580
1499
6270
4737
9551
7084
6062
3040
7420
9932
3118
248
3141
2269
4262
7003
5536
4495
6707
5651
7036
6998
4982
7399
3041
9399
2649
870
7254
1312
9342
2562
4940
8849
3968
6284
6967
587
9258
3417
3004
2339
1814
1726
326
1458
2189
4525
6531
5628
6365
1275
7340
476
8602
3501
8721
1192
6027
8159
338
5094
6661
1440
8907
4763
8565
5453
7399
3659
2166
2745
5237
4563
7138
5542
5368
6414
2373
2003
2664
7511
5021
8258
3430
7020
5774
5653
7036
2732
8867
628
259
5901
8223
3085
6702
9820
49
2104
6468
9346
6021
2246
7595
511
4022
8022
6096
1173
5090
5139
2643
724
6247
2062
7774
8413
3785
4659
4678
5318
7989
4986
6859
2889
6431
4301
2234
1225
6792
6929
3105
3458
6364
2435
6178
7675
5911
672
2769
1275
840
6672
1399
7045
2445
753
7785
5042
702
380
8435
4922
8822
8437
1374
7438
1435
2980
8577
4405
9519
7899
4627
4592
3455
8772
2718
7020
5128
7177
5695
4148
7178
3887
4698
7425
9861
1359
411
9343
192
3618
5639
732
8312
3337
6769
2896
3733
3943
9576
6516
9033
2043
894
5568
3297
3165
6163
4757
4478
8404
5632
8324
7965
2770
3183
9113
6370
2461
375
2519
6100
7227
7878
1089
2433
8073
4471
1363
1058
2344
2740
6379
2362
5189
5605
9879
3928
3027
9253
7019
7179
902
5013
8591
3333
1599
1466
2979
4136
5791
2818
1776
4014
9450
1300
1341
7653
6810
2853
5434
1350
1069
9031
1725
1846
3516
9516
6982
7718
5240
24
7233
4261
1651
8325
7144
8422
5768
8543
4450
8700
6649
7007
6236
8001
4851
5718
4499
3350
7344
5759
2395
8245
2040
2071
6654
7106
7541
2680
2612
3536
8498
3840
44
9472
2654
7761
3509
6483
8275
2178
9099
1169
1566
5267
2561
1762
8171
6782
6519
2794
7950
9128
3496
5362
6927
9638
4515
9953
9667
6589
500
7626
676
8466
9823
3406
6253
6272
2216
754
5219
9335
6577
5899
323
9329
6545
1174
7780
353
8973
9652
9385
1189
22
8514
3654
122
5456
1367
3483
1822
1130
4343
6338
5072
1950
9749
401
6836
8310
5157
4253
1394
5417
8446
8731
6494
1585
1247
5588
1955
810
1993
3300
2761
5514
1305
5007
7621
9527
8585
7313
3839
841
6556
1040
5119
8814
4376
2785
881
5203
4849
9683
6360
3478
6431
1307
6862
421
4609
3837
184
3042
2891
4053
3704
1126
6891
2111
3757
6222
7898
7753
1446
3495
9421
482
4931
8578
2795
6655
7532
4948
9113
7946
4907
8444
9729
6471
5780
5633
626
2005
1557
9816
6640
3021
7720
1615
9356
8235
21
5913
4046
9350
9748
7078
8542
7149
3441
4894
9763
6575
1048
1675
5859
7031
3424
192
8985
6227
3716
8825
6980
4239
5660
5936
1563
7523
586
6345
7727
2870
8592
5019
601
2381
8624
1804
8675
5571
3979
3159
2515
4823
4506
8396
6833
3437
75
8741
3449
3778
9587
8561
8380
6896
1746
2655
5729
345
1221
3624
5017
9795
7348
3080
6128
417
1083
7867
9519
1434
8294
4065
4415
5929
1798
7917
7960
3088
4080
4080
1735
1161
1509
9692
5710
3786
1164
3560
4677
1860
5354
6416
6254
2713
8868
3557
3222
583
5260
9160
6648
5653
3799
1806
6811
7417
335
8865
2156
9908
3556
5220
7302
9275
2765
9680
2429
835
8396
6031
2987
3959
6496
1380
3426
3913
9860
5589
2256
1715
68
9351
3168
408
6560
6885
9420
7613
2073
4076
7392
5517
6569
2885
8747
3341
7903
5359
6015
5485
6183
6313
8807
8199
1401
1178
9288
8760
7416
429
5424
6152
9770
5804
6523
6632
3063
8151
8917
6118
1594
9505
1706
2944
3460
8728
9288
6419
6064
5759
5574
9294
3714
3929
7630
8472
1881
7268
8213
3083
2035
9776
9020
9435
9632
7627
4143
5207
1358
4858
7002
5019
9795
5494
1692
6991
6026
9120
4707
9040
9588
8194
983
1625
2671
532
1731
3550
8421
5976
4957
4740
5595
9602
599
3632
3194
5207
6110
5035
8155
5250
7616
3566
2890
445
9707
3088
4317
8178
8720
6089
2814
7581
4550
7346
4468
9037
6154
4844
8240
6120
4932
7033
8915
472
3558
9514
509
8470
3037
1286
5424
561
4442
9124
6883
7675
7258
3734
3954
5361
2209
9794
8867
9028
4198
8462
7092
7193
1304
2279
3407
1545
5230
8173
7791
1589
8235
9535
2701
1083
960
398
7411
1102
6748
4305
177
8324
879
3429
4702
5009
4492
9966
9206
3771
8236
6095
7730
1435
5727
914
1638
9807
6206
7188
7811
2158
4204
6128
1965
5273
6843
1734
8102
9498
5386
3064
7081
7564
412
5793
2259
1399
1956
6706
1292
3670
5292
875
9604
5175
2677
6498
664
4942
3817
8467
4931
1062
8140
2580
2353
1654
2993
6803
863
2379
1849
6638
2142
8503
726
7279
7671
5734
8862
3058
9960
5529
5834
2853
924
2786
5102
11
5289
2618
5219
8396
3763
3858
1936
1917
718
3300
2088
2439
1361
7461
4652
9383
8213
5865
3137
1185
8188
7715
1868
2961
431
1272
746
2528
4288
1791
6300
3840
2734
5847
1472
8629
9047
788
987
3903
8312
2136
8274
9784
1711
8122
7831
806
2514
70
256
1229
3864
6337
3892
4436
8676
3223
5007
8579
1155
1442
9829
9654
8651
8489
2691
1568
1187
6707
5425
1824
9842
390
1715
8984
495
2449
5007
4672
9127
6498
9609
3398
6542
9860
8169
1839
8140
905
6671
8703
4745
1520
9661
8849
2371
4723
1122
7891
7675
6480
6118
3714
1425
834
5569
6045
4244
1643
6503
9016
6923
5280
2558
1008
5521
1233
9760
3349
6267
7412
1883
9753
9909
5629
7702
1988
9307
9147
3951
9937
5748
8785
783
4329
9512
1152
9102
3642
7378
5614
147
7699
6480
5206
9172
8175
9143
1052
4556
7403
6692
1754
6970
8278
3309
7419
8054
8932
6102
947
4046
9839
9296
2554
3103
618
6139
6148
5952
9491
2668
3342
8775
3685
7978
3686
1231
2711
7763
8551
9377
8133
299
8208
2911
8585
4084
4960
384
7957
1177
7761
5029
3519
1476
9102
3850
9817
1376
434
5816
2333
2984
8654
2360
4930
7150
5430
9282
2973
8872
8376
5923
8806
4517
4218
8765
5685
6718
5328
856
2042
727
2791
8726
2263
5092
8801
2181
1866
329
4493
3181
1818
1673
7138
5897
109
1248
7992
5138
3187
9964
7267
8519
8739
3494
5420
7497
1297
751
46
4195
4968
9173
3370
1559
4489
5285
3304
7171
9040
9242
9339
5698
608
6115
7519
9214
8715
3203
6033
9363
3679
7314
859
3952
1040
3681
986
4263
2830
1739
3454
5876
6339
4246
78
602
763
681
7030
4936
4496
2376
5486
8778
6721
3434
7816
5244
3823
2972
6229
7721
7684
9678
4308
3218
9232
1243
7848
2635
7329
3654
2053
6399
2894
991
3655
6691
8880
2389
5839
3288
5198
9862
9579
6202
1619
3154
8801
7510
46
8830
7112
8280
8598
7908
5603
6306
4712
2983
9962
2472
3807
2532
4758
9336
5102
4996
585
2744
428
6046
4152
216
8349
5529
5335
6934
3257
1887
223
6080
6044
4221
2270
7219
6521
3128
4459
9826
9436
4633
7140
4659
8634
4265
4262
4164
4503
9944
4840
875
3780
9814
1141
715
1394
36
4964
4305
5688
6853
4453
5438
8572
783
3195
960
4290
1774
8624
9448
6735
9959
2697
1136
5000
6345
2008
1110
4572
5343
3576
8385
314
34
648
5685
4448
1404
199
465
7282
6024
3848
8117
1907
3269
9826
4160
2803
1897
8343
5176
4662
7090
7023
2867
6108
1992
5216
9842
2338
9518
8988
8894
852
4583
3960
7290
9133
1797
7572
9672
5501
3324
9051
9304
9877
3494
1817
394
4082
1743
116
9668
9220
8513
2664
9328
7978
7290
4691
5581
2572
9945
8842
1526
7893
2119
8998
9215
3483
1570
7759
9435
283
581
3843
1803
438
9683
5602
2465
3618
8771
5913
4818
7422
8277
5338
5930
8823
9763
3860
7290
976
739
2084
7820
6305
9048
8728
3383
9486
7816
7420
9678
338
2648
1747
5618
1913
4979
7603
6088
3031
6362
8861
7718
2936
7333
2807
3910
2357
3735
2248
3293
1695
2080
9488
8581
764
4125
4097
5910
2363
6522
1454
7044
2645
215
1071
8706
4610
7576
9710
644
1333
2726
4497
418
4390
5267
6980
9096
8762
1467
7346
5322
4784
1253
9504
1285
7994
6313
9014
3425
2342
1116
3163
7107
3912
3095
6300
4238
9511
9190
1720
585
3665
332
6619
2604
9787
6515
229
8548
4984
9441
102
9046
4341
1974
7257
1760
6575
1106
5274
3083
882
5443
2117
6429
656
2012
2253
9978
7738
8818
4293
139
3101
2000
7758
8999
6284
154
5870
8781
2693
7598
5161
7620
6595
8166
511
7498
6272
1978
466
2824
8581
419
882
6054
415
9099
7558
8635
5343
8335
6025
8797
63
5750
7071
6167
7148
6987
3683
105
5572
70
1071
9016
8669
5898
8902
6998
3856
7607
3937
6396
4688
9711
9444
6612
651
1494
2652
1268
6172
4466
4824
2804
3850
2674
7329
9329
3952
7515
6072
5242
6026
2638
3354
3543
3641
2597
3666
4393
9395
4092
9387
9436
1146
3564
9312
7802
1479
5410
4259
2617
851
2463
6102
5540
1778
8025
5673
5048
8652
4366
1024
7716
1353
3320
8624
676
3576
3484
8871
6455
5517
365
5653
1259
7285
1773
1802
6539
2439
9652
9933
3951
5752
7097
7847
4849
8555
1805
9946
6640
9139
7495
7473
8989
151
9818
6837
7027
2513
3394
3144
2180
6066
3069
2098
1358
806
87
4102
4076
4047
542
9089
664
8081
3604
7230
1151
2441
1635
424
9917
218
6555
3933
2775
7238
1846
7420
4440
2822
2300
9259
6515
1510
3682
8679
663
7664
3182
472
8256
4323
5366
5024
8218
6336
6758
9505
6961
4352
527
1848
5428
9685
9677
2250
1640
2588
7617
7193
168
8812
6221
562
1257
3614
8879
5207
4812
936
6468
276
5565
8216
2750
6960
2825
5145
832
194
7196
2805
7878
2605
5496
6312
9425
5434
7121
8652
5216
9329
1766
7366
6170
1619
5626
2397
5720
7862
4880
9538
2592
5742
8309
8352
8732
5909
4247
4529
3240
5111
9124
43
5370
1388
4109
3878
5165
1554
2265
8986
8117
9639
2182
1225
39
8528
1994
9654
8321
8681
1064
8625
6884
5610
4301
577
4354
3249
8634
7180
2578
834
4861
7526
9745
9368
2552
6979
8946
4550
7555
9867
8310
3903
3212
8489
6039
8734
8717
1935
6638
7699
2886
6202
1028
4859
857
3518
6246
2203
5349
5582
6689
6792
4458
7322
9533
3365
4236
9365
7815
1914
6546
9553
9910
6174
4685
6522
5310
6993
8118
3852
9443
6185
6944
465
3925
2215
349
2939
4138
3892
4781
9978
6218
8621
1536
2731
9604
7240
1629
9454
3277
5650
5851
5954
3208
6231
6476
6543
4577
2717
5098
9775
9412
5358
6585
9833
8059
9952
4541
5532
9604
9826
8260
6997
7104
4885
4915
1165
9672
9813
9679
1090
843
7394
9410
2881
6386
5311
1662
7340
3124
6870
4669
5997
8757
6198
1830
8183
1177
9851
6012
8437
8903
9097
848
2771
9512
3444
1031
3685
1439
1006
4039
663
2130
462
6043
2001
4007
169
9925
5895
9946
4144
8227
1275
2506
8262
1354
4527
7124
8620
4719
6443
4470
7403
5285
1303
1238
110
9648
1126
1707
5337
6728
2031
5289
2409
2361
1497
1418
1642
5623
9010
6168
3615
4159
5004
3959
2418
6345
8020
4815
7576
7994
5729
7687
1615
7861
2742
1069
598
2929
7011
8466
4570
4710
1598
7042
5465
721
3242
529
7077
9751
7265
9393
8327
6374
2964
3456
5292
1143
9179
8942
1921
6624
1643
9341
8166
4646
5139
3105
4898
2527
706
5782
548
8742
6602
9393
9232
5239
3865
415
910
4810
4570
3321
4427
7164
6103
3785
3994
6569
9128
4359
635
5191
7741
5148
4982
6795
6931
903
1157
5438
6407
9901
7067
5946
1653
2555
1268
7439
4331
3080
874
4387
6383
246
1681
5157
7833
9719
9840
9090
5998
6779
6780
7665
8603
5191
6419
4457
1146
1762
226
5986
8724
8490
2867
2664
2275
1588
1815
8076
7171
1343
6940
5766
4356
8809
9195
2197
718
8908
6817
5510
4770
689
295
915
5929
3956
6320
706
1276
1783
6078
4815
2222
4993
962
3860
6570
9263
8174
7780
2116
7162
8601
7127
8959
8169
6174
1791
4379
3133
9185
8906
9800
1802
4864
9696
3819
7926
321
7596
4284
3642
4173
6712
506
7765
5433
3616
5756
5344
6877
1977
5733
3148
4884
2363
1906
4024
9518
8120
2787
5502
8277
5489
8899
7677
1738
4270
4502
7297
3691
2362
7983
1614
2052
34
5355
1612
8222
1250
8253
4924
2792
992
1335
873
3649
5076
6705
8090
4816
3092
4665
2596
2080
959
104
4636
4107
7615
7965
5385
2881
3857
9192
3912
3285
4017
6485
6937
2436
2286
1826
3047
4147
7260
5615
2245
5381
1961
1714
388
2294
311
451
6081
6726
7784
8235
3787
5589
8792
8260
8498
1671
5492
9100
1195
9189
3096
6764
7520
2944
8566
9135
6628
18
4883
5554
5092
851
9947
5895
6041
5220
8853
597
6698
3596
81
5903
4303
4813
6157
1951
672
3858
6647
5631
5227
5655
4653
9812
6037
3493
528
2296
2664
7385
8999
2034
3578
3279
3552
7908
1118
5152
9489
8673
8532
3605
5901
5257
8363
2231
7410
5938
1703
4997
2350
9364
1950
5985
9170
7778
4428
8408
2255
4624
1030
6875
7629
3749
939
2478
9771
5198
8391
1389
9776
4748
6465
4534
1584
5932
4436
3959
6794
2018
6395
1637
3310
4833
917
8710
8412
2184
9433
9868
2343
5724
8035
6446
1449
9566
7179
3620
6688
9241
5911
1871
6998
8283
7831
8242
8926
6573
5870
5153
2906
9873
5216
9605
1386
7943
8343
2489
4127
1436
3792
2469
3901
3887
6450
9972
7790
7665
9902
4212
580
3369
3618
3689
919
8465
7928
8094
8188
7968
5804
5817
3526
8565
4410
7898
7302
6893
8261
6816
2062
9633
2613
1608
356
895
4536
8371
8114
4899
3753
2178
4969
9585
9117
2336
3574
418
8794
6397
8381
3273
354
3443
5650
225
1166
9047
2039
4869
9190
9789
8398
8267
9996
9144
6752
7773
6824
3869
6999
8326
8526
2963
2646
7014
8780
5161
504
8978
2095
6515
7861
1867
693
4435
1601
5769
4590
4016
335
3411
2556
2646
7716
7470
8937
4649
3205
2960
6727
6679
7186
2512
9410
9626
9628
2044
722
726
6449
8213
1373
3237
1513
171
697
3308
8585
113
2559
9114
8820
1085
1899
7709
801
6622
4320
4880
3032
6826
88
1301
4502
755
6841
1019
1281
8342
1348
6972
1541
8512
2182
3222
5276
7036
6321
6084
9724
1293
1797
5672
1786
2117
9512
5799
2108
1552
5
2481
2908
4144
5840
6987
3305
8437
376
6603
1192
329
933
1759
9127
4949
4288
3707
98
6099
6770
2397
5839
5314
6533
670
3347
223
9254
7064
8807
9463
6300
6558
9590
1029
2195
5133
9917
9481
2993
9341
8549
7464
6553
2899
2461
8634
814
8583
7823
9060
5631
7212
8709
5970
5665
257
9957
1457
5738
6804
5976
9510
1529
6958
7720
5359
2772
4479
6711
3044
1305
646
2061
8344
2982
7996
6537
2978
4036
7326
3672
515
4749
3142
6836
7571
6878
1509
6595
7773
9944
4591
4193
9219
8577
2290
6088
591
9079
1348
8651
6024
5253
6233
7650
8317
4702
8366
4208
9297
7189
3877
6192
883
9823
7773
6462
5336
2913
9660
9666
9623
6483
1212
4214
8433
8230
2608
6729
1436
225
9586
477
3099
2759
4842
1882
2443
4949
3453
3925
7339
4807
5791
2860
1017
8746
1606
376
1525
3708
7357
53
8325
7296
673
2301
1813
4669
300
8832
5624
3446
5531
8240
7167
356
8814
6457
9141
6688
8636
8110
5141
7997
9697
2206
3016
4497
997
4806
4655
3540
3017
2624
9209
6178
3664
6136
5217
8827
2920
9135
9160
6585
5397
5945
2730
1345
3880
9249
3775
4386
8945
3021
3809
267
4190
4428
1781
7001
2654
8683
3496
4974
3798
8855
5623
8797
9743
5996
4283
2002
1547
5372
6047
4911
4034
3836
2383
48
4461
8312
223
2192
9678
9383
9877
9109
922
2985
9252
3190
5844
9933
1462
5916
7800
4958
6293
5302
8272
2045
7830
9111
4710
667
8786
2587
6103
2733
5426
8071
8176
3362
5079
2909
5768
3568
2452
2591
9482
3738
2904
747
4269
7902
8475
9844
7217
9354
3525
6657
8889
9455
6981
5967
2319
4622
1333
370
9576
2719
2168
3944
5862
97
6204
4318
5348
5883
8066
3725
2353
7905
582
748
6716
9171
2413
1961
9800
6719
9499
7217
860
7078
3839
7820
4346
8203
7547
663
5289
3288
1411
313
802
8491
3905
5351
6516
366
2083
7827
3540
4324
9714
462
3604
3967
5199
4750
4894
2191
1388
91
78
4757
5733
3956
5850
7877
4809
1503
9646
666
1753
5197
5224
6611
4699
3259
1965
2491
3211
4133
8214
8230
8143
5045
9610
7848
5766
2297
4153
9456
92
5091
6707
6897
1740
2473
1235
5441
1235
2493
2555
3770
4172
1991
9789
7469
5822
5230
2339
2167
4702
3111
6155
1228
4882
3860
419
336
4964
3997
8717
8981
5103
6763
591
5742
8553
6657
4025
753
9004
5078
7572
8283
2210
4237
212
5054
8669
8166
4617
7222
8529
3437
1496
2249
719
9471
17
1532
990
557
3629
1074
3800
5962
9077
655
9422
8830
1282
155
7641
4765
4572
2195
3311
1010
4177
7033
8525
9380
7477
5947
8135
1147
848
641
5913
7484
7657
6624
9465
5871
3453
7211
4300
6898
4363
6426
7873
6614
4479
7795
6238
9575
6393
148
3285
5321
3625
3938
8626
6286
1674
4603
4164
85
1512
2136
5045
8236
8063
127
9432
4822
5937
7125
2606
6791
5140
2977
7317
3148
6790
747
7262
3959
2589
3971
8297
312
8144
430
9567
5240
6459
330
524
2895
2403
467
839
4757
9415
7215
6847
7782
2286
1459
612
6542
2355
329
4494
8643
7770
7177
5790
2722
4462
4724
1728
3986
3864
9391
5881
9365
9262
4556
4371
477
5190
9157
546
2571
7413
1938
5746
8338
2904
6538
6639
6698
8206
9685
6929
8865
8096
4512
7618
6636
5310
9978
4093
795
6984
7291
6884
954
3157
8981
1966
2931
3555
4498
3067
353
5228
8077
2309
9600
2322
3757
4950
3504
3015
1531
688
2921
8059
7140
7261
4536
3842
5322
5955
8119
81
9542
5763
2842
8549
4888
8319
1670
913
4111
7814
3260
5890
9587
5789
5491
7840
4735
8731
3892
2643
8909
6625
1631
3407
3178
9428
4282
4574
2984
9432
6890
4953
1714
3755
3546
1699
2202
2716
312
1649
8447
7014
879
3386
1786
5037
7919
1943
2983
5699
7849
2710
1360
4215
9926
9409
8869
4027
9384
2326
6440
6208
5352
5411
4405
3504
2189
5697
7407
5448
6750
5289
4358
5168
7727
3367
5908
5416
696
2890
4838
6241
676
3476
7688
230
4164
4149
7593
6405
835
62
5790
6973
2245
8484
3010
3861
7192
6404
7563
2999
3053
9853
4184
7479
5664
8926
7926
3332
4866
6381
3410
1466
1544
1537
329
8658
9948
1933
155
6663
849
5418
7357
7381
4197
3823
3038
6575
6639
2720
2242
9037
1127
6112
682
6257
1685
5156
8036
1012
7137
3637
5310
7442
7610
4881
3958
47
7570
271
5085
5956
8406
6798
4875
1642
2540
9497
2908
6306
4165
3576
1559
1150
6225
6582
7471
6288
6562
5131
6290
7965
537
5013
5918
4749
5245
168
5700
9265
5258
5327
4693
4577
4677
173
5834
4658
3262
8005
7952
6049
2878
2914
3071
2447
672
2708
7899
6552
1692
3608
2419
113
4654
1922
2039
2462
4933
7962
9575
925
856
7296
7735
9858
4867
1677
7662
720
2047
6791
4478
609
3039
3265
4766
7138
1910
7597
9554
654
1383
8751
3692
8182
1748
8751
8364
6505
3416
4778
3491
1462
1440
7782
7573
315
1811
3600
6237
7224
2323
740
5034
9813
1420
3544
2327
4509
6185
4374
3545
3718
4982
500
8849
5646
431
5921
2401
1492
3960
2958
6828
6047
5830
6278
9797
2319
458
4555
3401
6718
1102
6591
217
7203
3352
6525
736
4291
7355
6306
5779
5300
109
7914
1702
9583
8180
3755
4971
3409
1177
7480
5973
5807
5038
403
3563
307
1403
83
9527
3015
4308
3677
5198
2109
9415
6738
8251
1240
2418
9845
3012
6875
9249
4103
4590
6492
9525
1137
5517
2965
320
2365
2339
9991
7500
1730
3209
9642
6251
1194
3195
4822
8009
7649
3742
2487
1038
6300
3917
2881
6625
8628
9009
3584
7446
8238
9743
9257
247
1464
3931
6131
8416
4017
90
1036
5764
1590
8197
3705
1086
661
5097
4254
1842
6880
5179
9510
7089
9407
8266
4816
1659
3906
1949
5958
5247
7986
8475
3547
3726
8659
9897
880
3534
505
9997
1875
1738
9763
7778
3764
4471
3464
1765
2053
9281
2668
6043
4670
7619
4623
9429
8139
6118
1475
7356
498
6273
2553
1127
8180
6942
9670
7804
176
350
5079
8546
6254
3266
2334
5060
7663
8154
1463
2578
2142
7403
364
2898
4995
5897
9616
1508
5348
4581
444
1330
1992
1103
1669
374
5754
2156
7030
3766
1158
9378
223
5739
6595
7505
7834
6624
6573
5948
2229
2949
3838
4309
4289
4418
2536
8406
6262
7401
9313
4395
2145
244
9276
8366
7899
6094
5472
7418
2487
110
2343
2513
9463
7341
4037
217
3372
2345
8931
4369
6568
7266
9751
9809
8177
1841
4802
7727
5621
377
741
1054
5477
4389
2737
385
1247
5361
7994
6414
6924
3589
3495
3981
1586
7708
616
2687
6471
5491
4196
508
5731
6940
8638
4596
5632
7842
9460
5271
4097
9975
7748
1281
9564
7146
1611
9677
8021
1428
4380
4298
537
8497
7977
2203
9924
5979
800
1847
5007
2898
7317
9905
25
1049
296
8083
3521
5546
8915
3123
9469
1241
291
3768
8378
1749
2080
949
6465
8651
7050
7587
3890
2565
482
718
400
8400
1506
9910
969
955
1386
6245
8880
2075
8104
2144
808
2315
2115
4919
3647
2881
8580
4102
3620
7228
7042
3822
2183
5449
5657
3438
6396
453
3717
826
9100
8589
9841
6270
2440
721
8166
3628
8778
9655
8210
3409
7482
2859
5159
3126
5161
7812
9069
865
9438
5586
2102
1180
1275
9700
507
9581
1211
7334
3992
9781
4138
2055
7312
6085
1169
6968
5870
793
6172
9424
4474
1448
7290
1581
2789
9828
4864
3446
8881
4972
5531
9916
2287
4593
2192
2974
9958
4470
2017
2763
5757
688
8943
9601
5413
2189
7415
3781
3990
6977
6506
8108
2885
1995
6796
598
7854
3910
3129
2730
3348
5851
207
9292
7810
1604
2732
860
9949
4300
1765
9240
1528
4194
527
385
8739
9099
8622
1243
8081
2423
9160
9117
2549
9580
1893
2537
9785
5519
3894
8454
6586
5202
7230
8
5971
6679
2097
5777
6564
5090
3288
4577
1582
4700
8478
3049
3006
2932
8075
8686
7012
6064
4730
7096
2512
3441
760
6170
1032
9508
3868
7356
7751
4885
990
5347
6565
4719
1621
7763
3439
3150
9056
4619
9027
9317
9760
7326
1419
954
81
9970
2867
3135
244
8513
7976
8253
4970
5069
6160
6153
7631
3985
6816
9816
7088
2770
2621
6479
682
3972
5842
8962
8337
457
4651
398
3289
1012
1596
451
3381
5324
738
1977
6586
5660
467
6371
9054
4631
8916
4625
7891
1528
6967
6623
4906
4920
991
5723
3989
4393
8786
3108
9022
5183
1737
1630
5853
8351
7079
5458
1898
4271
100
1585
6559
1292
1045
313
6329
1051
5593
3617
1771
6983
1810
4734
5711
7225
8270
1816
1226
9110
738
4535
8507
4322
4306
7831
9568
6498
6687
234
196
6063
4317
7404
7993
3030
5568
4034
5886
9613
19
1068
237
3296
6612
4042
9908
2969
1983
3226
8189
1646
549
8287
8412
3781
5193
3709
4325
690
6696
4945
744
7553
9970
3406
5594
1102
441
4450
9489
2353
2005
4823
9083
6792
8001
405
7132
3069
8038
932
9346
6567
8225
1935
246
6204
4980
6341
