6895
775
2158
1069
6803
8272
9397
5231
7402
821
300
9349
2053
3418
5574
8957
5659
3321
5014
7246
68
1200
133
7373
6785
3465
5683
1820
7397
2360
9128
8797
4980
1885
7157
8900
6391
3545
7739
1930
6025
4813
3303
1646
1874
8829
2617
1302
429
3316
1184
5091
8823
8850
8133
6786
9527
1696
3856
735
4740
531
6314
9204
6760
1055
1984
5888
191
1987
5840
4994
9147
3266
6356
7556
5256
8578
7368
6485
9463
1885
8857
6527
8873
3157
1388
8487
2233
7845
3976
7634
3351
2386
3650
8532
8941
8320
2803
8148
7919
6033
3256
204
548
2344
9541
1501
699
620
8918
6783
6076
6152
6452
7861
5741
3663
1153
5183
3997
3596
4112
5481
2977
1160
3492
3713
6472
6805
227
5830
5356
311
5862
5836
328
2210
992
5755
3105
4287
6456
6295
3010
5720
7573
2203
3064
5490
8694
271
7590
1051
2987
3848
934
361
1763
7502
8669
1746
5858
2201
1706
6665
1391
7876
6827
4310
8824
1220
1803
8831
4178
8498
9180
8018
5457
7908
1341
8581
3935
2970
8072
4868
4877
2115
9355
6137
8324
4688
3872
7482
1926
8672
1483
5756
2102
2427
960
8422
9793
6747
4303
3184
6967
9268
6941
3338
4938
227
7664
2521
5794
6276
9190
7804
1066
8622
8931
3405
1594
3738
245
3299
4754
7585
9365
5171
9120
1827
205
8487
3663
4387
16
3095
3260
2607
9930
5044
1190
4206
1894
1636
4145
2947
6694
5111
8998
5582
4498
7688
1403
6529
7936
2639
1322
3503
4028
8707
9313
1488
3924
93
7942
9554
9571
7591
9493
8074
3304
9603
5975
4424
2866
265
7136
9704
3082
7736
5286
8181
765
8958
5145
9992
8197
1987
739
9566
9539
9455
317
3287
3882
379
5627
4395
2347
3893
9029
1975
9833
6253
6899
2469
6584
5468
1077
5962
5623
1685
5468
7688
4471
2947
3928
7604
5751
1490
2319
2354
5742
6762
2567
1420
2580
8534
2368
7026
7836
9635
913
4731
8530
8372
3485
7481
4445
1810
7426
2522
402
1584
5870
4027
4805
4460
5806
4552
2588
4178
340
9103
7953
8763
4884
226
7460
1666
299
2090
5099
2727
269
6473
6423
9901
6121
5368
6149
3566
7899
1967
1389
414
3023
723
7546
9100
4269
5577
5942
2453
9173
729
9426
9715
8135
8254
6719
6547
335
4473
5228
4052
2300
8117
2732
9819
4540
2982
4403
1716
8438
3739
2845
7219
3427
130
171
3352
2201
1898
9594
5888
5910
8020
8402
5752
5973
4163
4633
4973
3968
5282
8257
3087
8755
5012
4437
2612
4696
4487
6203
5656
1285
6322
6741
1666
1822
7389
6218
2130
7319
816
6525
6295
7019
2820
775
717
9058
3461
2950
9587
3410
41
5792
139
6101
7946
725
5850
4243
2815
497
511
2284
3993
3515
7664
612
9257
9678
9280
3067
7103
5825
5038
4376
5085
4628
3239
9185
9786
2745
9546
3114
1858
1725
6908
7240
4970
7762
9298
1808
4130
8650
236
5472
5379
1490
6530
634
7064
5801
1893
7481
8954
2859
8440
2497
9395
3902
7544
3255
9843
9640
2310
6938
5985
1371
6374
333
457
8686
4656
4051
3732
4122
4435
2757
117
5982
1785
3890
7392
2063
278
8324
6549
9903
1914
6091
8410
4072
6326
5256
8183
422
3259
216
2874
4238
2894
8347
6042
3247
5063
4640
5097
1300
5433
5487
9203
9778
1068
2226
2147
5556
6342
2545
4357
9217
3000
3401
5654
5063
1124
9976
5751
8310
7917
2183
8161
5083
5143
1236
5970
3351
5245
1003
2933
6252
7297
1233
8848
4244
6701
7965
6487
4045
2089
7539
4158
8485
5958
9870
1595
1581
7335
2842
986
8941
1055
3179
1146
1429
8453
3437
2436
1899
6004
4889
1260
9334
3359
4912
1681
9094
1618
4135
6142
3581
9363
8495
8163
318
4199
1120
1885
5409
4978
7026
6450
2160
3814
8568
7369
4785
3644
7529
3701
8608
2881
4220
9155
1607
8391
9023
7801
3613
8541
9364
7054
7897
521
9305
5688
7906
1697
3667
7009
3093
569
6678
835
2641
5126
259
7106
2914
7009
9678
3017
5336
1991
8890
4220
5811
2798
9044
7772
5725
3570
473
3594
5300
4942
4277
7091
7427
4934
2121
6793
4781
3680
6344
978
8341
1843
6702
5129
2972
439
5709
8435
5704
2732
2310
7372
5613
7943
8753
1824
5210
3975
8104
853
1811
4710
8694
6789
9319
7355
8727
1866
2109
4604
5836
2882
7520
7888
9551
4626
2180
6354
5325
2615
7859
5778
9604
8055
8601
8086
4490
5446
6536
4846
2631
5525
5577
7765
2065
6133
2656
5427
3970
5385
8986
7775
2104
8168
6550
8466
2441
6850
8413
3719
3424
9866
2479
7134
744
8066
1196
2384
8404
389
5019
8204
6745
4493
1050
3184
4809
3716
2979
8020
4797
9816
1560
2528
7358
1544
3467
5869
2912
5051
9148
9673
6731
8592
9327
6532
6679
3103
1769
9976
8739
2046
4359
2853
2914
9312
1739
2858
1155
4601
5940
2800
6876
7772
1769
5952
6226
3445
3122
7765
5384
4018
2340
7788
3889
2860
2694
9176
2979
3748
7572
5138
58
6712
7504
1965
1174
4756
1903
2599
1955
5909
7095
3372
6099
9658
2099
9573
8090
3827
7393
4382
8213
2139
3641
1940
9095
1138
5402
6301
4850
643
7986
3634
9695
3461
6185
2487
6250
2300
2107
8828
1820
6047
8464
3308
598
6180
266
8946
2088
5720
5915
3451
9227
955
4736
2214
6497
503
8029
968
1415
1809
758
5613
6707
489
2840
393
544
4972
7490
2796
772
6649
6643
3619
7418
5104
6737
4363
144
9797
5523
1473
6031
1572
4364
3717
6242
3551
8597
2669
3126
7683
2677
1334
5309
9609
3087
6805
5518
4440
8952
2155
5612
8967
516
1847
1457
7328
7852
4485
8072
1552
4814
1796
4916
8828
4114
1077
351
8893
996
3520
6691
8412
2290
1809
2687
728
5059
9151
2583
8516
4354
9245
8523
2990
6743
3514
2849
7210
832
1075
9153
1245
3761
5368
1838
8533
6901
4907
1308
4358
9407
564
5826
7935
1778
7682
6702
8139
6585
1309
6031
9140
9795
4023
9155
4770
383
8849
125
8560
608
3961
7698
8335
2094
7360
1873
1524
1977
1242
349
1069
5114
6831
472
7618
5207
190
5149
7606
3811
2417
6298
652
3744
9932
3816
3654
6946
3759
6409
6776
5025
8859
6957
5867
4506
1057
4513
7278
867
7542
229
7527
3769
9571
4535
4775
7832
488
2321
8092
6742
3744
6332
8672
2188
1840
4512
5838
7682
9722
457
5700
9158
14
5943
1220
2857
9503
146
5141
7126
5187
9704
3623
592
3477
3861
8052
7302
2821
782
641
8918
1646
1818
2916
8268
1384
3309
6191
1844
1444
8962
490
6116
3941
4388
463
8847
5102
8601
5135
6087
5014
5068
3714
5074
9320
1909
5932
392
6055
5719
2714
1302
207
4502
9548
2242
7079
7507
5325
8540
9922
2758
5469
605
6916
2007
4480
1807
3586
6297
6495
6537
4754
691
2460
6325
6754
4715
7506
8927
6356
3697
5211
6668
919
3974
9484
2165
4673
4600
5883
9071
5032
4299
6913
9928
3696
7669
5993
2495
2158
2757
1064
8864
1275
7569
3239
9804
2277
7212
9084
3937
7279
7760
1303
3723
5817
6189
6104
5830
9434
1678
7854
9935
809
8084
1641
3142
2684
5697
9313
9170
2951
7363
2672
4193
8502
8988
8522
9162
8918
6938
8589
6305
8301
3975
7955
1606
6586
2207
8916
731
6919
6521
2841
7136
267
4245
7147
5901
8684
3840
4490
6155
7953
3831
1481
9039
6
662
4567
1364
7305
8299
2969
1988
769
4459
9250
1427
6302
3680
6756
4344
7435
7599
6672
4808
8304
5090
3754
8865
3044
4726
7976
3744
7360
9395
8665
1903
8223
9763
4434
5023
7505
4209
5284
4685
2287
8192
4169
1940
6200
7733
3165
3360
4522
3042
5433
7018
3341
5615
5482
4485
4905
2631
3104
8691
5879
8076
2531
8084
2933
9240
1808
3901
9683
866
1153
3073
8523
4665
9003
3903
7790
2112
1297
5015
7128
3126
2534
5530
7861
6161
3199
205
7262
5622
2470
1593
5036
4183
5915
6435
829
2089
8405
6339
7155
9217
4886
5363
7098
2619
9629
4102
9170
5271
1141
6546
1082
6192
155
3707
2270
8090
8109
9902
8599
5592
1085
3910
7201
6119
3141
5279
7178
1738
2324
5253
8389
9426
7670
9495
9710
8778
6530
2654
9273
5773
7085
3908
867
7252
781
3539
7658
7968
7528
923
2985
144
7786
5518
7387
6912
4596
5676
9392
5086
2690
2295
4109
1098
2741
3362
1070
41
8863
8091
4679
2982
4142
5105
7864
1798
5935
3268
4590
5702
3828
8424
5734
6963
5648
8261
5821
5046
1822
2095
9043
7194
3346
5292
9694
2971
6263
1479
2283
8253
7624
9361
575
4374
1818
9006
6059
7705
294
4627
1742
240
2837
4362
6596
1669
7827
6383
3821
3773
2102
8539
6856
4034
9320
3498
8094
1899
6944
2635
4699
9370
1504
3859
3350
4129
3943
5247
8946
8818
6773
3380
3262
6530
4591
6612
4983
2874
5241
4848
3965
3434
2496
9380
9538
3241
3162
6116
3567
7773
6900
5873
8337
8851
8075
2247
9344
9292
8839
1382
9297
4741
5105
6763
2337
9089
5302
6267
9889
1541
7779
9004
4642
1439
9856
239
5254
6580
4041
7693
1349
8549
6663
9213
1457
6045
6030
6720
4161
3434
1807
9369
3642
2309
3278
4108
780
5071
734
2354
7272
9434
3720
1190
1472
7970
1226
5328
9046
7702
5916
7739
8150
1223
1438
3060
6736
9259
1805
6881
1789
8958
6196
2812
6115
6919
4223
843
1171
6658
3627
3918
2240
7279
1849
708
1338
150
9154
5785
3128
7972
2916
3552
6804
8439
6907
9993
6689
771
2539
6368
2519
3262
3945
3666
6991
8238
7129
6620
5962
4701
6993
3986
2347
7414
2605
7768
6949
8415
8460
3536
4671
9346
9208
929
1637
5514
3715
3841
2056
2519
7324
8015
8789
1517
2961
8767
6002
7663
8719
6691
6308
7220
5108
9010
47
2643
6518
3639
4005
6769
3324
729
6448
852
794
9026
8106
2274
426
3247
2137
9035
2773
6003
6297
7216
3154
6632
353
4622
1733
3891
8935
1867
4969
8563
5551
6748
7080
9366
5246
1584
1238
7399
1326
5773
3422
9319
2218
4245
7044
1815
2681
6468
4170
9504
9271
9209
8222
7856
2095
5567
4320
8338
5301
8646
9906
6728
1551
3075
104
7847
6164
641
926
7422
2445
5954
4329
2500
2328
6070
4310
3694
9371
9782
1070
8586
6549
974
699
2956
5616
8165
3924
1378
691
2138
9204
7397
9988
6557
1961
3679
6778
6246
5369
6339
6305
3286
2910
6765
9895
633
8018
1143
4275
2405
4710
7973
9093
7441
5580
2991
840
5477
5732
9144
6548
8442
5283
6799
6337
9341
2432
4466
4950
5765
1497
9353
6942
78
2274
2966
2636
1234
8301
8487
1542
7700
4453
3189
8204
1224
3428
7501
2076
6274
7381
2121
9902
9865
3236
9802
410
7016
6689
835
9530
3521
403
4725
1257
7550
5385
7635
139
1350
9340
753
9702
1944
3344
9966
6238
998
4905
9003
4335
4273
106
663
8867
4333
3465
6280
8323
3041
7983
1576
9514
6590
7867
9226
8133
2266
1142
3815
2007
1095
4033
5050
6873
68
8106
9556
6127
1984
5582
1964
709
9174
1560
7479
3352
650
3848
1264
2737
6606
1359
2884
8444
6305
3638
6284
471
4341
4926
6936
230
3035
6401
7573
4323
6557
136
4730
1522
1288
1367
6581
2755
7428
1427
1469
6433
6722
3235
6899
6151
2081
9140
7322
7634
5660
86
9712
2082
3587
5556
3080
7722
4693
705
6998
9414
7223
2702
3446
5868
9940
2328
6089
1932
1984
590
7709
3633
938
7184
4551
9769
5806
834
4192
7361
3253
5968
1193
2778
1082
1308
3244
152
6889
6531
1617
4088
8965
1838
3194
5617
7078
8069
9820
8516
4718
1213
3258
174
9207
2321
607
2588
3403
4942
3128
8637
5822
2265
524
2915
3260
332
5401
6771
8651
4253
4748
4477
1229
8991
9372
1557
1652
2449
6147
7103
5825
1317
7226
586
9612
6588
8768
7939
4410
6124
1943
234
1917
5011
9612
1665
366
2133
6193
8049
8895
1858
5640
9015
6384
6403
7982
6988
865
8786
2929
2290
495
2025
6912
9130
2860
2579
7805
1202
287
6031
7697
4539
4165
9268
173
5561
2147
8878
4089
2308
8330
8501
6907
5676
8165
6958
6005
1177
7073
3707
7979
3648
1721
9438
7007
5281
5758
9596
7691
9437
559
9500
6475
3126
6315
1838
7892
2654
3312
4920
7573
9297
8126
1324
3800
4047
910
3125
8805
8033
488
9600
3252
877
278
9048
2300
5429
9523
1497
5661
5833
558
9814
6518
8445
6993
6199
7572
7765
7049
6282
7625
2636
5169
745
8116
3956
1327
8588
2498
2632
7627
8293
7296
2846
9064
5722
7084
9640
8432
6784
2536
5257
4480
3106
2649
773
2829
513
4754
2529
3025
6469
8760
7433
7718
9026
9490
2464
6478
5334
9712
4850
7325
8046
612
3158
1907
8121
5233
175
3306
9204
3566
5441
8408
6292
3223
3857
9233
7042
3729
9238
1437
9536
2600
2187
5889
1898
4967
5638
1693
5192
6658
3554
7089
1776
4547
7721
3101
8552
1712
3182
9907
1401
1174
4678
283
5903
6612
5942
5955
7468
6614
7592
1665
3133
939
7751
7831
2517
422
3162
6481
1413
3598
7902
4317
4813
4994
731
2200
1035
1789
4840
3009
5442
6929
3515
1724
2343
4563
4905
2998
5845
2467
5371
1568
560
7575
9633
9082
2134
7555
2321
3885
2002
8503
3784
9604
6730
2452
9009
632
1032
3692
9875
9959
3685
8133
5540
5985
5041
1690
7820
4142
1104
6527
2836
2079
8350
1646
6413
4799
2147
979
4941
5254
7554
3984
901
9515
9995
9470
8398
8034
3504
737
8977
4505
165
8102
3925
2091
9376
4411
179
3408
5424
2187
1046
9042
5547
2310
9743
7051
159
2633
3460
7520
25
254
8760
1444
8100
3635
278
1210
762
7711
4951
4588
9622
9287
7315
8081
8153
620
7652
9246
3931
7693
8502
1164
2986
5873
3162
385
5662
889
8314
350
1421
7702
1415
8757
1338
2407
5678
1188
8631
8748
7897
8626
572
108
3921
9349
3904
1503
8433
4382
6724
6521
6166
9682
3455
9796
7907
7877
1492
2392
801
1349
9760
9962
1124
5440
415
6335
7608
67
3358
2843
1690
1185
6139
8266
8739
7036
9384
5033
847
547
7519
3282
5532
7911
9151
1731
4014
8283
3013
1290
7151
4776
8614
5791
7108
2795
5832
3166
4650
4076
8593
9231
447
5372
5287
2228
9918
713
9846
8910
7890
6288
7456
620
5755
3329
7182
5554
5583
9080
4149
7682
6423
6429
1220
7785
3226
1865
9561
7512
4648
3843
7700
6765
6412
22
2628
4734
1765
6385
6205
1394
6206
7788
1050
812
6664
3185
3311
8788
4041
606
1016
628
5838
6630
7213
716
9932
862
7079
1538
468
2635
7100
2074
2165
9974
6870
5421
2444
7160
2689
6313
5526
8152
7059
8229
7318
894
9287
4191
2993
7859
9698
4020
3591
2087
8534
4140
5020
9151
7236
4847
7764
9929
5740
3736
5326
3005
2433
2628
3719
9106
9032
4071
9839
7961
5390
2044
6537
410
8281
9206
7291
6218
9863
5255
7334
6806
2419
8140
6895
2446
9654
2564
9260
4832
3849
9708
2986
1632
1465
5272
4571
722
9027
4943
5501
5236
6095
2499
4645
5978
1338
8636
987
6583
7931
1233
7439
4564
9095
3346
9337
6593
895
3556
222
5782
7815
8874
398
1572
4434
7548
6731
2188
809
8503
1764
3820
9818
9185
3535
3522
861
1543
4101
1742
8786
5397
9446
9512
6566
6912
7022
8907
5461
7796
9520
7261
9753
5974
2222
2347
4896
8293
2331
2694
780
7089
7559
3076
4915
7592
5114
3749
3351
6761
972
7555
1632
5751
5888
6564
3621
2652
5249
6080
7322
215
4565
1033
3331
2419
3438
3627
6359
8582
767
2130
4800
6227
7868
6946
6030
8364
7258
8664
5659
5479
1077
6315
7097
5675
2832
7213
1000
2664
3943
1668
9108
7345
1841
5343
2266
4951
9986
9239
3323
5747
1324
5461
2906
159
2693
5130
1231
1313
2611
1678
3070
5141
5892
4920
5778
3014
7563
2311
5250
9465
4228
6491
4405
2215
8617
7683
5202
8549
4733
1380
9953
8465
5829
1330
5053
6090
6567
7278
8586
4012
426
8428
1843
6631
1997
2528
7085
6556
36
4853
2504
5028
92
7545
5139
268
2128
936
4206
6112
5748
8852
4683
3667
8958
6174
1214
5304
3365
5796
6964
3137
3010
9302
7231
3857
1043
8422
3183
8896
8174
1628
8717
9499
8979
8195
5585
9893
4282
7684
7763
3342
2603
8332
3406
877
9516
6221
4256
2989
6245
2462
3439
8754
7103
5376
1494
263
9611
3006
7820
3990
1664
9327
3350
4003
7468
1340
4290
9381
5851
9768
9140
2273
3350
9537
9406
9316
6530
3106
9192
1421
1001
5426
1280
9478
4326
6189
9963
3021
6874
9964
7417
2035
1211
3171
3158
415
4124
216
9804
7680
6184
4955
3030
4478
2920
2598
2000
4188
100
4674
7786
3612
9142
2851
4667
2318
2906
8097
9938
7927
9313
2357
6232
8090
3605
9996
1314
8053
9191
5819
6194
6987
4036
6271
5676
3865
6918
4751
3686
3975
2343
8449
2233
190
8032
581
4677
832
2255
1762
7632
6568
1623
7307
3790
8031
9665
3038
9341
9912
7809
5609
8728
3593
3235
6553
8683
6438
3188
3824
1414
4220
4157
7714
9738
5110
8858
3628
7664
9600
7753
210
2409
5830
7230
8148
1792
4599
2324
2812
6140
8652
5613
2486
1105
703
8394
8380
9142
1417
7702
1853
2834
8524
2908
5546
7104
7306
3562
3565
2081
3472
7565
5094
960
3443
2299
5155
5984
6309
1376
763
3474
7540
2320
6807
3923
8560
7340
8397
610
262
7535
1979
192
7117
6872
8748
3391
6444
6882
9738
6749
455
2366
945
2426
9524
306
6572
6708
9982
4715
766
4084
7493
2286
7854
785
7360
1837
3248
8643
4353
8981
7228
146
3459
3299
9870
8941
6642
887
2745
5926
166
752
8312
6154
4974
87
9859
2510
725
1640
6106
1669
5556
8459
5521
9551
8548
3953
3672
5420
5981
7210
7046
8526
2992
547
1698
7179
8750
3804
4429
5585
531
5672
8671
2165
5043
7166
2540
2436
2831
1708
2547
2554
6515
1547
627
4753
8767
5437
5626
7857
5296
6611
8668
5606
9003
7467
9020
3487
3301
4039
8378
259
50
313
8217
9790
4232
1258
5852
9625
9071
5786
8636
9223
8919
5281
7208
2315
2198
9908
378
3991
6908
4563
2338
8896
6965
4976
9217
4269
1211
9434
8708
2974
2885
1239
5195
9018
3649
3536
5285
8048
4425
4406
6698
3775
5044
5010
7093
2049
8380
1706
2699
5682
695
5760
7852
6574
5188
4068
4581
9433
8660
9834
5696
4696
9411
9222
6105
1772
8881
5348
5821
7855
6450
1844
1873
3255
4318
3458
92
439
2885
9444
7906
1221
5779
7260
4127
2086
9228
6829
892
4949
3380
5835
7120
6035
2397
9211
982
3193
9262
473
1223
329
5613
2217
6564
3010
5289
9685
5539
4849
2534
9733
5235
2500
7893
8684
2669
6555
1903
4015
3945
8952
8895
8129
9850
5765
6905
5977
2967
1092
1419
597
855
9441
1198
9416
9160
9220
1049
3326
2269
5443
9938
1153
2769
2213
8977
6788
8668
4240
2372
4556
6929
5204
6393
1151
913
8769
1099
5508
7760
1634
2331
4314
7729
2205
8250
5413
3569
1346
9553
8643
6173
7457
4350
2044
9649
7241
8395
584
4223
9467
5388
1770
344
9981
8197
3802
1641
7274
2646
1009
4788
4262
5732
3949
6906
2096
7253
8756
2339
4560
2807
8182
794
8480
2653
299
7943
3974
7207
9899
7306
8351
4221
6892
3585
1864
3465
1638
8342
582
5230
8291
24
4613
1784
9426
6884
1966
4849
1434
4929
3041
8365
3547
4661
9858
4083
1569
982
8992
7705
4610
6513
3888
5515
8375
9201
4936
9127
2487
6172
2536
9704
5902
9568
195
6332
1020
405
6506
132
5114
5919
4202
393
2264
1555
8396
6853
8530
5827
7898
6133
833
6136
7602
3337
4989
8683
7603
8468
960
4128
1267
4279
6278
9471
8771
4373
9985
4720
3386
4546
5624
2274
9182
4109
2559
1161
4066
1207
2211
3138
5065
8654
5084
6084
8201
5051
7268
8228
5754
7653
8022
6756
6557
7727
4464
8090
4922
7685
2515
7497
8273
7486
7753
4750
626
3438
6950
6409
2600
4379
5318
2118
3281
5226
2694
4823
5977
4614
991
8864
6019
2716
8638
9822
8649
5269
8799
2917
123
5745
7255
7732
5955
3628
3824
375
2265
976
4687
3801
2211
2935
9393
7332
9844
3883
5140
823
4901
525
1843
7362
6194
1678
1769
801
91
2748
935
883
2890
9853
5072
3238
1700
3249
705
2720
248
5879
9486
1356
8837
6063
1256
8832
7977
2935
8795
6199
723
1076
7395
576
4810
5359
222
6033
1735
9977
3228
6665
7036
6076
8724
9361
6824
4272
8705
1230
3571
2183
3161
6839
116
4486
4221
509
1026
7344
1772
5083
2982
6960
6739
3387
3296
3315
127
2835
3649
4255
1939
9050
805
468
4917
2651
2739
6366
2674
6837
2605
4100
1954
4556
6930
4800
1318
9056
8339
7355
4910
5143
8435
4948
151
1850
919
6589
274
9081
1948
9283
6863
3548
2360
4856
7080
1031
4617
5950
4058
5432
4970
9985
3374
3248
1796
6722
8679
1964
1233
4140
3539
3008
9468
8805
4516
6287
564
1123
4729
2217
5134
4248
6645
5760
5210
6795
7825
5401
9070
6772
3261
1404
1263
8692
7361
4440
6847
7647
8226
3559
9808
9575
689
6360
150
3158
3501
4175
3642
1624
1656
7749
1754
5730
8887
9117
4574
3747
2115
7749
9558
9637
7549
5381
4480
6480
6319
9175
277
7292
6077
9938
1491
5616
2841
5477
1861
7308
4182
8397
7598
9615
8133
7043
7572
6950
6763
1605
2745
5874
9188
9615
5814
4996
8336
5686
1184
4424
6651
2385
8748
6123
1995
2900
2318
5227
8194
9546
3853
1050
2196
1630
8899
5725
9394
7302
5952
8887
7716
6861
1742
2253
3414
3676
7344
7398
6825
5764
835
2737
7402
7530
262
6451
1728
63
7366
2779
8159
7963
1506
3268
9689
1638
5102
3319
9492
3682
4915
3338
6775
5208
5906
7464
270
5550
7433
8206
9853
9906
8751
1120
8512
9814
985
1078
5121
7624
959
1542
2435
4524
2344
3359
859
1752
4162
4607
9087
764
239
2434
1143
6220
4489
1591
7599
491
149
8416
9502
4949
2629
7783
1713
8730
1720
3672
8865
1074
8860
6047
1795
241
6916
1774
286
5785
7284
810
7479
4390
9705
7267
5752
5818
1478
4254
7391
9478
7032
3393
3042
5681
6363
1803
5505
7288
4678
8461
9492
5842
5778
6137
2675
3647
2024
4341
3444
3789
7256
2092
5295
9222
677
5810
1854
5033
829
9345
1088
195
439
3109
5693
2698
8357
9552
1011
9766
4377
8938
6542
492
1076
4953
1239
7833
4361
7593
4483
1175
3153
601
6012
1247
4359
1698
1165
3979
3523
7444
7
2822
8324
1598
3585
9251
5238
9050
9212
9783
836
4131
9620
7956
1687
4947
2898
1458
7180
5038
5358
9628
6755
6933
8130
3173
8675
8663
5754
3973
972
6107
9160
1652
6629
8274
7924
4321
4675
5692
3520
7711
1243
234
4681
4861
2286
6076
6841
8128
7619
8086
4938
6912
5331
4291
773
2076
5246
6774
4425
6762
2827
665
8071
3279
5804
8453
153
7383
7231
6716
4675
3010
9457
6038
6913
6060
8206
3782
2240
7158
3300
6168
2042
8342
1669
3241
761
7352
4042
675
6604
815
4916
5604
2295
6157
3182
9386
1028
7514
7327
813
984
1428
5868
9368
7441
9140
2778
2806
9595
6361
1329
3253
9650
3635
6828
634
4049
8910
4844
9633
4617
8504
8876
6446
8285
5777
4896
2805
1642
2430
407
5410
9124
9706
367
7206
2028
7786
9303
783
4574
5147
2239
8163
7382
2587
4604
3593
6882
3904
9081
5940
5219
8456
1783
1276
8013
7567
5396
5675
1998
2807
3930
1937
4747
9735
1342
3172
9142
530
3801
3207
4284
8018
7027
6694
7851
8961
8843
2267
3072
196
6707
9712
6814
1509
5720
1010
6939
5419
304
1919
4244
6408
1740
3340
3649
3998
365
7861
8131
9295
1443
3457
5226
129
1952
9408
5059
8618
2330
3989
47
6333
9824
9210
5935
8304
4644
7413
2682
7929
4022
3429
4401
8565
1314
3928
8282
9397
1136
8317
5816
2390
7417
5264
9900
411
1033
5720
1141
6665
9488
2553
1154
2975
386
4982
3048
6720
8478
807
7984
7566
1628
8274
3207
3284
863
1721
9289
8704
1419
9408
6024
5531
9712
2010
6982
3254
6180
927
2434
7220
7118
5260
2958
8958
8302
2103
3983
2823
8971
1069
591
7548
5525
1017
4653
2455
9193
6643
6035
4177
5458
6227
247
8129
4444
7505
6507
4086
4195
4139
256
2060
4235
5074
7031
3263
4569
5425
3384
6249
7374
890
8507
713
836
4703
2676
6771
5537
9338
1340
573
5993
7450
7466
4093
400
1850
5920
9869
8716
8208
2770
5544
2776
7023
8625
3636
2902
2921
4726
5340
6588
564
282
9736
1231
1303
4610
3675
5677
5010
488
4777
1092
2424
756
8707
3424
4186
7481
2561
1602
6896
2620
9354
108
406
4176
5459
9240
3794
5069
4114
7016
6926
8766
6637
7817
1254
4681
9844
2625
7887
5514
5768
6119
2049
233
7318
833
5107
1002
7476
4920
4066
4595
9863
5113
3613
535
4687
565
9280
7313
9823
1351
1931
3693
9996
9413
8495
8720
706
5472
708
8231
2286
518
2314
3597
4699
4039
5034
2663
156
8612
4679
7289
1683
7955
3799
6427
5500
1583
7272
7190
5993
6717
1745
1241
7802
9673
262
4456
4360
2687
5655
3124
4223
5141
4454
8677
678
1893
8595
8083
6252
1449
9589
8452
6529
7903
2695
6576
4734
3564
2461
1281
1570
1277
7346
662
713
856
6848
8439
907
1809
3130
3442
4543
872
6009
9796
9274
6960
9553
659
2616
8747
6736
680
166
8465
4707
2778
1145
3615
996
7189
8142
779
6467
4250
7439
9990
4224
8544
8751
1835
8339
9064
7762
6724
6488
6142
7628
3323
3514
2267
3301
2302
1531
1736
1013
2476
2893
1037
8626
9884
4560
3799
3394
6988
8937
4359
3103
2631
2171
2151
5495
9168
7476
8488
9645
3003
9590
8552
6672
3675
6705
7471
3109
8022
954
6040
355
2612
6298
3068
6955
1670
6950
5449
1682
1460
6998
3778
1613
767
9859
49
8520
1797
2658
2472
9123
5714
9912
3700
8889
8067
649
98
4174
4022
1426
9964
7988
9150
8814
1164
2042
1811
1960
7137
850
8374
799
5855
7373
8322
4111
9521
8262
2445
4705
8281
1304
7790
4449
2248
7820
9928
5624
8730
8322
1828
1206
4648
2172
5854
8573
3649
50
3158
5661
3634
1573
1079
8855
8914
9236
8100
5105
9515
1300
9949
885
4642
3648
8977
4934
8856
5469
2110
6480
9145
3415
5331
4810
737
6782
7703
5099
174
9127
851
4310
6929
240
7562
8276
7726
1908
6329
4893
531
2375
8792
6994
3654
5119
5136
6730
9798
4287
7367
7126
1091
6289
6503
5603
6170
6414
6750
1580
3961
9613
574
4218
2049
7191
8691
905
2793
5011
8645
5943
5646
6339
8499
8044
3400
3785
8080
8689
696
3415
5226
2911
2958
7906
9684
5812
2248
2338
4278
6788
8340
89
3547
1578
4982
8365
3752
1802
6805
7956
28
5316
8959
8091
8610
3159
7533
5763
4819
5792
9010
3960
8809
717
5356
6063
8159
9314
3565
8284
6628
1175
372
1773
1022
6140
5204
7719
9434
4714
7974
459
9826
6984
9770
9620
4456
9206
9193
8015
1007
8282
422
5015
7112
7909
8835
3821
4842
7248
6351
4257
3675
7080
5933
7951
7403
2147
1248
8712
6256
702
5954
3468
3435
726
2292
1505
153
399
5552
2371
5542
7235
3514
8584
9004
746
6981
5614
6890
995
6081
4772
3680
8653
9170
5394
7462
4868
3709
8198
4779
1051
2859
8555
2715
7410
9328
1527
8874
7572
5749
818
318
4736
4673
5375
905
1650
7302
7208
3603
686
8904
4170
790
9528
4376
8922
6643
6290
7519
7618
5618
1571
8646
5837
1302
6129
6082
5850
5871
5195
4045
2016
3017
1429
6015
7615
7138
6064
8316
9678
6489
3781
6935
5543
6210
5630
4932
7963
6406
866
9898
3907
1943
7419
3479
2116
2176
6086
4158
5550
1355
6294
7180
1665
3981
9620
4233
8141
8428
7095
5353
9125
3440
4717
1010
3902
4727
9379
1015
2729
6307
3255
7571
6747
5774
2135
8914
2150
2958
2101
3929
1126
723
4170
3430
4218
7196
116
1634
3932
362
1645
8114
1231
6013
4489
1773
260
5850
6316
4392
8617
9230
3285
605
7423
2316
5435
8906
9318
8866
2979
3574
9655
2874
2971
4926
6685
3468
9062
4590
1201
7297
7956
4107
4385
3522
493
9293
5485
5711
2187
202
8462
7131
1153
9980
2962
4292
6859
453
1992
9761
2675
2713
868
7637
461
3434
1776
6768
4064
273
7760
3524
1010
7480
2112
9428
7246
9940
4940
6281
6101
288
7611
6158
3486
3669
3881
8107
6539
4053
3904
8496
2442
9063
4931
1287
6004
3980
5958
1003
3957
8352
9645
1640
9337
2924
6767
4408
7232
1801
9382
2780
8733
831
374
524
4113
5499
4392
821
5342
9343
9395
7937
4011
3459
901
2117
868
1945
9683
6323
4202
2606
2315
4528
8734
8492
2674
6304
9109
5709
7455
7325
4713
3403
3059
3047
1229
9826
2563
3541
3082
5958
2531
1065
2810
6833
9729
6802
6320
8948
8763
8539
6754
6687
4222
3729
9285
4428
7693
5009
516
5510
2682
768
60
199
8260
6212
6566
8990
8477
8336
7042
4976
2998
8797
8572
5685
6985
6819
8638
2067
6963
2679
1090
5208
9548
9534
1042
9152
580
5984
6462
4071
2060
1848
2985
5528
4926
8136
5425
4692
4922
6969
6681
7471
2207
8303
7860
5860
2834
6603
2848
6568
813
4123
2541
2620
5191
1116
3961
3964
5964
2351
2329
8516
1849
6169
566
7827
1430
805
1409
8631
800
4228
4196
6360
6178
7045
7511
3745
1743
8927
9740
1848
6463
2107
8824
2015
2212
3790
2846
5715
9575
3748
4217
4738
7668
2617
5125
6041
9007
6064
3099
7883
6113
8359
2071
1710
7699
8369
5528
8736
9429
5795
7012
5479
7804
1755
7653
5237
6246
5497
1956
1034
7451
2113
1184
2196
34
4057
2971
8433
909
5502
7058
1429
4962
675
5671
1223
7142
4585
7484
9349
1432
8314
5581
457
1224
6590
7147
339
9538
4065
1105
2165
8219
3164
389
1518
3254
80
6364
2094
7332
97
1962
3176
2134
7823
7286
5813
8912
6063
6598
597
2443
200
1787
3265
2583
3226
7179
3868
6540
5321
4935
1528
171
1160
329
3332
9766
7663
5132
1235
5240
4591
8
6136
1346
9436
7112
6029
6419
8889
9450
4195
6452
3090
8402
9732
7981
6530
5419
5092
1127
7653
7340
7078
5071
3128
3474
843
6068
1053
3407
1605
3021
4314
255
1337
5066
8577
1091
8979
4709
1114
6189
3556
6692
8188
7078
7110
3231
2506
5263
4112
2792
9178
8242
5444
4044
2610
6052
1750
324
1580
9529
3800
8152
8632
3844
9648
9761
2975
6618
2315
7833
389
8258
7146
9122
1481
5819
7595
8879
8823
2906
4739
9043
8524
7278
2214
9252
2985
4385
8505
8987
1024
7550
5279
8875
7659
4794
9280
972
5405
529
7096
8467
5616
3325
2043
2992
2589
6133
9014
9347
6699
912
1137
3131
9294
7956
8240
493
2896
7712
4265
2253
5054
3666
4112
1596
5721
5381
9853
7327
1213
8603
4879
5927
9966
435
442
5890
6366
744
2364
7742
1387
917
9230
8933
8965
2488
262
6506
7741
9170
8121
7726
5609
600
6829
1342
7957
1690
6604
733
8627
1934
9092
9130
627
600
1772
8590
4349
8151
6513
8308
4955
9183
5647
4677
9572
4270
4027
383
5955
1517
6845
1025
3366
6918
8011
8885
1906
1853
336
4699
7172
1164
9003
4302
8162
4782
7764
8822
7216
1400
697
1849
2127
1279
5895
3950
1200
3738
2548
7936
7718
7365
6041
7307
89
8878
3165
3638
9542
8112
9277
1533
7908
5706
9608
2233
8945
156
5958
4990
1675
8285
7832
3378
6667
6923
890
8261
780
240
5093
2737
4810
5085
7682
8911
3765
7222
7673
3203
628
6169
8567
9430
9078
6364
5054
6622
9907
6451
4150
3276
6465
9419
3729
1793
6228
2998
2845
7694
5453
7971
4018
7895
5587
9241
2587
4738
6334
960
4689
594
4639
1996
9763
3979
8990
1990
4466
81
1772
9641
4345
9266
6455
1254
1721
4492
5036
4021
5858
540
1366
9817
5982
6260
7588
2094
2936
4936
7849
689
9930
1622
2253
7692
7028
4015
1601
4956
3880
422
144
9361
4001
2036
7729
4386
6836
6838
9640
7147
7631
9956
2444
4436
7359
9134
1491
6927
7838
5429
7818
3501
2712
8195
929
3869
7118
6488
3923
4434
3412
7298
2371
4608
309
9112
1586
4931
790
1843
6957
7324
3176
2425
2706
4778
3079
7176
931
7856
6223
6812
1092
6472
9279
2733
8991
7556
6869
8376
1543
1068
5945
7239
5785
7641
5526
3056
3182
1997
9363
2135
3613
3469
591
545
5037
4429
8859
630
7320
8886
1041
3217
6476
3510
6978
6600
8395
2036
6238
3155
1378
7694
108
1883
7254
2641
7114
1520
8266
7540
9518
1190
6653
66
3306
7485
5265
5394
1326
3516
534
2020
6184
9066
693
9963
5318
5192
3417
321
8972
4190
2663
3339
7601
1
462
7035
3396
5405
5369
7596
1740
8613
5538
1677
9917
6852
8097
7357
9766
4559
4594
1919
9174
377
8724
3290
447
6914
6013
9744
4244
4557
8699
2201
7516
7181
3557
283
1432
4123
6096
2248
3057
2918
3742
3013
4138
3144
3905
1074
229
2897
3678
7850
8609
1267
3276
9609
7585
9881
1691
6533
7672
7444
7777
9674
3937
1331
3711
1814
2187
8846
9107
750
6096
7423
3415
9883
5879
7742
3718
3253
9504
3240
3263
3946
9933
9467
2258
4538
400
9681
1239
2322
8846
2038
6750
3364
5251
3815
9216
6287
1424
9337
4901
5248
6127
5523
8687
3957
8903
7258
3172
9210
9690
4983
649
7698
8668
9862
921
4515
7519
1214
2021
4430
6345
7288
9061
8313
4983
8302
2141
6251
3563
6065
9707
1556
9664
2598
4876
4886
1374
7407
9262
660
7913
4290
1424
6758
5764
5160
6598
6870
4099
7124
5001
1578
7502
1149
4731
2750
4081
6186
4056
2125
192
2121
2056
3932
936
2845
8096
6099
289
194
5241
345
8655
9325
5448
3979
3912
8228
1628
4024
7824
7479
2407
7980
2016
410
3731
4407
6741
9729
3142
4170
7076
5959
8464
1501
2747
6378
769
8911
9731
1078
2648
2731
8401
8444
2294
9812
3276
7919
2656
7389
3609
6172
3827
6519
5715
2355
5906
56
4982
3526
3547
1652
282
3117
5321
1387
604
3027
2946
3007
184
528
8911
5200
8307
2356
9980
2949
2789
8445
1638
5385
4500
9381
2817
288
2763
780
6172
2917
8393
45
3292
6834
934
4047
4
8890
3953
7338
6006
7126
6260
8948
9380
8826
6601
7480
5743
7507
9910
6705
1457
2928
5043
6168
6662
3226
5308
9944
8836
3282
994
922
2667
6149
2605
6466
9159
1806
2556
6629
9347
5176
8316
8949
8440
1662
7942
8811
5636
9266
5011
4112
5957
3270
6139
5848
9220
3578
2395
3132
3678
3362
7733
306
8477
4323
4625
9338
6886
2475
8098
3895
4028
1610
2355
8169
4258
4192
2640
211
3453
1157
9760
9070
1879
4959
1552
73
3408
9283
8204
6315
2095
1707
8102
9495
7831
4864
7224
9370
3045
5044
2822
1061
3061
3167
3821
8481
4356
932
9993
1491
2959
640
4594
4894
5211
2910
4133
5344
4878
2537
497
8186
8523
5487
9384
6463
6827
655
5158
4808
9590
6815
558
4257
6770
8940
8863
2244
8466
9742
3381
6704
4975
4439
4780
4741
7556
8249
8992
9407
5331
2641
9216
9069
9221
3300
4320
1949
7983
116
5998
5253
1488
9262
4908
6864
7622
9636
6652
7508
465
8098
426
8156
6815
2463
3810
8327
7047
7794
4739
8908
8913
2478
3516
9719
1874
3948
8402
8677
7013
1572
6915
5144
1189
1383
645
1751
7303
7739
9304
3094
9332
7204
3818
8925
5653
7196
9721
2951
6439
4895
6147
5513
2717
2469
8009
2653
1605
4924
9698
9979
2947
1426
7884
6083
1337
2716
9565
1273
5144
9702
9079
6285
9200
1048
5594
1221
6115
2400
6292
8074
3048
4626
2052
5996
364
5449
9340
5251
5923
392
2084
467
3003
3250
7018
5403
6449
5042
6839
2010
9741
1736
4126
9438
4777
8017
190
9482
4511
9058
7863
9732
9520
6560
1273
1736
6160
9838
3719
8092
671
7108
9931
6242
5395
6089
5171
1011
5521
110
4537
1726
4506
3046
8928
7325
5042
9221
2698
5663
4460
1427
5510
264
3728
6493
1767
7586
4927
1977
208
9533
7742
5380
6332
5258
542
9210
7946
6928
6444
9682
9285
4713
2883
5491
6689
2573
2191
5718
4145
1273
4813
1417
3190
5179
4927
333
8738
3804
6987
5806
5083
7402
4483
7836
8187
7233
4671
1482
2499
518
7574
5266
6160
1248
5740
7859
7494
2787
3445
9753
9273
1354
5208
248
6058
2624
9967
5060
7870
1947
5306
3599
9115
1526
6883
3232
6587
8298
3724
7196
8243
7832
2180
6516
2254
8949
1001
219
1106
9283
4584
6658
6740
9928
9312
1123
2534
4460
2116
86
8335
9236
9423
8514
532
7846
8913
4548
6898
1545
5992
165
3965
6875
9914
2011
4578
1086
990
2063
7305
2096
7035
9942
5478
2789
9480
9326
3007
4531
1715
150
9160
6874
1661
1835
3594
3358
8354
1179
6834
1378
9654
7912
9797
5331
3867
6955
6705
2190
4719
401
3695
4847
7763
7863
7125
9879
6278
4141
5928
7721
6847
4154
9966
6849
2842
7565
2849
4529
4313
8939
5056
2810
4332
2249
9376
4579
4780
8663
6223
3321
3425
4487
921
6692
1763
9673
7299
1489
6701
3605
9605
8785
5725
5525
4933
7277
4728
6188
4894
1012
8395
3334
6944
5635
6845
6429
5776
2512
3536
2613
2688
1123
4566
3189
3594
2370
64
2274
6613
8503
6449
266
6922
6560
5441
282
321
1635
2109
2125
8388
1067
2156
5249
4533
6131
861
439
4123
8174
7036
1687
1800
9921
2723
6158
4166
2990
4925
6661
5119
2014
2534
9775
7516
7129
670
3934
5221
5589
4316
4947
9000
8633
3743
1664
4453
2685
1696
3692
5141
2496
2483
2466
1018
6101
9084
8726
1442
315
7711
8438
4597
9544
7359
4952
174
4945
9688
6070
327
7849
8953
5234
5308
4819
7992
4183
9202
7317
1354
4223
912
3563
2346
6475
5995
2581
6758
5058
5808
8143
4089
4344
3339
8075
2194
4570
9044
5740
2100
2020
7353
7537
9783
1359
5862
5629
8413
7194
4545
4655
1422
5156
7938
1619
4900
9284
7503
3796
1155
4085
870
2716
7312
3921
3492
5433
7522
3960
9123
3742
2934
9389
4463
3011
9532
93
1913
4922
1807
5725
9429
1264
9042
7680
4158
4011
38
1058
938
6310
7960
9235
4504
2934
3287
707
9829
8488
1971
9398
7438
9738
6689
2597
719
722
7659
2609
9418
6447
3844
3748
1892
9850
9657
3174
2457
8120
4307
1304
5503
2527
1578
5409
904
6770
7507
467
7426
7003
5289
5257
6217
8037
1402
5120
3692
6467
1288
3486
364
7455
8208
4883
6672
6531
2967
907
8950
6926
8512
1420
1380
2036
9531
4339
8412
308
8232
5301
9134
5111
7192
4932
1752
5090
5364
2321
9753
5864
8407
4169
4179
8560
2918
6381
8814
6494
9313
6642
3289
6208
9953
3201
6571
391
5328
5435
4680
6640
1529
5597
2655
3166
2148
892
7008
790
212
2926
1179
1559
9628
245
9539
8948
4955
7272
9794
2847
8185
3295
1862
3443
9929
9739
1737
2014
4574
3951
3966
2793
9866
6239
3879
2502
9090
8500
868
8597
5725
7561
9573
6258
9515
4246
3425
1359
162
8838
703
8330
5540
9671
3953
2922
7772
6877
9297
8763
6967
8403
6372
5572
7968
9583
9835
2449
5172
8017
4904
4690
7476
8520
2461
1423
1064
8497
6928
7958
9568
4797
3243
8451
4054
3133
4447
1627
3792
8813
1337
612
4129
5306
957
8260
4111
6337
3311
4853
4591
3206
2880
2434
7004
4829
6197
9089
2327
6313
1140
1373
8408
8271
600
191
2179
3062
5843
2264
5910
6957
3667
1309
607
344
9037
7055
8682
6985
6262
5317
7671
8935
6145
3033
1194
430
9346
285
3612
5010
3313
7576
7791
353
6139
7536
8031
6357
5874
5173
756
1186
2340
9656
6244
8738
3129
8358
5349
7338
7477
1125
4192
4441
5406
5146
3361
4829
9544
7525
7771
5377
6748
6634
7305
4519
6439
1772
9247
4798
2671
9287
3854
704
4432
4842
8902
6635
3364
5936
9622
4634
8209
2122
7935
3007
1915
7994
9766
511
5547
4718
1752
2266
6488
4360
2969
5333
8626
358
9557
678
4590
5602
743
2699
9514
2920
4071
5224
4146
559
7182
4235
3947
2038
8038
3533
3277
717
5261
1064
9934
2093
5960
2336
5097
7365
5315
7599
6510
3266
6742
4288
1235
5114
8836
9799
5400
981
3901
5052
6391
5992
5155
402
6746
4543
5354
9464
5959
6982
8825
9708
2407
9477
9469
6567
4116
4422
5388
2505
3728
8852
2838
8865
9138
4674
328
8840
3628
9652
5819
3067
3656
1118
5849
5908
2864
2440
4672
4196
8781
3146
3646
5711
2920
954
8332
6531
6668
1231
7352
1510
8524
5425
3834
6444
4048
3791
3144
3970
6523
2476
2453
9738
2088
6518
5188
2067
963
3477
4634
196
2164
6253
7217
6740
9061
6928
8921
9641
9269
7843
778
5340
9989
2219
1620
9285
8000
4756
9159
1065
6696
6302
8318
908
5083
7188
2806
324
7381
6474
7181
8124
6590
994
3142
9105
9492
1211
5305
4765
3971
439
3190
6253
9601
4312
6378
4097
1927
5478
586
4592
2713
7631
7932
3254
1894
6188
1302
2491
3850
539
94
8032
1297
9214
6608
281
6343
7408
4366
3985
4171
7519
4177
1775
8802
2475
6622
9124
5879
4825
9044
1325
6256
5508
1506
9883
9868
4305
6326
9708
5000
1773
6479
4085
1361
8373
3460
8383
3555
3841
6717
4732
1696
3279
8687
7108
5405
3192
1574
2144
1142
5136
7386
8258
1810
3871
1124
6959
7121
647
9354
4778
49
5890
5350
7711
3120
2682
1045
4872
6060
2372
6299
3583
2150
2570
6611
6305
3462
6451
2948
4987
9015
8193
4080
5620
8787
3302
2870
2103
3433
5732
6839
1211
3482
2800
8325
752
6244
3074
6312
1497
1254
3996
362
3968
466
3988
6018
2122
6416
1808
9070
9897
8783
2941
473
9496
6166
3980
3772
2182
2265
2666
4736
1170
8967
6154
258
5983
8592
7953
9328
2228
9428
7389
7200
4723
4967
4547
1727
1923
80
6820
9350
9709
5057
4795
617
8592
4049
2629
9290
2753
7604
9069
9418
6610
1308
3220
6672
445
2313
2090
4050
4030
268
8699
3311
7003
5977
3417
3071
8624
6187
7393
7442
4347
3489
9389
3845
3457
7846
8790
3044
539
6398
5203
8553
6368
8940
418
2546
3456
5569
5234
5457
1675
8176
763
5613
4892
7532
2666
2405
9445
2114
1325
4757
8424
4787
8039
4625
7951
4794
6017
1422
4040
2988
4718
944
2097
8109
2009
622
1900
2542
9804
4754
8687
4612
2623
8620
5179
5525
2476
2806
8886
6732
1179
8066
695
7228
3887
1392
5869
2976
4300
1500
5165
2897
7971
8356
3671
4881
5387
1047
7476
7428
1950
2824
9629
3854
6589
2898
4475
3415
5361
165
2214
395
9279
9359
8140
2879
1623
9959
9009
9278
3625
3714
3709
4033
9717
7112
3447
3309
350
5952
8540
2117
4393
9048
6635
4816
9368
6721
7392
6262
1917
7175
3995
373
8525
6127
7436
3264
2500
5081
1198
7830
5246
9732
973
9952
5849
9792
6469
6964
501
911
4840
583
884
6485
1868
5360
3316
3599
7471
6791
7462
3600
3607
1244
5322
2022
107
4147
2793
3770
1063
8333
6798
4262
6224
1475
8034
7778
5749
8379
1332
2135
7661
7885
4193
660
5171
895
7301
2063
4571
8957
318
1955
8512
5188
4552
4423
1419
6109
2139
2304
4418
7703
9582
1805
8651
4829
3750
9167
4443
3751
8559
8796
159
6700
8421
2825
2118
1828
4975
4020
9609
4364
8985
2308
9912
4675
1389
3192
8499
7073
5454
4844
7265
1464
6176
6651
3104
1922
8935
7678
7690
3658
3258
4738
5937
3190
1331
2359
4535
1650
4423
6324
348
1720
5677
1544
3460
9499
6908
2684
2052
3204
7301
6837
7353
3059
1978
4181
390
1607
1321
2320
5000
2696
8074
7068
4039
6625
1809
2706
4267
2924
2511
2658
9000
4550
8603
7155
2360
6225
2297
7783
5556
8232
9845
8124
6479
1149
6126
5279
8638
8478
34
4412
3112
2423
1169
9680
422
7393
9104
2799
4694
5815
3325
1474
9122
1945
5226
4680
104
1033
5112
4013
7238
211
6082
4360
4981
5642
2834
7582
6527
8205
5987
9012
1293
4153
6661
4465
4081
9832
1927
5666
1020
9911
3188
8712
9726
2165
9788
1436
2776
5095
9534
2610
4799
6696
1119
8395
3216
9006
4681
788
5690
5800
4787
4636
7116
9539
1033
2051
3180
6988
1896
2526
4801
5888
7880
6567
8686
2798
9798
242
172
9582
7853
2378
5762
6412
9681
7001
7236
1852
1847
2326
9573
5953
5012
8217
7370
1001
4273
8474
7724
3824
6024
6776
4281
3173
2797
4341
1608
4841
8812
2142
9192
1443
6779
1097
2452
3937
1659
6759
3076
970
5201
4505
7827
5246
891
1166
3097
6414
4033
8538
9525
6952
730
1699
40
7451
8136
2629
6336
4153
2625
2902
2399
6106
9563
9123
6936
4525
5651
1624
4438
2570
7897
5535
793
195
7532
9744
8830
824
1118
2407
473
6345
5011
7124
98
6054
4187
8651
1033
9539
5418
1067
1559
6359
1057
2540
5314
3700
3370
4257
3565
5281
6373
5694
6826
4466
1482
995
5133
6057
7050
774
5406
8278
6903
1566
6554
9418
8012
1275
1559
6441
7418
3460
7282
2750
5073
392
1975
4280
167
9846
2684
4706
3496
184
7819
865
2090
4058
9802
3718
8251
1369
9624
1075
2617
9798
2758
554
350
1769
9839
9025
8999
6002
950
978
9135
8635
3067
9135
1820
9226
9593
6787
1110
5123
8511
8963
9007
3273
8728
5267
7012
8645
2890
6549
2878
4015
5528
6940
3781
2361
4916
3406
5346
908
4501
4584
8831
6410
2768
7708
1214
3554
4742
966
3795
3185
2234
8444
1438
310
6365
9939
8137
3854
1608
5310
8970
5838
5205
290
5717
7007
7019
7381
2034
3796
3444
36
2262
9975
5132
9092
2113
977
8824
1216
8371
4952
3969
2561
2715
4562
7740
1516
6846
1000
3015
4948
6928
9334
6289
9825
2643
2543
6071
2249
345
2702
6791
6986
8679
7079
2371
6297
8216
395
7267
517
2858
9915
8071
7301
1898
9747
9000
7648
9767
1432
3898
9371
1573
7452
3073
5180
6481
5822
4028
2894
6204
7839
5746
1053
9926
2638
8583
8833
2152
742
763
5896
7533
8717
8848
6204
9886
7821
5991
612
6121
1600
390
7365
4909
420
3159
4569
7621
2046
6383
2792
2510
6890
6489
7315
4183
5793
8303
0
5156
7475
3524
7870
847
4116
2977
8058
8092
9219
2299
7915
230
277
6877
3272
2603
3089
6920
1770
1010
6388
67
9036
9540
5652
6304
3358
878
8274
4940
8152
337
4473
9458
6796
1092
1283
174
5780
551
4890
617
7163
3412
2587
5990
6871
8484
7767
5783
1892
4316
1396
2413
6748
4290
3265
5690
466
4943
6854
8516
1615
5683
5961
2425
1731
4816
6013
9482
877
1428
7349
6533
9702
3414
2679
2163
2551
3468
8827
2682
9739
4695
5794
2864
943
2476
6436
45
2613
9663
2514
8011
2152
7006
5610
6173
4586
1799
6872
2873
857
5959
2713
7267
5953
1472
2267
1816
9707
4262
913
7812
8706
9383
3667
5744
3174
5701
3666
2859
1561
8865
7464
5572
327
4405
5662
4833
1108
7725
9575
1631
2349
4899
5274
7431
6688
5159
4989
8057
6759
6631
8924
7496
9455
8544
441
5778
2807
6817
4942
6730
852
5817
1470
2643
9297
301
1465
6619
2692
1655
30
177
4332
653
8586
8917
3286
2365
9455
