959
618
6778
2660
1319
5807
41
5241
2094
5515
3077
9390
8216
1021
4824
7998
5774
8929
4940
2836
4382
7462
231
5205
3359
3086
9952
6941
8848
9614
9458
2545
4748
4613
1372
148
5883
5866
6546
2245
8936
654
1556
7637
8298
7568
9624
7479
2402
3135
8886
9568
5440
2394
6801
8750
1890
4131
7149
6181
4123
7379
5985
9060
1003
5367
1915
9911
4608
5719
3162
8597
5209
7015
476
7209
3763
3831
8676
8206
5682
3781
7143
3379
974
4674
7620
3198
2327
2722
7085
5821
4710
5021
7543
3303
4689
243
6938
5713
7835
6844
8549
237
5334
1388
8465
4653
4341
4806
2656
3141
4419
8920
5058
4670
8122
2500
900
8055
1297
6718
821
6
5125
8657
2470
3213
258
3469
8846
7767
4446
6171
343
3073
9490
9809
9049
3029
2022
1616
7104
690
5656
2074
300
8728
2233
5266
9509
5983
9348
7612
969
1239
427
1587
276
6809
6512
9305
4747
3501
6958
7161
3621
4981
7025
2904
9606
6439
5064
2826
7433
2024
6421
7745
3097
3715
8591
2353
9516
8184
8933
526
524
2498
6462
2807
6372
7057
8737
6284
6340
7302
9054
7033
1393
3565
1704
4247
1004
8036
7152
200
7837
3530
3647
1729
6572
5043
7503
7908
7339
7416
2439
8954
7059
5787
4257
7104
3386
3576
8281
9881
1374
2134
1860
3745
2865
8109
9803
5169
7153
6322
3378
3182
2418
4062
569
7004
9434
6861
7151
880
5320
4210
7630
7940
9378
9735
3111
8563
8426
4657
1291
9908
509
7427
6995
9939
2776
8233
2876
8938
1703
4917
5954
1344
6555
7
1432
8088
7814
9092
8850
2938
3062
713
4895
110
9660
6185
6086
116
6793
1666
7483
5393
6692
1534
9438
9476
1082
5670
5953
9639
3602
7904
9460
4737
9548
6233
4431
4600
1349
9837
5483
2580
3673
5043
3789
7454
7126
8678
5120
1095
1641
4686
8190
6885
1704
6830
5291
7160
2091
2998
9582
9467
8984
424
4876
9510
1161
9191
7427
9648
6523
6844
7888
1602
2134
1491
5037
4055
2596
9922
3018
3535
6576
5017
2551
5427
6157
3012
5692
227
2992
6190
950
730
7434
5776
5038
2243
2134
1431
5670
1077
5196
820
6163
5994
9375
1116
3586
1053
1865
1968
9657
130
4065
5271
5691
8831
4902
6695
4822
8568
763
6002
3325
6265
7999
605
637
7788
4136
1100
9471
234
6747
7689
5289
3646
6730
6436
9825
4325
2682
5508
8703
5522
3264
4556
7869
3806
6712
6504
286
3756
498
6950
104
4555
8873
9042
4943
4068
8145
4490
4815
4547
9997
8224
8502
6627
3386
8382
1036
6146
3371
3635
6673
9124
7185
5852
7377
1731
3015
9870
3110
7875
3864
1231
3530
4212
477
6132
2710
5665
5927
3701
2172
5733
3205
1213
1198
4733
3267
8174
2778
9704
4927
5537
5331
4107
217
4699
6172
9346
1846
731
6483
9393
7089
1295
3431
4920
1967
4678
3224
1781
9933
3697
826
995
8440
4819
837
5360
9513
5112
7788
3820
9355
6673
7240
7917
7818
5613
4785
7679
5450
6355
2345
7769
8273
9260
628
8684
8674
3949
3063
6644
8183
9890
6108
5265
7674
4183
5615
3023
2848
223
7529
7937
1475
1464
2902
4364
9146
4406
9973
3055
2967
8603
2939
3345
8684
1192
3188
1187
1099
173
3816
4164
5689
5116
5686
6435
2302
7340
7248
3183
8492
3129
3954
9899
4266
1513
1040
1837
3740
9050
2459
4709
2304
4294
3055
1499
5271
4584
876
5217
4701
4297
6815
5143
8968
1731
6045
686
2633
5495
8875
8548
8850
9225
3101
5886
4037
2953
7641
7556
2084
7389
7543
3413
4394
969
1816
3852
9860
4481
8799
6090
7726
9653
9296
5923
2758
6747
7204
2693
1615
6075
5318
8738
5557
7379
9725
5023
5479
827
2871
772
8342
7987
270
4004
2040
2696
4089
903
2281
7253
3026
1843
9824
8774
9215
1466
7817
6552
5615
9580
420
2157
212
3372
7305
9835
4695
1424
9253
3668
1196
4723
1558
4992
9811
8101
4800
9382
4280
82
169
5738
5272
4479
8711
6464
4320
9872
6452
5615
7315
8679
8267
2656
1032
4872
7154
8037
9790
2936
403
1591
3853
3747
4441
2616
1243
1548
211
5192
7975
6991
4584
2018
3205
4227
1144
7430
8119
6747
9131
5714
68
1995
6808
7129
1815
5496
900
9718
9847
3528
2949
2441
6414
9417
8849
9039
5465
5693
9432
8833
2203
995
9483
9811
5358
257
2999
5709
1735
2877
7890
102
2116
7051
6049
4171
4709
6113
6819
1904
7717
6982
8014
3597
579
8872
2516
5338
6641
5277
2609
933
2728
1554
5236
1792
8822
4415
1784
6760
7382
8939
2701
9823
1818
796
6584
651
166
838
2948
5320
5628
7877
8131
8056
6480
1350
9637
8427
1432
4623
3379
4234
3602
6879
4249
1804
738
9648
14
1356
6774
9049
2753
626
4695
6368
1617
6429
5022
8941
2777
3634
2193
9273
5079
638
5433
8805
4584
2679
8321
7735
8513
8289
4573
9696
9548
381
4325
9561
1149
7676
2924
8635
7984
7441
6913
3741
1650
2612
1921
8968
4152
8690
6631
535
255
6834
5218
3658
4081
2851
3457
346
3857
1329
6285
3687
9251
1494
6003
3612
9915
9661
7821
1972
1888
6625
7931
4166
3533
6244
4867
140
7396
3420
9587
5362
3167
8008
1215
761
6965
1905
1051
3163
8372
6747
9686
5033
7649
4251
6113
6143
6122
7218
8891
2281
100
4007
4170
3904
4774
1234
2472
6909
2049
9669
8456
3614
8810
181
883
2838
6998
7574
6644
2478
8817
6758
9580
5577
2042
5135
1666
1990
7471
2688
5131
2430
2832
6229
4561
7293
5987
178
9092
1598
3908
2879
1066
5231
342
2813
2340
5556
2330
7463
1278
8327
3466
1492
5090
4861
1731
9656
939
5923
4909
7402
945
5367
2281
5072
9813
868
5878
8087
8250
6693
1359
5343
2110
8890
8052
2115
7220
9720
8004
870
1376
6491
9300
8089
5214
3655
4638
2649
5375
7740
5081
6261
5184
696
3057
2365
5449
9510
611
1350
1248
1428
7688
5370
631
7090
5403
1532
4936
390
7000
8473
331
9677
1762
1594
2226
12
8673
4470
5346
7524
2759
1460
4254
8276
4638
5166
3025
136
1248
6834
9816
6400
8897
5010
6618
1643
413
9579
9205
8530
3386
6834
7573
9969
6217
6650
51
9520
2607
307
393
7504
234
7068
3118
5136
1554
7897
8770
3647
6494
9056
4903
2348
8448
7357
5002
1946
7758
3909
8925
8767
8462
1591
4066
6812
6573
5598
6966
4550
6284
9028
2375
8674
1287
865
5907
2240
2899
2033
6879
8990
5300
6419
4097
7774
5752
8749
7003
5282
4468
1789
389
6851
905
2890
5141
9776
8178
7498
6909
8532
9404
6093
2289
8480
3058
678
4307
2680
1204
3561
9165
7386
8404
2000
7754
8280
8750
7847
7938
2871
1729
5048
9121
7808
1789
3025
3426
9699
8011
4241
5005
9212
8691
2354
2698
3262
3310
687
7424
7019
2650
8135
3951
5830
9731
9754
8486
8143
372
9616
8722
525
8410
489
7764
4747
9840
9967
6398
4601
9148
4071
5466
595
7286
3271
9238
2702
1136
6817
1328
5598
2055
6685
4153
6294
7685
9734
3817
5495
5311
4283
192
5993
5410
8421
9012
5527
3445
2279
7676
3028
4283
5025
1816
3868
4407
368
4090
9990
9404
2096
6293
8677
1777
4961
8128
6910
5341
615
3959
1619
3508
395
8415
9150
7950
9359
932
6554
7488
4399
5649
2186
4458
1875
5850
6189
1708
9457
8649
8441
3349
5567
4660
3796
4698
4598
3351
6962
3248
2178
7476
3737
9350
2854
1059
6048
5985
9788
7335
7142
1413
9642
2192
2543
4973
3248
806
2792
7192
3934
4392
8428
912
4003
7473
4495
1000
8112
4755
6695
5713
9562
51
8379
1241
2206
1921
8644
6209
2448
547
4528
2105
8172
4253
53
3930
5773
430
1682
5823
4715
7530
4417
6513
9871
5120
4361
9022
4354
359
9984
9701
4772
6682
7310
1473
4457
157
140
9472
2030
5562
4172
9886
9049
1757
6626
7811
1101
8744
4351
4997
1596
2804
7726
9275
9272
3237
6215
1792
8018
6152
882
6272
9956
2507
3094
9043
8490
4153
5071
6146
1754
4849
5165
2042
3588
4851
9961
9708
9141
2870
4483
3055
3270
8232
4918
5635
7201
4499
7437
1171
6899
8264
3967
9222
2525
6940
3558
8433
8597
9035
7822
5965
9945
5357
1752
1216
2803
6531
4462
123
4984
4798
9041
1711
2155
1021
1790
861
3599
5552
7727
5081
2265
750
8573
8026
1107
4671
8739
3921
8141
8935
7663
7683
2895
4400
4673
5924
6153
3666
2342
4866
3931
802
1934
3419
5312
1460
5833
4140
5781
8062
6656
3176
4152
7003
5872
7985
2395
9977
7537
9845
3864
8304
3973
6744
5967
5999
6732
7834
2618
5284
7684
7429
4673
5079
7358
3462
9225
5411
7931
8933
7192
8563
4598
4642
4484
1382
4426
7502
9769
606
500
1123
2265
7050
804
3841
5453
5021
5357
2791
6602
8315
3404
7514
7055
353
2885
2516
5131
1134
9704
5948
5243
2417
9667
9981
2289
8928
4961
9734
112
3202
2320
9470
6500
2954
3408
402
5966
5552
6807
6973
4397
2366
1170
3075
8809
2564
5062
6649
9288
8216
213
9492
1827
5629
9116
7628
6739
7183
5352
1373
2405
2777
8696
7291
5485
6963
4094
7807
4118
9771
80
2210
7367
7470
5979
3124
3218
1587
167
490
4614
2869
8181
1170
1972
7132
4852
7252
7822
9750
7667
7686
8027
1958
3730
9164
8920
361
4641
7179
8552
2818
5978
9001
2860
881
3818
1346
4942
2516
1114
6073
8071
9658
9116
7769
7057
1744
9761
5191
4710
9114
7191
6455
3911
4287
6272
1687
7225
9281
5213
1835
6265
3704
8713
8950
2784
8603
4803
9521
8530
5674
2228
8380
4145
666
1598
3663
8878
782
9093
2923
8239
4990
8903
1809
9164
5399
2342
6574
4692
8383
3607
4211
7164
9379
2675
3837
7207
542
2107
9877
4146
3416
168
3029
9478
1914
224
6709
32
9689
4421
3074
6493
6391
4183
4267
9007
2033
4490
9287
1197
1061
1810
2486
1270
1317
7130
6802
8325
9473
5541
1025
7873
6740
1900
3370
3468
7213
8661
3954
4331
9799
1844
5890
6260
4631
9564
3367
5955
4211
5582
4565
9832
3290
2898
6281
4970
675
692
9353
3103
8197
8101
938
1939
8672
2338
6079
7445
2103
9362
5416
2594
635
3576
5822
1369
7477
6520
3801
1837
4415
7655
8429
9449
9391
9836
9471
8157
433
1826
6839
5335
5936
4591
5268
2221
5457
1743
7910
7927
7805
3385
4972
9290
4585
1075
7626
414
3155
6962
2263
5296
9130
1545
5201
7716
634
3666
7357
5955
6227
7371
4207
978
2918
1192
6482
5667
2075
215
2852
3044
8082
2288
2977
9270
1172
6154
8251
1368
1989
7995
611
6481
1720
1576
4774
5437
4814
7258
5543
8495
9581
4386
5765
7492
2426
7235
8217
5944
9891
45
430
8450
2474
8362
1389
8874
1937
3633
4451
2059
9663
5096
8818
7220
8733
8327
2881
3144
2304
8440
6816
1637
5235
8122
1581
1730
112
1572
1388
6305
3226
5046
4407
8164
4202
7884
6977
9836
325
9132
664
9164
3510
9966
5047
4732
5661
6459
5381
7193
4851
5982
7982
4922
57
632
6939
5614
9821
9264
3760
545
903
7047
8050
3261
6326
9880
6228
7677
3938
3950
7325
5085
2446
1377
9287
8125
3420
9672
5558
1781
6380
9442
6450
8578
5923
9136
5731
4957
3972
3801
8441
7661
2925
4641
2502
8083
4337
1556
5496
9140
6525
4269
3910
9572
6025
1651
5877
7484
1582
2610
9896
5870
9246
1975
1251
1408
660
3269
6906
2292
7753
2358
5963
8248
4016
8299
2772
3337
5247
9364
4738
5986
4906
827
1479
6515
8221
6954
7703
7629
6790
3421
8751
6041
1549
3234
4867
1384
5666
8317
7555
3781
8817
2104
8809
6359
1363
6776
5777
1443
5812
250
5557
4190
1981
9532
1828
1967
3966
4153
9407
5283
9818
3388
5504
2491
7198
1718
311
4415
9695
154
7298
2982
3359
2133
7767
5805
1100
9883
6946
4997
1717
1260
6470
6794
1162
8774
1554
8973
1231
7028
4033
4563
5100
1684
1421
6358
2436
2615
2674
7577
8512
8881
4715
8553
8776
3872
731
2863
749
3513
8857
1123
4262
2141
6137
8506
8645
8603
6371
6447
1412
6224
451
6944
7026
4489
1836
9263
8900
505
3209
6873
5177
1461
4130
4356
8111
6157
8727
2609
6764
5478
348
9888
5994
5362
1921
2083
753
7568
7645
2171
658
1248
6087
5647
7758
6527
1680
4299
6657
4032
2352
6884
4431
8460
9979
5257
6489
2320
3584
582
8971
6437
3054
9554
6677
9949
2899
5625
2644
5881
4579
8884
2204
936
4097
2867
181
2377
9501
1804
8239
1665
5402
2925
4068
2488
587
3566
6632
3006
3641
9026
111
6107
2883
3996
5499
2868
3603
4367
1392
2714
2265
3549
8839
1244
2198
1425
7659
3852
9079
7544
5619
8607
7964
1577
6764
4526
5876
2934
6371
4522
2039
9530
4988
1853
6352
9666
786
3275
6676
681
5723
5110
931
1612
838
8801
9450
5484
5268
1740
3171
6737
7105
4799
8634
3723
8893
7234
4492
7476
7115
4809
6702
4578
4710
3501
9015
7560
2427
1476
2747
4796
4711
1283
917
2531
8621
4618
369
4057
2564
6317
2147
237
6235
5827
9559
9480
8842
8968
8502
8366
7847
3997
9249
93
8785
6895
8766
7427
2636
2789
4620
2092
8665
8915
7092
2200
2641
1675
6862
2507
9455
3043
9229
3982
4375
6817
728
7652
5159
7491
3862
3751
8312
6236
1957
7968
3120
8137
6759
7797
1304
5025
6794
6524
3317
6090
883
5694
8934
777
1958
2375
2792
1745
5204
5194
6121
7341
9297
6001
5015
8040
9408
2626
1380
8809
942
270
6825
2093
7672
5555
5092
7229
7674
3201
3743
1950
678
5017
142
4054
7964
144
6069
4508
684
3476
6644
249
9941
4294
8848
6491
4313
5557
3662
9817
7391
9915
4095
2544
4884
8753
4771
6763
5088
6398
5931
9713
3617
1900
2079
1209
9814
4203
8888
2456
2313
671
5372
2475
5785
853
1796
5120
5827
4883
6235
1390
1373
6669
6533
1062
4992
595
6297
225
9087
6600
9021
6856
9400
877
3181
3395
261
8172
487
3257
2047
6449
5382
7862
6577
2834
248
2523
4676
832
3630
4047
2748
7717
5280
3874
9134
5853
4731
2706
1836
2978
5321
1303
1711
2943
8427
3498
1088
9590
4788
915
9443
8045
4533
6558
272
4610
5312
6127
7087
9824
4684
9405
2895
5466
8981
298
6228
7508
3644
2771
2763
2193
2626
5586
4490
6790
8989
4049
4393
8621
2340
4649
9719
2214
6781
6440
4571
1497
4097
3457
2584
7863
3544
2285
7195
5310
7782
3616
5844
9466
9137
2135
4575
3576
4446
5261
3118
1446
935
9772
837
7655
956
880
9425
5810
9011
2855
8214
3610
9677
6805
9363
9641
5238
7396
9140
629
9784
6233
3940
6804
413
2818
2653
9692
7935
5291
3966
9315
9535
7647
4199
8085
526
652
5988
4916
5210
5935
8580
474
7112
3135
21
3673
7755
9990
8029
9652
1503
6457
2695
4791
9429
888
2601
8688
7035
7985
8990
5089
9910
783
3012
2589
8431
3936
4996
4496
7111
9877
3642
2924
3560
7266
272
5981
1386
3941
59
6702
6319
1315
3201
5429
5212
6734
1174
7561
9668
9715
7746
596
9778
2511
4864
8227
3586
7362
3941
6602
5821
8716
8331
2244
6320
419
1674
8729
3768
9079
5698
9912
7884
3708
3207
1843
9142
9223
1721
3562
5551
8372
4318
2688
2054
7940
5887
1386
4733
8004
1932
8966
8977
9736
3500
6600
9444
150
6390
9295
6648
9711
6933
1558
4089
7481
9595
310
9496
855
1237
8280
4544
5962
4631
3545
6839
6672
1156
3559
5603
5195
8699
1336
9830
541
9297
1865
167
7407
6904
5252
3758
1457
6089
2027
8012
3995
3907
1760
1413
3282
5455
4455
5483
7335
6655
4835
1512
5561
275
8013
2439
7451
7560
8676
9152
9168
2894
1646
5662
6050
2372
9772
7839
7394
1938
1947
3880
3113
8258
7415
6129
9229
8379
5466
6500
1360
6540
7938
7374
994
5634
6481
5695
8231
8742
2798
6244
692
8870
9928
3262
3010
7086
1051
2286
4388
6435
6059
4480
5669
5116
2125
225
187
8909
6614
8655
1881
7633
858
3579
5680
1379
7558
8669
7892
1129
2746
1941
5933
3950
2798
185
2676
2058
5813
6544
6046
5921
783
5481
1989
6533
3480
7785
6049
4616
3662
927
8405
5426
9184
326
374
475
1473
8439
8935
5317
7388
727
5711
6153
1970
5668
9340
1293
9662
6936
3953
367
8938
9432
1211
5473
3338
4331
1329
3553
5878
4874
3753
1747
6694
5681
232
5181
3046
7375
1905
1439
5688
3903
9903
189
88
5427
2926
8602
5035
5962
2835
1554
7217
8431
4763
5652
9593
7326
9809
3211
9987
4418
8858
280
5297
720
1386
206
2775
8842
9321
4649
3778
1857
9472
2667
549
2170
5357
4517
5998
555
2247
9294
2695
8243
8763
9011
3064
3027
2932
6571
4025
6125
1689
1462
5557
6551
9569
3874
6939
652
114
2681
9710
1040
8582
7210
28
6557
5870
1858
780
7854
8401
6583
2096
6616
9741
5217
8394
5328
271
6245
6699
6365
6045
8575
2087
9643
4368
7244
4996
4585
2095
114
9601
3696
630
316
8242
2448
3190
4229
1018
6424
3605
1040
7266
3986
6470
6098
3477
5545
3876
4765
7598
9095
4584
1465
345
8096
8235
8673
7894
7317
4133
9304
6861
1349
8131
1590
7707
6246
4886
7634
5082
4860
296
6094
7166
7316
6186
1290
5836
8640
5385
3910
7365
8639
5248
7799
5600
9864
7478
7269
9910
1875
4456
4383
1879
9284
865
3915
6138
7701
9957
2318
1905
3263
5389
340
3259
1044
5837
5981
5651
5004
5378
1124
2373
9433
2871
5597
4241
4633
2598
7067
5032
3337
5019
971
7619
5601
1652
3392
9796
3983
1285
5964
2404
4675
1113
6647
5995
6565
9618
815
3854
7838
897
3901
1250
1721
7825
9664
3598
2231
6958
3880
9711
9513
5651
8960
2838
7742
1329
8281
4060
9818
6859
1584
453
1279
6974
6603
5634
9642
5183
5781
7808
2332
3340
563
4015
4211
6212
9282
3181
8341
3858
9215
9216
3177
6149
2899
6754
1714
9339
9593
8470
8056
9803
6766
8890
7844
1042
3075
6757
5544
5190
2482
6655
3146
3686
8891
368
4443
8018
9817
1712
7575
7479
1334
1166
219
8962
9911
2156
526
1894
693
4536
1710
5529
3146
5877
2649
7769
4341
7351
9396
4827
9577
4238
8394
6212
2904
5178
5301
4000
1927
8285
6674
5744
1615
8206
1108
3489
3456
2793
56
9399
5713
1651
2096
8521
5352
764
4703
533
9026
2285
5072
8324
6608
1569
9123
488
9503
288
7348
4306
2930
2150
9529
4353
6302
2451
6521
133
978
955
3060
3073
7105
4846
7362
5294
1117
8673
5740
8972
6401
1355
257
4131
42
2540
678
5512
4900
8119
7310
284
6589
1905
577
7454
728
8946
732
2193
5505
2056
4245
8264
7416
3338
7128
9821
6267
7162
6755
1025
4644
3732
8283
1805
2300
803
1465
1176
9146
4419
613
4385
589
737
13
2876
2561
6430
5666
3066
3969
4930
4575
608
4666
5518
3046
2298
9128
3498
3769
6120
816
5916
6946
6742
4760
8138
9952
5514
2342
8087
8190
2439
7844
9177
9138
478
9421
4412
815
2212
8535
6303
7319
3342
3021
8379
9936
7672
5207
3060
9089
5782
7992
3385
586
5538
1044
6821
9054
3892
5164
9336
9230
9296
2791
6623
5762
8712
7279
2015
9222
898
2758
1106
3456
4757
3283
1496
1082
3053
5884
9310
7200
5374
1265
9388
8071
1221
1571
7816
1479
185
1199
9513
6295
8864
4219
5894
7860
7007
7820
8668
1229
7658
3585
5886
9774
457
4224
3687
455
9339
2795
4875
9929
2452
2799
3803
5116
2626
8393
2279
9744
5566
9956
2782
3694
8333
3075
8322
3753
7302
8343
5622
5223
7166
9950
5497
8902
3055
8202
4220
6397
2679
9865
8671
1520
2476
2101
4666
3327
2702
5770
5111
3500
1861
4255
1357
2807
2185
2355
8230
2311
7633
5222
7426
6967
5187
4497
8277
9451
5722
434
9420
2094
4613
5624
4269
4874
9371
3464
3276
7218
2845
4794
1818
8831
6164
7603
2583
2421
5946
1839
6184
6850
4180
8954
1652
2291
6940
4604
8984
6210
6830
7039
2859
4943
4872
7646
5115
3226
5332
3340
3878
6203
7106
7277
261
270
8254
3125
5939
9678
2418
3147
6091
109
5236
3722
5743
3069
4239
1956
9397
446
1151
371
3788
2708
1110
5502
5580
5572
2652
1924
8667
8076
3251
7336
9228
3020
1032
5993
1874
9669
3061
6940
6611
1052
8100
1240
1175
4554
4286
6126
7616
3907
6738
8659
9971
7489
7377
2188
7924
4013
9381
2101
6560
3946
4626
1422
132
6014
2949
6722
1515
237
3753
437
6420
2740
6264
2761
9458
4238
9950
1981
8556
6582
4714
5523
3349
8506
734
7724
5095
3897
7013
3539
9048
73
9828
514
6479
7063
2377
5141
5376
8956
2032
7897
2
4728
7637
5376
8833
3005
9811
4757
3135
4507
3803
3910
5510
8915
6480
275
1321
8587
5647
9425
1576
4797
1293
3466
3634
5196
5992
6981
9413
7188
495
6142
2961
1132
9277
2818
7546
2411
8865
1786
6076
4036
7769
2625
3289
9680
3277
3091
3006
679
2936
9428
2132
6842
3568
4394
8242
3199
8023
5736
5503
4570
2618
1959
3141
3221
6135
563
5105
6828
1707
3648
3223
759
9481
2680
3363
7477
4311
9922
7418
8785
6050
4351
9823
2484
3218
276
8881
9239
4457
2671
9249
450
5668
8201
4098
8486
8868
1783
4441
900
22
7388
8292
2984
3294
6238
8599
9653
931
4355
7217
9822
131
1480
669
5855
2055
6253
852
8678
9186
2929
2224
8576
5107
6486
732
4372
5674
3137
5031
7398
9718
1984
6551
6346
5820
4568
7178
9574
8805
458
887
514
7871
4449
7971
2574
115
4778
432
1328
7558
8832
4240
5096
5129
1988
791
7538
2379
2230
5022
9320
2495
6706
3348
6513
1496
5753
2527
4426
8304
1819
5360
7104
1112
1918
8005
295
202
6926
2311
665
234
8465
5588
622
6235
6837
4199
2245
1006
1257
547
4269
7061
5365
4031
7602
7349
2358
2379
3543
6474
7290
9136
1580
9940
8068
4886
6092
6767
1341
159
7654
4449
1464
6480
7494
7053
5487
3536
3456
3892
7855
3353
4024
1947
6285
2492
5984
7159
9795
9585
6351
6053
6203
1244
2458
6486
2839
8058
5362
4472
8859
363
5595
48
8184
7402
292
5074
581
5991
8119
2643
7548
5493
2750
6214
9806
1919
4272
8467
1812
2870
9895
6902
6515
6102
6671
6227
5755
710
8510
135
2060
9838
4986
4809
8790
8547
3179
5168
4427
6590
3871
878
7043
1387
8499
9050
2572
6876
821
3435
7756
9469
7059
1776
9717
6931
1423
6701
5843
9054
8194
1792
8741
6078
1305
9010
6789
4641
3329
7129
7206
7370
1451
6265
6425
3422
9835
6314
8412
423
227
8101
7776
5819
3287
9097
3269
599
8909
2906
7972
3349
9779
9129
8424
9373
5500
5758
1418
8840
7528
66
7384
5935
8063
953
9362
3042
5626
572
464
9733
5695
9125
6963
1892
4951
1827
2503
7367
8429
4574
2449
9920
7877
1140
4683
1057
6454
1378
1769
6603
2166
2990
9559
9138
9984
3985
5985
5372
6436
6178
5438
1336
636
4333
6746
4651
2695
9699
6399
9237
7588
123
4687
5730
5148
6118
7665
2973
763
4272
9893
7711
5453
3315
7334
7093
9762
6709
4603
5679
3549
7857
9113
3109
2143
6179
5097
1380
9002
381
9185
9686
2773
9799
7314
1248
843
5091
7966
6485
3536
7614
7284
2839
3026
8723
2681
2189
6183
1930
676
7617
537
813
8437
8464
1803
5466
9395
4836
5334
3861
402
4703
8724
5477
8574
3165
3368
4063
8950
9196
1096
4032
3159
40
8489
4243
7636
7615
7206
3346
4623
2355
8812
1497
4999
3758
276
2455
4590
287
4429
4014
789
610
2790
6953
6006
7166
1766
4173
8398
7560
2824
4120
4373
5781
6518
9991
7067
3581
928
9683
8657
5851
6665
6267
2257
6145
1919
1885
9419
4120
2181
4333
158
1445
2862
3016
5471
3383
9336
3491
4264
6252
435
7900
2400
7779
5373
9522
9059
4013
5067
9921
686
6061
4054
1637
4153
5342
5871
912
3345
2708
1024
5302
2161
3930
1
3589
9100
8123
7124
6595
3290
4380
861
95
3965
502
4673
2505
2030
1745
5418
9694
9945
7468
1813
4316
3954
5146
9081
2596
2482
5542
1011
7821
2802
5783
3794
7604
6706
4766
9532
2273
1015
6572
4811
5654
7679
3409
9064
7185
290
6079
9986
6912
1591
5565
6619
5412
7055
3319
6608
7021
834
6611
7938
4629
309
6078
6054
7354
3541
9989
1573
3475
8291
6432
8928
7203
6203
4568
7013
9739
1730
6137
1286
8538
1947
7571
6732
4544
5911
6651
2104
1616
8647
3134
3745
9540
7935
9765
4543
3978
440
8211
1075
6315
9202
7580
5393
7340
9957
4304
8331
5326
9490
8341
6075
3889
139
1475
780
7189
3499
7208
8278
9792
4291
4044
3844
6556
8114
846
7748
5912
3152
9613
3338
4990
5480
9764
657
149
7984
7869
6703
4253
4822
630
8788
1799
3080
9424
2735
6391
7040
2692
8477
6338
7739
1360
1311
449
8612
9455
6967
9288
9457
4487
1694
7504
4089
6204
6085
5664
7793
5314
2006
7947
1218
6207
5926
5250
377
8495
1817
8778
7547
7297
4610
9112
2162
5087
2598
7097
9080
5019
8508
8591
5471
9396
4163
6485
1434
9656
2319
4515
4108
8755
7506
9117
7851
2278
6035
8918
4592
7699
2110
7522
2318
1957
648
6680
2653
8988
6461
9991
8786
3318
4151
4800
7981
9673
9661
1632
606
3356
6502
3745
244
6710
5096
887
8868
5598
1586
5125
354
4129
5474
7842
1519
8738
6243
8598
2944
5420
2519
3678
2870
8563
7117
5423
9487
9129
8415
2791
793
1500
4027
7279
2046
1228
8108
6476
1184
2891
3604
837
8835
6285
5800
7695
9457
1102
392
3396
6542
3875
4922
6083
7065
5976
4545
9440
3051
4345
175
5468
5135
9324
5044
4863
3502
2235
8514
7730
9765
912
7391
8585
5782
8298
8454
7229
7240
5484
6970
5704
4108
6563
9288
7881
7293
9256
1832
2376
7011
7932
271
6164
7092
4352
9141
8359
5863
7367
894
6203
1527
8675
6407
5733
8320
7820
9294
9904
1081
3327
4094
3637
7949
1491
5574
6038
1384
5719
5237
9674
4107
6375
2533
2850
4445
77
5585
2042
7502
9827
3363
9324
9432
135
1823
6606
964
1976
6054
9675
6438
6205
759
9103
2759
5269
4344
8172
2957
5641
4589
3162
6825
6029
7347
6076
2620
8101
4588
8365
9158
6340
1751
5464
4269
7280
1067
3079
3927
4274
8480
8772
2405
569
4474
6491
2524
1534
2482
144
5536
9137
1555
2989
9839
1811
1982
6292
5655
3533
3179
1379
741
9598
9789
7861
4859
34
8512
9924
4285
3229
6241
9901
6521
4647
9002
6972
7328
9233
3256
9878
3429
9013
8827
9942
577
5804
4298
1679
8369
4378
1153
8320
4461
7843
7960
3669
1349
2913
3265
3898
7673
8301
4653
9866
4294
8491
3099
374
920
2738
2302
8994
1073
5864
9466
6889
8644
7741
8715
9488
7934
2286
2578
744
7762
7322
4845
2813
4239
6737
8162
9468
3665
5783
3704
9377
2800
1832
2066
9838
8168
4662
8648
6087
5366
1726
9043
8714
5116
5401
3685
6125
6658
9198
4675
176
7049
5509
641
6561
8253
4262
2344
3822
1798
3759
310
8981
8171
8612
6642
4983
452
5905
6378
4299
2954
6923
8763
7854
2717
8645
6956
8856
8753
751
4008
2235
2150
1544
470
2245
4771
6404
2198
2980
3871
5128
4810
121
6091
3778
7423
6101
1071
1110
3095
6752
5904
7347
8677
9144
202
7013
7748
8150
1024
2867
51
6477
8877
4056
5409
2172
8166
8735
7777
2595
3358
775
4218
4210
4549
1478
5806
4972
3054
3242
5381
6282
5980
6699
8229
8508
2216
9196
368
2459
2945
5120
7962
8106
6785
9705
6822
571
7864
1275
4748
2686
3800
5263
777
6819
5820
6340
4915
4001
1573
8976
6582
463
4610
7269
5136
5423
4427
4190
4742
1867
5258
6328
8721
7287
1511
8174
3945
262
4447
4908
5596
9769
2432
789
1738
8002
4355
2496
9760
8327
7815
3213
6880
4433
5910
3110
7001
4756
7526
7968
2024
8777
8894
4225
7403
455
4066
8011
7485
8993
1470
2982
4468
1032
1963
3788
7155
5153
6737
9342
6571
6258
7465
756
6757
9029
940
9858
7621
9679
3934
6422
9836
8282
4177
1949
8140
5327
9176
4197
9176
4687
4841
4941
3032
8736
3005
5209
7126
8229
1047
8690
1352
4566
9822
8058
1802
367
7721
1405
6967
1124
3366
6531
2580
3810
9415
6722
4377
1809
1642
7632
8285
3190
3460
9606
6461
180
1945
7904
1528
4802
202
3248
6538
5624
6811
9427
2675
8371
2480
7947
8563
5608
1924
5564
8677
7861
7189
5346
2981
6483
8927
3519
1375
9256
5651
5203
2182
6137
1236
516
6621
9356
111
6365
1605
7643
2756
466
1940
1348
6661
2513
7838
6078
169
1332
2883
9911
8014
3779
4853
4744
1753
3559
5252
170
3083
2569
5111
7681
9714
8489
2121
534
2728
3227
4478
1347
4044
8811
6881
6680
7868
8993
9627
1002
8252
8592
9170
4811
9125
7992
3596
5829
8221
2443
5166
4495
3310
5101
4709
5826
870
5092
8928
9926
3947
8735
4056
565
4969
6563
1070
5793
3865
5008
5839
129
959
6499
9510
3766
6048
4437
6350
4300
6894
7216
7026
1437
8866
5521
2292
2383
1845
633
3670
2446
1787
9533
3672
1140
3452
6494
8270
9844
7808
9795
4029
374
1703
3154
2403
8636
7394
9917
2688
9139
1505
8361
8388
9110
4026
3994
6390
2813
6035
1563
1071
4610
1308
3657
9185
1876
252
9823
5095
4148
1942
1644
5194
4733
3607
2960
8252
5169
815
7414
8245
4830
1930
795
3704
3423
8250
3053
9314
2879
5475
1422
6910
7112
8882
6104
839
3929
4395
8714
5051
6967
5230
3889
8009
2138
7764
7554
4359
5784
8284
4147
194
9791
5021
3193
9042
3980
5287
92
2697
4585
6714
1799
4217
9874
5890
8492
4223
2104
9390
9524
2288
1631
3228
436
7694
2226
8594
5771
6886
1414
5483
56
7450
2476
5229
9800
6598
2480
3667
7757
3313
8751
6588
4058
866
469
9070
1818
524
1892
8376
3345
376
9377
8116
9035
4974
3880
9077
5424
2319
4783
8642
1225
7185
216
5214
3276
9624
9905
980
8242
6110
4981
4188
2970
6895
3253
300
9655
3059
9361
2750
132
2552
928
26
6664
2364
2080
384
5061
2372
9783
8996
5610
9724
3848
710
3800
7964
4433
8588
1713
4674
32
1791
1116
3218
5382
319
917
1335
4084
676
130
8884
7026
4194
6433
5148
9599
1384
3884
4746
7010
357
6415
8926
7918
2663
2736
485
6261
8369
9708
3524
51
5624
6131
6288
2731
4587
2954
572
6672
6365
4286
3952
6761
7393
2952
1443
5239
4304
2476
853
2691
3241
5883
4476
4784
6342
3497
1641
7744
6246
9833
645
9331
2893
6836
9821
9994
2148
9736
5799
3001
1006
8317
7808
1210
7481
9091
1540
3150
9453
5447
5865
7295
2100
6868
1545
6994
5014
4263
458
5032
1392
6379
8091
9283
8640
3154
7741
4197
3919
3077
715
6691
9051
4002
8392
3113
2368
8629
9988
5032
1507
3010
5738
4826
7483
6574
5065
2742
8828
3309
7309
4895
9393
469
5530
2167
6981
2210
2436
8880
3166
5299
2893
8275
1559
482
6284
7258
1961
3809
1414
8135
3909
9888
8316
984
1040
6187
8673
4082
1788
3487
278
8586
5806
2365
3860
6803
4065
9031
8822
3457
7991
4936
912
9916
5847
1840
911
3264
1416
1629
975
8737
4024
9621
4115
2828
5593
928
7316
9145
8521
258
4841
9133
3548
8822
6128
923
9992
1798
8182
522
4237
7527
4313
5874
2191
8337
3687
16
8193
3132
9490
5994
9920
3382
7667
8252
873
5169
887
4416
88
3338
442
9179
7966
1795
7679
6324
8686
8739
650
1057
9588
3091
9130
1226
6834
7577
8006
8846
537
7793
6723
324
9792
1479
3007
9658
8660
3250
701
4537
9580
7434
2141
9562
344
7482
4567
5249
8614
641
2740
7575
3376
1410
6122
8215
2053
5675
3474
4718
8818
6450
8535
6773
1261
7611
8781
2042
9134
8199
523
4186
7579
9303
2806
3964
846
8590
2012
519
7941
5012
6490
2467
4053
1271
4698
7213
4284
6603
3341
3460
4530
6482
8529
3840
8587
4871
9375
690
8508
2500
8676
9110
1175
9300
7673
5126
836
3427
9345
2296
7566
1137
1630
4280
6968
9285
4961
2480
8490
5054
1580
6995
7804
3781
8981
4457
829
2606
2970
4212
4224
3118
1996
4770
6372
6550
4858
2667
8287
5261
7722
9546
9670
3388
8549
2841
8732
8210
848
9957
3300
3016
6947
2736
7044
8863
7208
677
4280
7861
2786
2614
4016
2215
8984
1441
1352
1440
7420
577
674
3216
6204
6241
4145
5304
7940
9499
8372
241
7869
671
3198
9868
6550
159
4254
8692
4862
6855
4768
384
779
1642
895
4836
9387
2327
9589
7015
8548
2666
2848
4384
5066
495
7699
41
8397
3618
6022
3462
9115
9826
5259
2543
6409
4244
6255
4536
2666
2083
9896
6673
3593
404
2817
5930
6633
5432
5471
5935
5591
4171
9695
8161
2888
6698
4623
1716
9077
5953
8261
3269
9503
6098
8352
8260
704
1506
4297
9311
3488
2749
8325
4079
8256
4202
8282
7979
6695
1145
6251
106
2743
1192
4578
7463
1947
6789
6457
5821
4639
6398
182
3297
5596
1076
6752
9215
2479
8430
1330
7997
1796
6362
8987
9340
3780
1694
1198
1628
1560
4525
9197
6575
6105
3573
7166
8518
4550
6420
5207
5943
2673
4139
3163
1328
4599
795
1889
7958
6681
6012
7661
4022
7803
9965
7341
2588
9673
9045
3442
1378
6433
2360
5081
6208
6577
9397
4341
9170
382
2156
6395
3207
5166
2189
3962
1989
7987
6475
2020
5658
5604
9536
3454
6958
8937
3338
5216
388
2370
163
4921
4399
9781
2222
514
5937
7827
6317
6845
1423
9382
9776
4730
5664
5161
7032
1269
3492
9716
8297
9104
4722
306
814
7737
649
1409
9750
8631
584
6565
3100
6742
8889
9817
9940
9325
5559
2915
2865
760
7905
9283
2804
4071
407
3000
1695
7234
3057
4607
7432
71
3343
1609
3769
9650
8059
6407
8660
968
4427
6340
8899
1887
1890
4640
1773
2781
9846
9765
2949
1212
8796
7736
5789
1079
6575
5853
2184
100
7184
6711
172
2462
9000
7195
3430
9037
3032
3679
2200
1412
4033
7685
3773
3575
6656
2590
6766
5207
2641
701
205
8076
7396
5449
2269
3038
1901
2254
37
9103
1557
7856
3146
8120
4703
3693
153
7391
7829
558
9270
6050
9008
4202
206
195
5958
728
8521
7631
7085
6238
2956
7548
7918
9451
3035
303
8389
45
5547
3192
389
3471
6036
4075
5256
9331
8070
6379
2980
1208
7875
5988
2041
808
5034
629
1159
6225
8788
3049
4173
238
3495
8561
28
1825
1768
3871
3418
9327
1565
7409
7154
4936
7152
7704
5208
5345
8768
3893
218
4960
6834
2719
3682
499
9029
1683
889
2366
1410
8904
8390
6607
674
3981
8451
4927
9097
9330
6208
9512
7153
9584
4769
6509
146
4630
8690
9723
2028
513
1372
154
5863
7815
1487
8159
7234
3071
4655
3682
104
3889
8027
8310
6000
5846
1080
3962
4163
1467
5244
1628
5465
7256
9046
3253
7356
7239
7307
1460
4366
6195
332
7323
8551
671
4691
4864
806
6399
7820
1233
808
1959
9873
4152
1159
911
4845
2390
5402
8783
1058
5551
7706
2333
9701
1761
9588
4992
4503
9042
4762
2783
4639
2214
4645
3419
3395
1802
1365
5350
6934
9728
1768
671
3051
1639
1737
1868
6583
9157
2496
546
6325
5188
6040
6803
51
135
7101
900
3385
2136
3604
1338
1898
47
5237
6593
5843
2928
2259
4329
9248
4786
9948
2141
1006
3032
1563
8065
4235
8894
4843
1991
4025
8593
2438
6174
2626
2523
6220
6008
6438
2105
4223
7991
7695
8795
5499
2771
5749
888
9763
202
3406
284
8694
8452
6157
175
7713
7426
8571
4738
1182
9235
3859
3320
1082
8563
5111
1007
4324
7472
8817
2907
7776
5561
1060
8029
2076
166
6784
5317
4714
7087
2563
5713
5516
2266
2701
752
3422
4099
5261
3191
2093
6922
6727
367
4934
7860
3143
7610
7753
3695
9758
2688
5995
5463
3179
6106
2491
5133
1686
6170
428
9514
8677
9157
161
7408
3969
1438
8024
9193
163
9025
3661
8287
3816
6056
2095
1607
6260
4573
799
2938
6755
365
3764
9010
7434
6437
4876
845
3947
4028
7533
6065
3687
2173
8218
1965
1582
6127
321
3591
3203
8434
353
1607
9163
3448
7400
9295
4243
174
1386
2757
1489
5478
3215
1855
5267
7507
4995
5018
4132
5423
1313
8679
4701
6508
5017
2163
9032
2933
1566
4801
1695
7793
6365
1894
2355
1572
2727
1856
1193
929
9471
6564
9359
8687
9407
3106
4316
6695
885
152
3349
4200
5147
5008
7835
6375
596
7942
9890
1686
5650
3995
6973
1455
9829
9663
7413
6190
2670
7806
3640
3096
7665
7242
8046
828
1177
7696
6151
9477
7621
2698
5825
6137
9168
224
7941
929
9423
2028
7744
8308
4307
8025
4928
706
9950
8727
3572
9211
8930
3406
2758
4106
8229
8011
3461
9905
9921
3436
618
1618
2280
9460
8764
4071
1364
6332
5919
9342
5772
8791
8871
9813
3987
8927
4315
3646
779
6593
5077
7743
2647
2994
6006
5160
9581
6701
2709
3122
5434
7546
6264
3089
9152
6444
4827
5461
7547
1879
2989
8915
2929
5803
283
7947
8823
4754
6404
9605
7792
5522
6395
3677
6512
6176
8411
120
9999
7138
3621
4018
8746
9886
8308
1334
4211
9524
4594
8569
9176
2820
2547
3075
8033
1534
6863
5211
1491
597
4142
1118
9346
1726
5627
3867
3891
1531
3291
30
6367
5966
3191
999
5523
5532
6228
4502
644
1216
6372
8374
5585
5545
5206
1475
8993
7490
9416
6009
4746
939
1724
8522
7283
7113
1449
9884
6770
8935
2472
4989
7407
6455
7855
6499
2138
409
8059
6597
4712
86
4918
8399
7704
3881
600
2678
8803
155
9913
4633
1810
9498
2740
2943
5130
6342
3784
6483
9778
6648
9736
6953
7253
4079
3762
2956
4883
6391
7021
4613
6194
3672
1147
394
5121
5433
4270
7184
1933
5615
1303
1087
2829
390
6137
1089
1912
1018
8828
3430
4919
9714
9166
3655
1044
4634
6980
5764
2785
2044
7566
3820
1862
7578
3592
1801
2066
8251
6588
5750
9058
6672
6277
222
3840
6785
4287
9363
7907
2840
2394
9543
6964
2186
4013
5210
609
5885
56
3040
874
5659
1041
2318
4616
9026
8016
4737
4013
7909
6886
6156
6567
4418
4376
5884
1807
6304
4282
3321
8030
2005
9494
3755
4846
8898
1291
9014
5950
8092
5810
3316
3392
8392
8076
5630
3628
2914
7016
4519
9448
185
6929
9044
1711
6890
2515
9307
2157
5784
6046
1032
4317
8341
227
1222
8425
7424
2411
288
6817
3611
4775
980
1112
7943
5042
1392
6631
6942
3187
8749
1428
8749
2159
5732
6990
6764
1019
1585
3343
5484
8959
963
6052
3916
2165
6316
2073
2279
7793
6188
9949
7133
1627
1284
4005
572
9127
2313
9565
8300
7814
3384
1608
3044
7013
9680
312
604
6035
5920
8361
4432
3537
2702
8168
5677
9730
9857
3634
9307
6449
2860
3831
5815
6209
9704
2605
1644
1135
1932
4720
1166
2996
2876
7575
7522
7880
9931
9794
8093
32
2061
6127
744
808
5038
7164
6045
6539
3097
9383
3264
3311
662
1826
6653
9902
7092
1074
2874
2302
9598
1654
2264
9426
2700
3716
2844
2010
8217
4207
2820
7734
4173
6981
3080
2968
4166
837
2463
9350
7960
4237
987
9647
4078
3634
3490
7525
1883
5321
4458
5192
3650
4834
8991
6660
3390
8932
9364
1377
2495
1027
5749
2024
5474
3582
4244
2677
75
4581
7736
2007
9313
9848
5054
8517
5335
3371
5051
3643
8227
7414
3775
4145
2876
8648
5591
6205
1413
3275
8128
1407
6160
9058
8483
3530
9841
2287
6049
8227
8592
2450
5676
3121
1738
652
335
4261
4485
3266
2603
7107
7390
9500
1808
622
7249
1725
3668
881
6020
3453
9427
1274
5329
7713
4627
49
1246
7084
786
998
6074
7487
9294
4457
3862
6045
81
7843
5885
6682
5815
5538
6977
4977
8830
9041
2212
2387
873
6997
4017
8893
2641
4340
1797
9235
8232
7889
7324
2377
1259
4194
1644
9521
9843
3043
1528
2270
4904
819
5730
3111
2963
7915
8017
8343
4174
3055
6842
8833
5691
5373
4958
1264
3646
163
9728
6509
1159
1293
9841
7258
5664
5627
6666
4123
3807
4113
6085
2196
7656
4345
3289
8845
4611
8179
6080
6643
2565
7596
1094
5848
1214
5308
5088
90
670
7721
6823
4753
8596
6362
3056
7810
3605
9206
3401
6193
741
8602
2193
8579
1318
2089
1301
5153
3530
461
7699
6200
870
1484
4092
8142
2437
4695
7371
1695
3253
892
8525
7045
8899
1419
5212
2662
4382
7637
6556
1191
1770
5104
5344
7919
2532
1959
7370
2950
2685
8030
1630
8924
7781
3108
8801
3862
3365
9297
9187
7074
6952
6223
4822
8188
6871
1748
8874
7514
5472
1133
247
9106
818
39
8086
3083
8408
7143
1821
4976
4863
3994
5413
6737
2966
182
3273
1892
8577
5599
9772
8505
8314
7413
8199
651
4325
4427
863
2914
5037
6387
2447
8773
9200
9588
4071
8540
2484
4077
7489
4
5781
3828
3259
2876
1981
1767
5446
5820
4606
9988
4506
4134
1135
6692
7956
8852
8544
5761
2669
1009
9227
9785
6728
6820
1065
5227
6215
7062
3022
798
9498
9957
5315
480
3574
241
2414
7068
5470
8851
7536
693
9761
7790
7579
2895
1904
4573
2493
7885
3305
1900
2557
5492
7716
3315
5025
7391
9162
8909
9642
4796
1565
1767
5725
8723
9817
5923
1198
5543
6165
4572
5947
5925
9189
292
3154
3610
911
3418
3056
4305
6279
8023
2263
5753
2090
7447
155
9220
3028
8965
3098
9500
6062
3086
9894
1137
5463
5368
1392
2046
1822
5020
6434
3961
569
3278
5736
8744
4341
5229
1836
961
8059
3670
2910
5370
5163
2611
4668
8303
8744
9057
9891
7554
8592
5439
3858
7805
1366
3650
9191
5971
1629
2709
6233
4964
5859
5470
3986
1679
1175
28
4934
9074
1609
7948
4964
4637
4781
5307
8008
1204
7516
4582
2586
7187
7271
7581
5575
9532
9096
982
5945
7195
2247
909
9366
843
981
5113
5090
1842
8377
4250
6226
2423
8581
9231
9167
4676
9860
3316
1026
1654
3506
5368
5090
8209
3943
2780
5399
7473
2098
9800
4858
2507
1359
7880
3531
754
7876
9315
8382
3109
8462
748
4083
9253
4002
337
3921
2181
818
4033
5935
1274
8063
2731
2703
6514
2678
4289
2807
4529
120
5259
7164
9638
3209
2184
4173
2748
1701
2384
41
1740
2682
4500
2543
5904
1382
1559
3888
6434
4670
2214
7171
8675
5287
3474
8885
7256
3845
1215
1050
3023
510
4484
6900
1791
4170
6307
1055
4589
1226
1891
2855
5675
1393
5736
4151
8587
179
8069
3487
9505
8345
8695
1089
1910
6430
1842
8680
4777
74
4474
3589
6976
1976
1112
3943
8956
6517
8764
6598
7194
4392
1969
7885
5126
3816
6060
9026
7018
3951
7870
3362
9540
6681
9337
6446
246
6584
1247
8860
9319
2376
8422
1292
663
8730
3176
6712
3231
607
7223
374
7239
1651
7982
6589
7233
8627
8338
8290
7010
8844
7783
9998
9121
8642
8847
7485
7528
73
1117
6486
3320
1668
6344
3042
7177
3448
9819
6795
126
7019
5529
3474
4151
5278
5598
525
8496
7461
5008
4667
3159
9119
8212
6405
8475
1846
8221
5108
7439
1909
1760
1481
2606
8705
9731
5356
7865
2629
2275
8516
1036
2510
7269
1871
7214
1071
2308
2192
3842
2025
9347
6844
444
5817
6909
7398
4396
1656
516
4128
7008
699
9512
5279
355
3307
1886
5292
8759
1926
7975
5469
523
415
4113
7058
9657
3221
8985
8090
3263
3938
1276
6086
1031
506
4889
277
5941
9907
5188
143
8173
7971
6057
3870
7807
3717
9099
8149
4864
2630
9481
7972
9974
4044
8011
9012
191
2949
2895
2349
1391
957
3802
9896
548
2218
3549
6990
647
1234
7910
9727
7250
1004
9008
4110
9480
4084
3608
8745
9654
3639
9820
2103
9668
8830
2610
987
3671
4600
5059
4389
598
9856
2802
2599
2279
4606
4365
6084
1974
4201
2607
9428
577
5754
1519
629
2099
2236
2152
5020
2219
5983
8038
985
8152
8683
6442
4024
6739
4738
9722
5012
2985
5102
2024
886
6836
394
5725
2891
9477
9949
6066
3123
2208
9312
1643
6678
5523
3729
6881
7153
8260
4016
5754
5726
23
5335
2822
2786
649
6390
3993
6575
1595
9228
1936
2602
2638
930
1954
9927
4728
9969
9973
6240
3057
8644
4905
2420
9517
1496
5861
2221
8581
1263
9468
2314
9684
7588
8731
1546
8955
9913
7810
2042
9889
4381
253
4614
7947
1065
2654
1276
5476
1465
7433
9806
1593
3624
4476
6437
6035
1924
9960
739
50
7776
1392
7185
5075
8120
7085
6471
8350
6367
6203
8858
5070
9461
3140
5247
2493
6341
5959
4798
6348
9162
4757
49
460
2561
9016
2140
7916
5801
3072
2199
7887
7319
3338
5047
5209
9526
3535
1515
9302
6988
807
1601
8599
200
8217
2968
9594
88
3040
6433
1316
8342
7723
3359
3694
7426
1633
1053
5914
4875
7758
4254
6768
7015
5487
6192
5913
627
3014
5194
6183
3284
7195
9460
9615
1307
5535
582
8932
9190
6525
9625
4593
7988
272
6665
819
7921
8267
3708
2145
4911
6137
9132
5144
7509
9970
2416
8439
6481
8918
3689
4372
7818
777
4248
266
8721
235
6621
3344
9765
3827
7786
3286
4197
519
2373
1406
4432
2858
6461
2693
5432
1587
1812
4733
2197
1094
667
2632
1494
2162
3051
627
2915
150
8767
173
1230
8704
3056
1810
2439
724
1752
5656
6415
3781
2359
1237
1588
9923
2404
8507
8667
289
4619
9442
7787
8753
7061
4848
8934
3695
2213
3943
2755
3607
6543
3739
1382
6420
9395
1854
5666
9862
2295
9498
9477
1854
6386
4331
6113
7561
2661
9110
5050
8999
8036
7834
6635
4695
3218
1250
8947
529
3339
7923
2445
4975
1082
248
4686
4696
5803
9912
6872
443
7499
6001
1163
1189
5259
99
810
9888
9892
3659
1707
1704
2532
6794
4056
4682
2966
6802
1235
8875
5680
941
4135
3442
966
9513
8233
4659
2604
3124
4349
6361
3304
2784
2741
3807
6374
7443
8260
3292
9605
7517
3841
2649
5662
5895
7415
7295
6773
4229
7977
802
6777
8615
5635
3652
2709
1250
3964
9175
3273
5189
6983
2947
1874
5243
2440
9680
5893
4781
7939
8593
5436
5361
2625
5405
7479
6739
2076
7547
7492
6782
6010
9881
809
9622
3254
4377
3101
5
4873
5529
4886
6609
4712
4861
1118
6135
23
5499
2511
6086
5755
7971
3053
618
7069
1017
8515
2067
6299
7265
3829
5569
9256
1989
6996
7470
4436
2870
3777
8281
6934
8076
4633
2506
7781
7884
1086
6167
6998
2341
6758
2978
656
4967
8156
8732
8619
5969
6885
5243
6647
5701
1485
9747
3113
9818
7040
2772
6496
2253
2564
5327
1126
5158
9315
3894
7538
8450
1783
6479
5226
3106
8382
9045
949
1135
5805
7708
5263
9097
5393
5855
7878
2315
2960
5863
9089
6188
8830
8905
9632
3908
9900
8605
2126
9640
3627
295
6147
2373
7597
2132
8454
1813
7388
355
6752
369
1957
1533
1067
1028
7628
8530
6042
5319
3139
5474
7746
1758
9333
8052
6966
3582
2828
3623
752
1017
4114
4738
8667
3192
2325
3834
8606
6195
8676
2656
8499
7040
7270
884
7941
6342
410
8682
3239
4157
8136
9207
146
2741
3734
4264
7927
1679
9479
1967
3890
9243
7455
1180
399
7951
4465
5268
3111
8496
8457
9232
2530
1808
1365
4004
4704
3669
9950
1466
5715
8690
9925
2746
2996
996
7288
7033
4198
1867
3971
9484
2888
3907
7939
3223
9427
4238
6759
7718
3459
4159
7919
9350
35
1382
166
8513
9201
8371
5052
5909
2656
1369
1516
1024
8653
5072
9901
826
7113
6438
4483
879
2004
2308
8453
1752
5243
6665
4105
9348
3864
8725
9612
3464
1176
5812
1934
4208
2315
6005
6857
2256
6452
7061
3330
9868
6127
6461
8825
7009
3970
2005
6219
4350
2636
1923
6071
2914
2571
5428
1261
6371
1962
1670
5537
888
7174
5280
2735
564
5970
7550
1161
8000
6481
9516
5532
4915
592
2079
4097
9968
7686
9115
4031
6413
419
8260
4797
1371
3158
1604
5269
6167
8795
2101
8100
4364
3921
8876
606
2402
4794
7043
8911
7255
7067
6290
6268
7032
6595
5737
2072
5501
3481
9371
5331
5806
686
1562
6572
7542
881
7228
1191
7698
1793
2343
3577
5078
3549
4766
5504
3901
5415
2872
352
1530
5192
6793
1160
9600
7069
2191
5363
6234
782
9435
9835
3016
3279
2554
3063
2822
5760
2112
933
6587
543
5136
4787
1995
7534
8697
7943
6313
366
7952
4511
2893
8970
6918
9635
5006
1457
4647
870
2012
2987
5103
1611
2508
8428
4328
9251
689
3991
2740
2549
6659
3802
3315
4535
7999
7751
2946
8025
1195
8674
1552
1521
8532
230
7726
2640
7590
3283
8483
5972
2727
4322
4025
8775
8832
2793
6919
756
2937
7833
7900
1689
9680
1188
2165
4600
2918
9069
907
1256
9222
1064
2828
1097
8659
688
7060
5189
6621
6967
8568
6593
5295
1864
7822
9011
7192
344
2492
6349
8291
5163
7340
1767
742
5043
2489
8203
5380
3540
9418
8410
3583
9138
4247
1148
8510
2220
636
405
3958
1122
9961
9650
9304
5473
819
7459
6935
5183
5099
7987
6020
6049
7033
3570
9128
5339
8117
724
6013
5183
9425
417
4361
2822
246
9021
9096
4253
8890
2051
6341
9463
3019
7371
6933
8416
1819
3131
6945
945
1991
6025
4750
8175
294
1694
3770
3678
6826
3077
292
964
6150
3
5864
8952
3069
7217
5831
4568
6818
3029
9535
6314
1202
7071
7900
8618
2634
1215
9226
4035
325
1827
5350
6585
5510
5966
4304
5890
1247
517
3807
8709
5020
6467
5633
2842
319
9164
5773
609
6057
3294
9928
9727
5857
4435
3136
3299
4116
9443
3576
743
9
4871
1712
4034
3375
3208
4959
9242
3174
5974
2576
2983
2375
6388
4632
7234
4977
5809
9104
8924
9825
1042
1506
6491
3709
4138
8084
4239
4349
1291
3148
5363
9238
7926
7487
2015
8837
6815
267
2587
7732
588
9309
733
1132
2892
191
2451
903
7684
9346
524
9296
9668
3124
161
506
4921
7437
4674
3529
7708
4764
1370
7937
6871
6953
3332
1610
3031
8199
4903
4732
7964
1192
4765
2157
7182
3532
6642
1620
7786
7688
5191
9177
4346
4783
2869
5483
1059
5968
5871
61
264
7403
897
8478
1275
6545
5349
723
452
2423
5012
8932
9130
918
761
2368
4174
163
3585
2829
8167
6998
6415
3776
727
9497
5564
7397
4637
9727
4395
2396
6484
6254
6203
1600
1385
1338
8437
1013
9866
2928
8613
1949
2169
9116
246
7591
3919
3095
6118
902
1806
9120
4217
521
7855
7125
4729
7852
5162
7935
6346
3034
4708
488
4156
3132
2355
314
506
2835
4621
229
2975
6862
9982
6492
4264
4040
1719
5164
4292
8754
2788
4442
7784
1128
4966
7304
2128
8899
9039
772
5936
1915
7613
7534
824
6982
5693
8579
4022
1969
1329
7946
5301
5273
8812
7387
6899
903
4969
3351
4688
7702
9996
280
