61
5688
5986
5518
7516
7083
5539
9663
3890
5728
4680
8925
8416
1392
6851
3273
8746
8988
9704
7422
4622
7894
4305
485
9550
8409
1051
9687
271
7702
1901
9999
2906
2029
2920
2491
4768
1076
1578
4143
1930
6071
4605
2070
2302
9836
1020
6439
7933
7041
1222
9520
5562
2533
155
5313
5349
8400
7459
7463
7029
1631
6222
2115
8869
7024
70
9303
581
6982
7424
9660
1665
6393
6162
451
9294
4366
4334
7158
481
3663
8093
4954
6074
4998
6455
6660
5469
9275
8654
7285
4913
2519
1514
4307
4337
2437
3551
7253
5489
6036
699
7018
1386
7531
3179
6535
2758
8746
6413
4235
3320
7528
5872
4961
2578
5247
5528
7202
3706
9152
1358
4324
4838
9379
9860
4674
3172
5056
6150
6393
406
6323
7468
2893
699
400
2748
518
8793
9427
76
4314
4998
834
2213
5640
5318
145
4275
4622
4191
7298
9385
9272
5560
9927
1905
3782
9312
7461
337
7896
4891
6919
5721
6649
2630
5324
8521
7541
2220
6830
8464
1223
2769
6192
2799
9124
5339
2467
3963
9566
305
7349
9410
9350
5292
2582
4437
5537
6378
5496
8931
3749
177
8195
9510
4001
4672
6291
3350
6935
97
2767
3948
2150
1915
4662
4098
24
2692
8023
3493
9588
5060
2589
5244
4705
5157
8485
8787
5129
7846
6030
8096
4789
5182
8348
9622
299
445
7369
9832
1424
702
6777
2421
8955
6009
5112
9217
8552
7446
7922
8213
7286
7612
1598
9853
526
2103
8616
5647
9104
1639
5066
7051
6875
2693
5270
3166
3481
6513
2034
9249
7413
3814
6977
1262
7258
2111
6474
1522
5401
9220
5447
5854
7126
5020
5965
2344
1840
7302
3634
7054
9803
5299
2496
1866
4588
9338
5460
4145
7600
9007
8435
4774
9817
1998
1579
3628
8774
6769
8625
5000
6814
5873
2652
9780
6457
7306
2956
5408
6603
359
8136
2900
5710
9084
8964
1504
2123
1282
4763
7540
7652
9052
4863
1307
5281
2121
330
5346
6965
867
8047
3207
1420
2484
9554
429
4404
5992
2017
9499
9844
3597
4670
1092
5085
8838
5850
7009
764
7344
8847
8026
6041
7052
2794
3093
8992
9755
7571
9205
6873
1368
6586
2387
2790
1358
2368
6634
7513
9594
2575
156
9615
268
407
1298
2812
2199
5478
3889
1796
9608
8083
1256
4003
4835
5800
1750
5291
2056
2505
8200
4504
1093
4981
6688
6465
5989
552
5153
6125
2470
5802
3143
2238
1080
9112
1396
9711
9154
797
5748
5046
6046
7836
3426
886
2196
9549
5603
8357
4341
2850
9696
3220
1870
4084
7554
2576
4156
3839
1958
7491
1678
9318
8016
4776
2758
1173
3851
1418
2298
2577
3006
2871
631
6670
7051
8518
7653
1325
4961
7506
6085
3935
6785
9682
998
7211
749
9543
5912
1736
9020
9489
1672
5976
7739
430
7753
4337
9405
2304
500
8792
8275
3418
8166
908
8679
1543
3464
6173
1394
9863
2508
6599
9742
1270
2979
175
2965
7707
8011
296
7336
7690
6998
5586
2268
5766
3158
3457
5278
6391
5908
3397
6823
9331
2015
6171
4571
3788
6882
2431
8380
4935
862
5116
8203
2228
1847
7858
2414
8623
2283
419
8141
2769
7420
7898
3463
5331
6303
5528
3249
6945
7069
5404
9230
2087
6679
2559
6555
3307
9190
8489
529
8326
7968
6627
9789
1296
1479
6714
1708
2535
5035
5180
1440
1404
1872
7699
5040
922
4970
1851
8747
9299
5525
1010
5357
2713
7729
5051
5850
4390
2730
4462
5127
2889
8677
8720
9576
7934
7447
2858
7556
1512
7568
6120
1652
2093
4004
4817
5611
1774
6986
5486
9808
3426
8382
8713
6982
8958
5649
7428
8828
4611
4080
3202
9424
4420
5586
3222
2239
3810
1306
678
6264
1573
1501
5723
7870
7049
6573
1656
3116
2228
9972
5013
8802
2304
2477
6679
4462
2617
8923
6941
6278
3300
6861
7993
5778
3849
7097
3434
583
9231
4677
9746
3357
6019
9670
7912
418
2789
943
8333
2343
1135
5883
755
8632
9234
4773
3902
3817
478
84
3451
9068
5182
9877
9704
9840
3166
128
5807
3091
5659
3053
5762
8183
5045
4543
7572
6483
5843
2846
3586
3840
3331
3811
4605
8036
5532
4092
4564
5132
2722
4655
1074
2849
853
8523
1441
109
2295
474
6954
6919
7752
7507
6411
9803
5488
5037
6195
5701
1640
7725
8701
6859
1093
5008
4198
4074
6098
5556
9836
569
2232
6704
6054
9978
7821
6949
6314
4319
647
1340
8623
4505
9739
4382
2880
7867
9815
9778
7496
2109
7688
8689
2736
5452
4824
9686
3267
1023
87
8258
7339
869
6773
6348
4570
2362
9338
3477
4582
7049
2338
472
9889
4666
3081
160
6292
316
2414
7141
1864
6046
871
4990
7937
488
1025
3338
2008
6439
2033
2682
5475
517
3964
3862
8531
6118
7440
4080
8377
3358
9725
5461
7317
977
3860
4191
2637
1475
2298
1591
6183
4190
7976
9464
3748
225
1379
5775
2552
7285
8195
8895
9882
5163
4530
1282
7524
8785
1074
6409
2167
7300
2491
9396
2335
8272
1601
3085
718
2370
5934
4110
6264
1422
465
147
6539
5868
882
1450
4456
8637
8768
6135
5570
2188
4698
484
770
4016
5606
9990
9973
2670
4929
4826
8339
2779
1332
254
8604
7935
9327
3517
1824
4484
9764
7202
5115
8510
3443
1678
6364
3397
9790
7748
4961
8925
520
1585
4289
5991
3887
3449
3733
6064
6066
7948
3252
4039
8960
3352
4041
9948
3616
6328
3123
8276
1271
6730
4761
4569
7465
4367
2024
9166
4671
5771
7962
496
3233
524
645
360
7760
9543
3837
1230
5410
3917
9110
5847
8955
621
3371
6863
1941
7652
2036
2177
7932
831
9640
1810
1609
6721
2607
9662
3544
4384
8753
8843
2760
4137
1329
5994
5598
5588
9040
7484
4118
2274
8863
7232
8040
562
1573
7738
1587
8596
9384
912
6312
5493
1164
6558
1478
1673
3381
5177
2237
3126
6507
9600
1441
2780
4425
2991
7693
3443
8546
6718
7185
9022
6545
8806
9434
4971
5530
9155
4557
7676
2915
4356
1296
959
7417
9599
5540
1881
7504
8514
7170
3458
106
4757
497
1258
3971
1755
4850
5722
5239
8
3080
1652
6561
8204
6759
12
4657
12
6392
8608
8024
2018
4902
4643
2067
8827
1976
295
6994
5390
4603
1432
324
333
6587
5414
4593
915
8479
5323
2963
6334
3326
4219
2690
6438
2945
9592
5675
1195
455
2917
892
3757
1295
979
814
6916
8405
2615
3535
6656
9324
9244
2476
1723
6644
5269
1496
9947
3896
2011
7659
5492
7768
3716
6073
3209
9758
1365
1245
2995
590
8238
5298
7754
4831
4643
975
2096
3488
1036
4573
2285
9449
1010
7478
3125
9151
3001
9371
9830
8771
557
7953
6766
3432
2869
2234
5017
3264
565
2492
7399
7362
7663
1856
3900
2409
6377
8473
9361
1276
8954
4766
9881
7141
4717
1366
9214
7345
7352
3007
985
3011
7687
6091
5440
7189
6801
3304
1417
5324
2700
5626
973
1846
1133
1735
3624
2771
7447
799
317
9453
4117
4502
3191
5446
8403
7936
6313
4269
2869
6824
7607
7324
1531
3596
6830
1184
5421
3752
2062
9270
560
3293
8008
4767
9755
3886
4066
8896
8611
1975
2519
200
3809
5659
7851
1854
5206
6200
9468
7991
8405
3401
4565
7809
3534
1992
44
1135
5915
622
6603
6066
9123
4472
8732
4000
1229
263
9629
1123
4062
5109
3794
6705
8355
2527
650
5283
890
2723
3594
4084
7627
9047
8934
4760
1924
5427
8318
6454
17
9853
6197
6548
3851
1935
5212
6733
7255
1847
4365
4322
2591
6267
8772
7018
1246
9990
1687
2615
2005
1476
7703
5559
7963
2950
6927
67
1281
8354
8136
4168
8802
7114
7871
3199
7818
1911
1246
7979
4878
5378
4311
9295
2905
7582
5920
6137
5831
3350
2631
1231
6505
4111
8743
3716
8729
5257
8035
6263
8264
5239
4111
1977
2131
2952
9678
8009
4932
8466
7365
5629
3333
7355
7135
4719
5087
1795
8554
8258
3904
7025
5166
4879
6907
456
3102
1856
9578
2261
2807
1337
1550
6024
3461
9566
1975
1517
4933
4452
3887
1990
645
2808
9424
7686
7144
4134
950
5085
5413
8072
175
5035
127
1755
6719
7539
304
9087
5424
1454
1486
8827
1575
8328
4495
8234
4162
8187
73
6374
1709
6982
3282
5823
2052
2489
8422
5352
4034
9456
8039
479
4855
6713
8591
6055
1289
5316
8145
5924
5218
4631
7229
178
6375
8107
98
545
4824
5238
653
3825
9939
165
3264
4823
8915
3014
8990
7625
2150
9888
1235
2988
5773
6895
2833
3495
4636
1744
8133
8355
8257
3573
7351
3057
753
1525
9808
4648
3374
4659
3670
6618
4997
5338
5571
9235
1427
9826
2020
2989
1464
8209
9517
4642
6852
4993
5466
2063
9757
5497
2368
4512
7875
123
4689
1246
4379
7162
6910
4147
6663
8054
7208
4022
4694
2054
2895
1319
8152
9712
5371
8200
8522
3623
2057
4117
576
6658
4925
7810
448
741
2614
4272
5371
9791
7935
364
9559
6735
2225
4404
2375
5587
8982
6631
4476
3886
8520
7208
1044
549
6424
6253
9233
9959
3611
3274
6949
8103
1839
7510
3769
1431
1627
8071
5085
1507
4660
6111
8762
3319
4795
6162
9011
3773
8692
8034
6153
7687
3314
4297
6573
3237
9694
3906
7681
4036
1239
3653
8072
6531
7155
2829
6860
2131
7619
7448
5950
91
8036
2938
4647
7269
9282
2062
9693
1369
9271
7834
2722
7011
5953
7886
5991
1843
5282
665
5533
7234
8769
8424
6636
7820
4798
4076
2508
4718
4626
5879
6065
4748
7060
1459
1604
8703
5656
3198
5275
5994
1811
693
9323
4792
4298
5116
484
7044
2807
9192
5755
5349
7181
3513
3685
3955
1619
8168
14
9018
604
9576
7402
6746
3176
1004
3443
1320
195
4789
4913
5206
2347
2262
9335
3689
9183
3558
4538
1420
7938
817
2445
9889
4367
7948
5575
5839
6343
6163
6566
7325
7653
2913
7997
5833
3235
5386
4489
2789
1478
7544
1345
8302
5715
7489
4860
4875
9493
3585
9708
2639
2647
4361
3096
4954
5531
6084
2215
8674
7565
9618
3096
5673
6450
5827
9807
9356
6026
4625
3050
9176
6740
8970
2833
697
4097
3113
7740
9904
6688
5264
5662
256
1705
6292
1567
21
4725
3525
5320
9889
2762
6505
9703
8996
3749
3972
403
2136
1488
5541
3817
535
2419
3888
1556
8201
8166
4291
1324
8317
8037
2680
3397
5939
1964
3366
1720
196
545
4100
654
6127
4338
2172
6377
9393
3971
9895
9389
5264
8218
7242
7243
7700
9510
557
431
2931
5513
3652
5599
4679
2006
5612
4900
830
7877
6611
3397
4141
4980
9588
2174
2642
2216
1886
704
5573
4801
1553
5954
5657
7995
5476
2309
1317
3120
9525
3813
9130
843
6238
8347
4993
5064
5808
9455
9155
9800
6847
139
5939
9936
9562
1915
3643
768
1941
8048
8930
3345
4565
4788
7367
6840
9303
9912
9245
9671
4445
6490
611
9811
7830
4386
1615
5232
8857
8282
742
3128
3438
2894
9914
3274
9513
6377
6945
4047
5988
3311
8222
6184
1799
8553
9870
3220
4615
4251
8897
9918
3848
2914
9874
7330
3744
8009
2133
1504
2410
3930
4381
1033
4452
8977
3175
4407
853
412
246
4537
1822
5151
3579
2683
1292
6949
7297
4420
6455
7521
9843
1641
3003
2145
2619
6815
1824
6212
9447
4621
8248
834
5481
864
9236
5274
6508
1161
8259
5849
9263
9137
9624
3558
9935
556
5959
7739
5589
187
8189
1661
3112
5324
8617
5612
1105
2956
506
8886
8522
4652
4342
6854
945
497
644
6683
5711
6213
1718
3971
5487
9740
1719
1766
733
5393
6237
1678
6813
2654
4875
724
9941
3962
9030
4230
8312
3661
4722
2388
3520
8031
5224
5163
4807
4575
4950
7049
9506
3968
3091
8142
379
93
3661
5171
9289
3500
1809
341
7886
8129
5382
8522
7085
2473
5495
1172
2022
951
5931
2899
5135
6956
3299
3460
9072
8127
7903
1559
2363
9580
9261
1231
4727
4424
1439
8115
440
5875
8024
2305
5516
5158
2227
1362
3476
4620
3407
5753
2269
1005
939
324
4650
9046
6698
6245
48
2772
4003
8107
9437
3966
6152
7769
662
6131
8241
488
9708
2793
3285
9544
6490
5284
2980
9713
734
6023
4627
1081
6961
469
8484
8478
2917
3952
4434
2658
2570
5715
8950
119
9117
9195
7449
8080
8029
9039
8151
4103
2891
8705
1948
7709
5005
4781
2110
9548
6783
1038
9878
8360
1816
5552
9084
3908
5940
8480
7966
8192
5955
2271
3692
112
5805
4325
4307
6328
704
3331
6709
5924
3160
3985
1026
7428
4521
1670
7093
8021
8860
8421
5756
5898
6564
9156
5477
1001
7132
4873
6546
6562
2559
6589
8937
3770
6787
7986
587
3238
9026
6737
5695
5779
6695
8859
6858
9506
2066
66
8604
6128
9495
5456
8170
1940
73
8085
788
338
1711
7742
3571
2748
5233
7792
5601
2168
7441
5045
1780
7197
3944
6749
2072
9175
9484
7845
2888
6666
4363
5461
4985
5699
8374
1683
4980
6793
9853
7462
8237
1427
2371
3221
228
8899
1982
6077
1384
4400
2301
2849
8643
3809
8342
2700
2918
1637
9947
6370
9297
7312
2760
3444
783
3360
9868
1219
9660
3374
5186
4172
5860
575
8843
5809
4746
5050
2217
1528
8689
4692
2826
1436
9931
8295
895
5201
1803
7457
968
9654
9961
425
9983
9475
5921
5196
909
1842
4984
1509
5340
3978
8189
8556
4139
7445
6232
1765
6567
180
9490
3705
9004
6953
2544
9042
2520
3569
4813
783
7624
4725
4098
9639
5682
3989
7189
7435
1022
3621
5020
8900
8833
372
236
700
2935
9815
4930
8536
6524
4565
3421
9603
504
4587
4422
5894
3589
2496
4366
1122
2558
6578
1602
5888
2869
4783
3869
4304
9041
5248
1739
9487
5875
8864
4789
9492
1219
3338
9085
7752
9404
3392
1064
7077
8000
5528
3091
4055
4681
1297
2675
3888
6238
7347
5757
40
9630
260
5822
9089
4571
1671
6297
9288
9174
6768
251
4183
7956
5746
8908
9832
2202
6521
6677
3316
2170
2611
1416
9210
2569
1336
3952
891
3788
8795
3286
4097
7935
9017
3821
2352
3553
6735
3035
1541
8864
6424
8020
3723
3548
5587
6340
1228
8187
1907
2601
164
6632
4464
6315
1778
4329
7098
7065
1288
8588
6878
849
7937
5980
7586
5036
8898
9510
7114
2740
4841
9298
1341
1474
482
9505
5313
7448
7241
4962
3250
9464
4169
2080
1986
5615
6035
332
7195
9778
7882
7986
5984
7107
3531
4922
4513
9024
5419
7838
5853
6872
8568
4707
9410
6267
4465
4646
8352
2253
7698
2564
5019
7926
3639
4358
8863
6921
1201
4423
8078
2495
9415
2003
7125
3935
5780
8189
9901
6157
3358
8605
1661
2812
2391
1989
1628
2097
3724
9119
2116
9206
3803
9509
8306
8247
1825
9260
4282
1932
8209
6621
2280
8995
9969
6977
9329
6858
9887
6137
8440
3718
4224
5096
4156
9123
5753
2493
1662
6041
7271
9424
9585
9671
7848
4152
2042
1262
2524
6695
6167
8173
2086
3011
2060
2212
1661
7618
7816
2743
3456
8689
8038
8097
118
5457
5952
2786
4962
6351
9981
5351
5829
9358
2235
6245
9502
482
7064
833
1932
620
8378
4415
2725
5453
1231
4165
4447
3049
782
2250
6075
3322
3708
3009
3057
1854
5963
8332
7687
1198
4237
8159
2379
2091
6134
131
5088
2871
9999
1347
1845
5629
7479
7158
4096
3887
2388
1065
3802
7738
2023
2248
916
216
3390
4505
4120
1778
6851
8822
6810
5343
2449
4725
9725
8045
2086
1413
610
9723
9060
1287
3707
8512
2658
4327
2669
3996
2320
693
1748
3594
5000
6628
3824
6270
2687
9311
3133
6992
6522
611
7105
5317
3390
109
9615
6727
5295
7568
472
7025
6954
3619
481
9032
623
149
6975
7337
1878
9406
9519
6939
7203
6147
3474
881
2483
4661
70
4511
4582
7255
9504
3285
8695
3738
1588
9773
2726
8391
71
1741
6646
2233
4652
3914
6354
2660
5563
9657
5915
6134
8992
4899
5021
312
9967
4228
7232
6752
5109
736
137
2615
4537
5187
2304
7698
7970
9715
3629
5647
6658
1461
7884
6158
528
5592
1535
2393
1508
5329
5795
6834
5755
308
5386
1943
3546
973
7063
5284
398
3048
905
390
6082
7923
3518
3799
1291
3725
3177
3595
6909
8347
95
8886
4433
3095
8970
6392
4366
789
2912
4038
931
6852
2382
1077
2695
4573
574
4853
4263
8204
8265
1913
8862
8088
9013
6543
7860
7552
1150
4240
2765
2179
8883
6405
7442
6060
4552
4355
6925
8681
9385
630
61
3670
6990
3302
7770
8907
6841
5959
498
5471
5372
4963
4370
7047
1304
2156
3760
8895
7377
8993
7493
403
9837
6703
5064
3450
9803
7409
2101
4656
9616
6837
3565
3023
28
1084
3191
7801
8235
9342
5780
9285
2168
8136
8785
5795
4412
6355
7941
8397
7508
8578
1097
6317
9457
7976
8519
3653
8328
2515
4635
5823
4569
6857
5079
1
7293
2365
9635
4444
7753
9934
273
290
736
6109
2959
6033
2196
3465
2197
1840
1213
8536
3118
4277
690
6420
3907
6577
131
3295
5635
6313
6106
4229
5967
834
5190
3773
2897
4375
9975
363
8109
4954
1080
7877
8864
4805
5781
736
2837
9003
9758
5670
1126
7633
9364
150
4864
9826
6193
953
6511
1795
2004
492
3112
6884
3961
4879
4774
8224
2887
6904
1195
5457
8323
4005
9992
754
1891
4028
8425
3731
4940
9153
5799
19
3212
9876
5681
9581
3620
3491
8469
5697
3885
6115
8423
5357
7772
7079
1428
9784
4288
4171
5473
2620
8439
2256
1868
5709
1088
7747
836
6202
3068
9868
6149
6559
8270
160
747
9204
9297
4916
7736
9782
4057
239
3376
288
3457
4330
3649
9510
6212
2934
6977
7341
2567
2362
975
2474
579
2488
6172
4518
6512
9003
4978
442
7869
7696
5394
1741
7629
9197
9996
3735
6075
930
7031
1185
462
395
9312
1324
2183
4111
3055
5082
8231
9048
2982
1597
6094
7887
7091
7546
2206
8403
5444
1976
766
9910
5642
1771
1498
1524
6918
9096
1528
481
159
1013
7685
4302
6790
9439
4382
2232
8801
7910
9963
1485
4788
4345
8213
9531
6894
9913
6761
295
7838
6669
6452
6119
6774
8578
3550
5949
2824
8556
3235
1344
9070
9934
1644
2312
2326
1330
797
486
2281
3237
8583
1134
4925
4658
6013
1074
6784
2729
4884
6892
8293
7676
5956
5495
6219
1382
1627
6923
8872
2313
209
6979
134
8530
9526
1740
5652
9642
9591
7133
6877
3772
9071
3998
6965
1774
7034
3110
287
4686
7253
2069
1483
5386
3473
9210
669
3996
8183
6162
9258
720
4437
766
6716
7588
8278
9407
516
379
4400
6065
526
3213
9799
5041
3040
4655
799
8204
1917
9706
3310
3046
9718
2315
5248
2228
2096
3430
3844
7046
8449
8600
4836
644
7747
1960
5762
1124
5211
2728
9549
4406
8435
5998
7651
2428
2131
745
6897
6329
1935
7811
8245
8484
1434
9730
2116
9273
712
4282
8600
7180
9633
3011
4913
3579
3297
4642
7933
4864
8956
8694
7138
4127
7279
9009
5319
7570
4945
50
3091
911
7241
1579
2061
2242
4441
6756
114
6796
1416
2475
3493
4712
4190
9973
6657
4118
8008
2086
6330
8614
6523
25
8514
706
6517
1932
5431
5000
9919
5420
5977
835
1998
4888
7418
3429
1977
2148
2046
8179
6245
9373
5345
2941
1436
195
840
760
9773
7160
7951
26
1292
6580
2210
3090
6618
8755
6983
2513
5679
59
7209
6697
6164
893
6863
5760
925
6791
1707
6816
5715
6196
223
9503
3040
6449
2729
2902
2756
7805
831
8993
6676
7532
1797
7058
7090
7784
4828
9506
3815
165
8740
7476
9277
6878
6002
6039
9194
7921
3533
3257
8054
5972
8178
7491
6765
6179
8680
7349
1872
2392
2958
3902
8678
7653
2784
9079
4256
7408
7816
8157
3643
2203
5281
8762
270
4704
8886
7231
1618
4070
4089
3056
7329
4034
8368
6684
424
476
842
935
8918
2669
544
7046
9527
4546
2262
5190
9658
368
5536
9161
2557
3444
1297
6926
6186
5285
5695
4428
4075
3497
6147
6794
2170
3344
7452
7534
3267
3697
979
833
1098
6112
7737
9244
1497
4744
6652
1441
9138
5658
6408
9479
4867
6178
6171
2019
6103
9747
1697
5408
8825
8879
7438
3516
1491
4724
1898
8910
2180
1206
9702
5431
7552
5861
2173
9972
1938
8731
4901
4781
1613
2468
8021
1005
8912
8970
9312
4863
2887
5420
7552
3969
2782
9131
7406
6456
9185
7313
862
3184
9774
5998
2935
2205
1932
3712
79
3059
1061
2254
8022
6318
4063
1745
6937
8415
5368
5936
8023
148
9343
1222
80
675
4064
8306
4041
178
3799
8523
6619
8726
118
2510
1084
6039
8385
5158
6277
1532
5527
5622
4082
7032
1611
4517
5337
5344
1136
5063
2482
9959
3139
9764
9781
3673
5234
7160
4240
9312
9067
1527
2871
4214
9071
6602
2726
1704
5477
3961
1027
739
1274
5639
3998
7503
998
5829
2666
9636
8059
1732
2661
5324
4231
7899
5171
8695
1176
7200
3321
7621
4959
3047
9653
340
9421
6373
3723
1510
8922
5135
4603
9805
3780
5524
78
4678
1156
7315
9390
1504
8989
7627
6965
1703
9310
3997
7518
4530
1783
4703
760
2325
408
4224
1529
4403
4404
8212
847
6163
1316
4619
1298
286
393
9234
1845
1843
1641
6341
3195
2647
4219
383
9014
2508
5917
6368
8746
7805
4802
8153
8720
8883
9258
4487
9815
3943
1433
6378
1765
5269
6217
1953
6684
5993
3739
1188
4487
6440
1689
1886
9043
4510
663
3093
8043
3855
4648
6646
683
7708
3501
2818
8710
3605
3416
9439
3363
549
5967
4300
4962
2926
2859
9782
7005
4610
9920
7568
937
1099
4551
2530
8028
3032
3175
2784
8392
7348
3603
677
6533
9076
5309
5229
4542
5901
9239
6220
3505
6480
6538
5630
2362
2019
1456
684
4537
6702
6827
1127
9407
6158
8809
7541
3736
4425
3327
517
5314
1391
9170
5184
7341
5545
3508
1966
5306
7424
1931
178
4725
1341
2750
2548
7423
905
5609
4617
1556
6640
8193
1360
3612
3638
9425
9931
7405
22
4657
8696
4333
2291
1880
5708
677
7293
8152
7531
4657
851
2360
8198
8676
4271
6064
7473
7704
2434
9901
31
1907
9036
8708
877
213
4472
5779
41
8830
386
9171
6349
7996
8486
4698
7499
4322
4390
4493
6518
6453
1896
7298
6858
3920
9962
2739
2842
1943
7139
6223
2772
8600
8039
2042
4307
2589
822
5925
7441
4990
7681
3000
7031
6052
9962
7580
2274
2168
7432
4277
8403
2122
9220
5724
2788
2542
3715
5099
3474
3504
7935
7298
3371
4424
3892
6407
3542
4665
7077
8633
6889
3747
7176
7781
1994
2072
7285
689
7926
7820
6486
8214
8520
7221
6619
8556
2311
8962
317
3885
654
1992
5212
2475
3753
344
7896
9373
3609
4588
5112
1668
6372
6880
8891
4973
7868
1869
7449
9295
442
3248
2868
4947
823
4170
4864
1732
1527
8320
8445
8108
2322
2035
7213
1646
3408
7034
982
2818
6657
2107
4581
5146
22
88
7437
5764
3119
7286
6763
4744
8786
3129
2743
4849
6724
7836
1369
1784
6632
8829
4165
3292
7809
1188
805
8734
2150
4083
4210
1833
1281
7689
4639
3823
9475
1521
2002
2158
7272
2728
3263
5105
1042
6252
6386
5731
4773
4591
2201
7470
4542
2875
6444
5329
5041
6895
2826
7777
5981
568
305
118
3486
747
8938
9062
6575
7950
3710
8239
794
7062
7913
1198
3646
7067
4682
669
2060
9624
4627
5768
4830
6559
9988
4608
7683
1626
3822
1401
1435
3291
9814
5566
7452
5012
8537
2437
1695
5139
2054
1548
3018
149
8989
3922
3515
5132
9394
7747
8109
6907
6605
6651
8186
2574
5377
220
9358
7878
5895
11
195
6402
886
2452
6302
3145
6065
1710
9750
7620
5182
296
1804
8265
9838
5219
683
7649
8094
6506
3198
1883
2201
4923
1736
7866
4776
6329
3204
5145
8471
1611
4073
8671
5684
172
9849
5662
6983
8453
1015
3477
1961
7864
9347
6981
3474
4099
5604
6944
4627
9828
3872
2221
7612
828
875
3704
9644
8620
6745
4855
9939
3148
4866
7560
4885
6699
7745
8150
7629
3584
7752
8666
1547
3951
9732
1053
412
5111
2361
3867
7748
2664
3722
6004
6763
1377
5127
6061
7425
3720
1171
2675
9919
739
784
127
6924
9523
3386
229
9304
7105
2925
807
136
5969
7219
1766
8063
8482
3022
9784
5430
4295
5806
565
200
7744
1600
5563
5772
2481
8612
9874
9279
6004
9657
8842
5453
6859
391
6320
5612
6845
136
752
5222
482
7091
7764
545
5402
5079
9898
4636
6503
3169
5107
9112
8779
6922
600
2224
7051
2081
9079
3495
9395
7888
7884
2365
8900
5244
8155
7597
4920
4846
8089
9862
9606
2778
7674
9092
7553
969
6100
3930
9995
8311
8691
8863
5191
4890
1750
7650
9099
8813
1111
6458
3284
8761
696
9967
2180
9935
3689
4031
1430
4916
6310
3390
5570
1881
8236
3021
1916
7974
1164
6149
5527
4259
2696
480
8903
5427
8427
8789
884
2621
7030
1278
5690
2040
5332
2375
6685
2514
462
310
5882
2429
2859
3201
1993
4838
7743
8464
7119
5620
5157
256
4496
138
2423
1665
3073
2905
6026
9149
3018
2485
1255
2470
122
9265
5635
8762
6070
7529
2656
4389
6666
5789
4124
3796
7104
7893
9575
2241
1277
4390
9555
8800
3144
9279
3172
6565
5527
2944
7046
895
482
6376
2734
5957
3352
344
7385
4876
6976
6394
8000
7682
6616
5800
8269
5018
841
4234
8343
5268
5164
2880
8169
4424
8949
1703
8978
5199
2734
6812
9077
3070
9791
9563
1520
3296
5656
5842
8521
6543
1457
7495
2981
1103
1913
9314
5586
6855
8490
5800
3300
3933
2270
9798
5773
2924
2635
1974
5957
2469
4617
7953
7690
8239
85
2737
4464
6412
8990
2322
7033
7674
3100
7188
592
9858
1664
1327
6688
4128
2663
4068
4481
5472
2312
9932
8946
8193
1165
1424
1954
4105
8014
3412
8904
6405
9704
1792
7267
1019
3981
4460
4812
3886
7061
535
2744
6893
9059
8420
7401
3272
1938
5282
4227
4016
8110
9559
972
875
9327
7512
8781
9504
6383
5495
213
5333
7629
1194
4573
3394
4858
8196
3638
4417
5697
210
9806
5093
5908
5108
5970
3604
2321
4533
1437
7123
4019
7577
4495
4316
7701
2147
3721
4206
7345
4688
1172
1106
8775
8883
6545
8533
4137
7134
779
2230
8099
4217
6569
3678
6872
9651
4255
9735
2647
2530
4852
139
8684
6904
7279
5306
6387
8900
1738
2903
8232
2930
9849
2256
250
5712
8900
6120
7006
6334
4959
6994
2527
8130
6283
5100
8962
6549
1237
230
1864
9453
2716
1053
4749
3607
192
9273
654
5664
3174
7503
2168
2609
3304
7652
2538
9237
3065
3423
60
1113
2758
7208
6265
719
1112
3443
7080
254
4166
5652
7561
8665
2408
1422
9242
2522
5718
8380
6937
6075
2398
8554
7700
385
9461
3617
5292
9094
6149
9645
4328
3361
4564
6957
3910
6820
677
5079
8476
8274
5672
7445
5549
1163
6332
1424
8343
1557
2213
2455
7929
4617
1704
6188
4369
503
5716
219
8867
630
7387
6264
4278
7212
6365
3700
4969
8182
6053
11
9603
8198
3917
670
1384
6358
3309
1816
3511
8829
5041
9039
2608
4141
3576
9832
7235
4693
6232
8423
7764
6346
9935
4226
4074
8829
1093
5153
7062
7769
109
885
1
3292
5066
7570
9551
2528
2703
1898
5775
6724
3582
9911
9956
2475
1841
8516
6526
625
4087
9368
1697
54
9015
9969
2392
4472
5808
5449
7490
2177
1409
5384
2346
7434
2580
2293
9860
6426
1093
8026
2323
6912
2288
4979
1128
6985
4728
6162
5301
8830
9396
8979
336
4509
4581
6407
9075
2690
4786
7679
1472
1153
9988
4535
3057
371
446
9276
7053
811
5459
3548
6535
8628
315
760
2737
5385
9633
3832
6702
4528
2420
1867
9316
692
9405
8153
4000
317
7632
2888
1332
6990
2107
4279
3659
1499
8779
9819
7614
869
3502
9283
1391
4388
740
1754
8466
3695
1550
728
2987
1451
6041
2581
6274
2446
8980
6428
6835
8959
4924
8279
6946
6428
2281
2253
9996
5734
8897
7988
4249
7053
3050
21
5374
1556
7405
1819
31
8561
1462
8375
8625
1635
6184
1428
4509
8176
5885
9826
3600
682
907
7281
9023
5262
770
6763
6664
2489
3330
5534
5956
5750
2378
1556
3513
7816
8651
6561
6476
1297
139
5449
579
8973
8773
3180
2201
8846
5981
6671
9530
9604
4529
2472
9870
8169
5516
9094
5779
4854
7204
6122
5490
1766
6787
1862
2804
613
6786
3136
4574
2660
4609
4834
7367
492
9092
4002
74
6683
1896
7817
6038
7408
4691
371
3475
9344
1416
962
8128
2835
2794
478
7144
6062
4328
7389
4531
8733
9031
1883
1336
2045
3821
8630
2351
3283
649
3961
8260
5597
6321
8195
7625
35
5043
8131
9427
248
2173
7875
2308
7731
9911
718
9225
1541
6030
9854
8265
5974
2444
8086
7502
8353
5891
3625
3232
4568
6185
9526
6204
4181
7324
5297
5588
7487
8150
350
3313
869
4060
6700
9075
6922
2177
2060
3065
2317
1496
3693
7355
5187
198
3798
4900
7988
2790
6351
6718
6591
5606
4476
9062
1258
5230
8166
1694
218
2033
4136
2033
8091
3212
1971
4497
5212
2891
5503
5916
9275
3595
222
6909
9816
8314
9790
1391
4521
2154
7916
4668
7226
8773
9855
3364
3182
6923
8728
3225
2278
8902
9684
5463
1229
5646
8155
3729
222
9369
6104
374
5346
1354
7061
2451
7706
2794
2035
7666
6437
2756
4643
3792
958
4266
7748
2956
4502
902
2809
1514
2937
6155
70
6680
79
6345
4311
7368
1634
2415
3053
3100
3543
1818
7094
9184
7803
8044
2088
7041
8299
9928
6729
3980
3808
298
2334
6897
9573
4228
2559
229
1286
498
2899
8663
2023
6479
2013
1946
5438
3312
7234
8305
4718
8351
1621
1930
897
402
1873
2769
945
2761
9059
9253
3091
1607
9234
2103
224
4808
3964
8766
5793
689
5758
7544
1639
6980
111
1243
3781
3250
569
9594
4298
1547
9526
4851
6078
5538
9667
1861
1449
3148
4499
4766
8427
5799
3203
7139
1547
38
4005
937
9551
7994
5291
6111
9252
6621
5602
8095
8875
6616
7337
5626
1712
7413
2396
6320
3944
142
3313
4545
3063
5652
1374
6301
6636
6476
5749
743
8457
2804
5614
4297
2226
1619
6431
6561
2113
78
7690
2425
8996
4022
4675
3317
5828
5567
1197
5333
3634
2892
3568
9417
3984
982
5048
3108
3418
2300
2989
1386
255
7219
3211
9107
6896
9966
3486
2561
2755
6858
4171
6254
6644
8256
7645
6623
6857
1886
1467
4133
5793
2415
4803
1522
2440
6773
8277
9592
3385
5545
5310
8973
6897
8218
3216
9947
4396
2401
7738
5156
4318
7509
3033
1154
7856
2666
2667
8268
4276
7525
3851
5909
7479
1002
7598
4239
4259
86
265
6829
5118
1049
1741
294
562
6411
8912
9668
7146
9551
5961
2444
6821
5156
9896
921
1914
5304
4560
2593
4729
1560
8561
5049
3002
6963
3286
452
7700
3565
3544
903
923
2894
6125
2840
695
5722
4753
4932
5086
460
1791
2287
5005
795
7020
5878
4920
9023
1024
8641
9723
4476
7873
1653
3180
7437
1198
3062
7120
4252
3206
1209
3382
5134
5299
1671
3524
1836
7718
8797
8252
8283
3551
5136
2394
6621
3688
7679
8349
6513
9904
6945
5071
7973
4447
9421
2163
5260
3403
7480
7418
6074
3958
1112
4834
1195
17
8999
5868
7060
946
308
3352
9186
349
708
6239
287
6274
1270
5933
8467
5651
7619
9177
3046
7551
3332
9154
3459
3088
7934
280
377
7646
4664
947
7195
9646
3293
1668
3303
650
189
3335
1668
30
1262
6673
2724
6972
6544
6476
3161
7629
7565
4012
9668
1589
4223
8637
280
3009
4940
9179
1085
3312
9581
2638
3121
9595
5692
8208
4985
9075
4475
8252
9909
9989
6834
2276
8785
5868
3376
9583
7271
5859
2499
2237
5682
6181
3282
5385
9134
2307
8343
7130
9803
9361
3450
8421
5217
766
1225
6947
189
4255
9668
7227
4841
7143
724
5387
7673
4372
7291
4488
817
5896
3751
2416
1077
8419
9793
8088
5305
3258
3410
8727
8103
6502
1604
2414
1646
4443
1110
2162
3511
1363
7706
2664
4771
3463
4233
5467
3489
9289
5814
8285
2524
1969
2479
2264
400
3154
7727
8592
3117
4632
4257
6695
8004
2913
7408
6412
5710
6357
9865
4193
9852
9907
7874
7447
7257
6073
5300
568
6636
4607
6387
5361
7418
6545
1342
9866
5144
8168
4898
691
1742
5939
9385
9085
7063
3591
8671
4915
2340
1872
1605
3331
2736
7923
4879
7900
5118
2098
3561
373
5087
9322
3094
3528
1200
4637
8312
5754
1569
9127
7180
2775
4992
4495
4668
974
1395
7580
7432
1399
4036
9265
5743
7245
2502
8502
4807
5276
8294
8885
6732
8295
5822
414
9541
1366
7795
4407
3234
7547
9437
4964
2593
3551
4343
1743
1040
8702
4380
196
6797
3068
5490
475
938
6466
9155
4130
3596
9353
5253
7223
578
8786
9644
6191
2290
7663
4613
8870
1103
7090
6067
8451
2343
3504
3239
5927
2457
369
3304
434
6564
8742
9410
82
6682
583
7786
7946
4339
1385
5647
7227
3854
6409
8877
8561
9650
7608
876
4012
6339
5810
2357
840
5232
6732
9092
364
8553
7930
8840
9724
2255
6858
2920
6219
4899
7088
7712
7281
4272
3871
5353
3445
9668
8369
3158
9319
1833
6483
4714
5181
5539
2448
1303
8055
8226
281
3986
9953
4758
141
7203
3157
4818
379
9752
3354
6474
4577
7832
7901
8822
9551
8165
1946
6153
2318
1499
1591
1995
6470
4149
3549
4865
1712
7550
948
3087
1145
2005
5994
3572
4400
8522
7472
7267
2765
6534
6066
1442
4013
6647
384
8187
6286
7992
4605
5568
451
6223
947
6763
8244
8607
8129
5923
22
6846
8051
8219
4418
3505
4652
5061
9429
852
2467
2100
5188
5814
9287
3167
1641
6608
4511
3537
9518
1478
915
829
5237
5062
2369
1294
2033
9038
7869
4509
2869
9114
1448
7532
5463
7899
1963
9471
4033
1219
96
7434
5060
5068
9533
773
904
5016
9566
3053
4965
8291
8879
468
3191
6757
659
3000
1714
4788
9299
6769
9394
615
7846
8148
6876
7845
2489
1749
3175
1355
524
9321
2033
7852
6249
969
2368
6546
3329
3122
5365
1843
7765
6426
8526
1296
3998
2381
1881
2727
617
3909
9520
7832
5603
4200
5830
1956
6284
3595
2828
7777
6939
9253
8016
9050
2255
2718
6162
307
3468
7478
164
5915
202
4866
254
954
9878
9009
8908
6778
4019
5116
884
2338
3169
9468
8903
9852
440
262
7556
7480
9889
1377
6547
9690
8897
4008
805
3375
2211
2443
1957
4413
2353
8064
7403
4088
8895
5431
1453
6176
6356
2555
8450
2792
5381
7988
1893
3026
9888
2985
1458
693
5922
5842
2544
2080
1253
524
5355
3193
7882
5526
1405
7038
8847
2841
9448
7021
9981
4
2130
8479
9808
6597
3918
1567
9412
3379
755
6168
1848
2520
907
5596
3042
2796
8698
2753
2495
7357
3353
9157
9717
5659
1486
3491
2263
4655
5802
8686
9716
3868
7678
5066
4524
7582
2283
8506
8432
2622
4693
7955
1285
6551
6179
7392
3989
2515
8469
6671
1138
863
1986
5080
5079
4894
3998
1822
6429
6488
6868
3358
4151
1443
5829
7749
7627
6874
2781
5662
4126
313
6863
4184
3786
3611
157
4757
2814
5243
7750
3711
4626
4374
331
9766
774
8098
4447
5333
6038
1496
3211
4386
7420
2364
3388
6931
8786
8093
1578
1054
6914
8312
9925
2121
2972
7223
7950
2529
1987
2567
287
8294
3092
4055
9992
8466
6756
5996
8247
9962
8310
5858
6419
3181
6373
9644
3701
8170
8500
5884
8708
9631
5840
2223
7324
3564
5326
5743
8041
821
5494
2284
3542
342
2283
6853
348
4337
422
5264
8953
9283
8271
121
9712
6500
3080
6567
9942
5693
7413
5674
3248
676
3595
7729
4950
4643
9684
8648
2468
5799
1533
1966
9373
9396
9244
9540
7148
774
1409
4674
4153
7282
5959
6020
3077
5467
519
5217
5890
7152
3882
6508
3681
9586
3785
8483
297
3268
9427
7701
5009
8763
4026
8721
442
3701
5402
5129
1932
8214
487
9237
6236
3341
1954
3668
38
4517
7895
5630
8061
5207
9862
5813
828
3389
2509
9129
3880
8977
8510
5514
3812
7828
9954
488
5216
7035
7946
8743
4928
996
989
3103
6084
6758
4707
5183
585
454
8460
3745
9803
9526
6814
5225
2581
6168
8538
9063
8967
6656
8442
7916
3794
503
9289
5288
6804
396
2126
3570
4187
5045
1495
7746
8135
3475
4446
5848
4096
4003
3994
111
2272
1025
2629
4012
7423
4455
6869
4976
5466
2660
5322
5725
9007
8039
2499
1062
6744
4250
9149
8846
5489
5484
3753
1618
4712
9639
5224
1827
1952
3360
4629
5500
5489
3820
6816
1666
9759
8063
8163
8601
9413
336
9714
211
5727
9865
5124
8051
3569
9291
3224
5344
248
734
8342
5093
4426
1013
8948
6245
7436
1184
2625
6332
6272
2123
4001
4448
505
1828
7910
6070
1901
2426
4823
5249
4437
8721
3696
5430
9028
4929
9621
8299
6066
8174
8148
510
804
8291
390
2753
7209
760
2306
2546
3683
3090
3807
3801
4768
7257
6083
5995
4805
8389
1964
5052
9014
465
6842
8577
3668
66
2824
5139
4355
2769
7813
8464
2135
5540
4995
4763
2651
2075
1372
9748
141
9077
1739
9666
4921
8739
7326
8348
9345
2132
7046
5767
342
6480
1384
3433
901
8769
3796
2413
9665
3611
3839
16
8984
4556
8607
280
7493
5181
2706
6628
3954
2201
6587
253
3464
5189
4459
4764
6037
8445
4472
9942
1464
5200
9020
2322
6907
1873
5597
4812
2541
9647
6884
673
1036
8702
9052
634
6140
7124
9578
3830
5638
3024
9651
240
7632
4372
7934
6000
1253
643
8278
4045
7297
5429
6252
1440
7130
7144
8104
7988
3038
6289
4713
3945
3350
6304
1537
1175
8276
8849
9446
4448
1870
8591
3174
3663
6502
1715
6714
8108
4101
9626
9877
9665
468
8660
5834
9815
1319
889
7432
8873
1526
3782
7475
186
7497
2581
2239
2211
4160
3931
1979
4324
5244
2010
6152
3468
3486
4631
1589
9284
857
3334
5737
7765
8886
1409
7691
8042
6101
4360
8113
7088
5562
2802
8084
5145
8460
9377
9244
144
6213
7268
3101
1032
2486
6789
3806
3885
5915
5795
2609
8395
1606
3963
6132
4861
6731
5743
8788
2270
7991
7144
8088
8316
8526
3704
3057
6506
9104
9784
9100
8740
6823
6416
4064
8189
7519
2725
9963
5797
8130
2876
4372
2167
9839
2749
7612
7662
8118
2403
4215
1479
2867
8991
2928
9841
5381
5708
8574
4593
426
5966
6113
7058
2313
2084
7496
4938
4875
6540
8515
3176
9894
6277
8128
7690
616
4400
4645
3275
1485
1296
5352
952
3292
9440
4638
7923
84
6083
2398
9313
3023
5527
5394
223
1376
7603
7529
2386
7022
432
6843
4283
7373
4275
3627
3721
8981
984
1330
584
7457
3642
2077
1751
4071
607
7797
39
1055
2913
87
3152
4321
2023
7808
4974
4255
2034
5143
5336
4732
899
199
2161
3081
7114
1431
823
5994
8985
2295
25
5689
5143
1097
8262
3766
8464
4058
32
8297
7865
5292
2976
9750
4962
449
883
9916
2373
9350
6401
6906
7114
7113
5310
1102
8365
6729
2186
556
9463
7305
3459
2471
8088
9280
7162
6463
5639
8448
9763
2231
7952
7872
7077
7905
172
9961
9058
1385
3855
9945
8097
7899
2538
3063
4951
5873
9024
9973
7748
5069
4214
5995
8921
9072
2612
9333
8919
5588
824
3083
9202
1468
7417
8121
5621
1414
3433
426
3679
8954
5716
9878
3804
7954
8645
6917
2462
8934
1576
7247
4538
1619
5850
4433
8175
9095
8764
4254
9072
939
519
9168
4915
3117
7545
5017
2546
5450
8941
1419
3855
2500
3289
9871
4693
5733
1905
230
2473
8305
9369
7466
9375
1857
3879
48
1849
5617
4087
7773
8283
1287
9400
8978
3209
1214
8484
5061
65
5583
6572
1549
4661
3547
962
7386
241
6648
4752
3918
7068
8661
5270
124
5081
3755
2001
7436
1020
3698
1063
4391
5802
6541
2895
9909
7209
387
5468
8097
6502
6939
7499
9350
4854
6323
5122
6889
2820
5053
6168
1298
2937
3063
2804
6344
7162
2197
5997
7127
27
3613
1008
5409
6305
7375
1088
270
5894
1295
456
7233
8357
8096
4140
2490
3765
5039
5262
2577
5874
8729
1660
4037
2358
5610
3734
3185
3191
9955
9997
3352
2091
5815
551
1021
5558
3474
5775
5249
1524
9415
170
9273
5842
1828
3060
7019
278
1924
1417
646
7119
737
143
8124
5222
2947
2032
8429
1716
3450
8886
8400
2510
9316
8191
9232
4028
2891
7088
5697
7271
190
4966
6669
2640
1402
3832
6720
173
2421
4231
364
8846
5448
3879
9914
1374
5622
3096
2382
8325
2540
29
2469
9258
1799
3453
6238
9334
1773
5976
9666
6884
361
6817
3633
1844
4663
154
4362
14
2903
6078
1991
5268
2897
4359
3267
2113
5718
3119
8281
2317
4159
6404
1738
9266
5989
6117
7402
4761
9804
9769
5000
3613
2700
3519
937
5170
5565
4111
8479
3998
142
4671
8907
2245
6242
4083
284
9299
4345
6556
6066
401
5510
3792
5700
347
6674
1690
522
8489
4252
88
8328
3881
5291
4851
9464
237
3362
4444
6643
48
9646
3153
7531
5940
5903
3214
8536
6328
7968
3473
2045
5589
1925
2070
5430
4215
8577
6017
9681
7945
7841
1129
7814
3033
7865
1313
3396
5595
9368
4435
9657
6169
9402
3734
4157
8455
8570
7662
7564
7652
2978
658
9230
2173
4289
2312
9221
684
8663
7069
8690
8526
6992
2049
6901
8419
1610
1038
255
9342
3957
5578
3205
1451
9783
1330
3219
2256
1017
7574
5259
6524
9905
4388
6265
3197
1244
716
7396
3774
4568
7634
7827
9325
4011
7842
6281
1034
8868
3054
5182
8203
5852
7203
9468
1932
8728
8058
9779
772
3358
778
3641
6691
3986
5050
8786
9544
9900
1156
5431
8991
7463
2613
5686
1207
5064
1746
8742
1778
889
6020
6662
7365
2465
2836
9841
4751
7810
1361
2495
8727
5359
2990
2763
5150
7400
7209
8556
7747
6851
9030
9779
8069
6713
1546
4208
1219
3850
5187
4001
7920
894
3189
2697
82
4297
1567
2216
8921
7097
8412
7164
3101
6655
5798
8340
5072
3128
1397
4093
3058
8647
4676
2123
1219
9649
5876
710
148
6597
4538
8302
3478
6006
3780
4924
5076
4150
7098
3830
5341
2784
6031
5343
3833
3666
6822
7769
6269
486
5937
7
2313
7035
3492
1748
4014
6789
2392
4026
1821
4525
5676
7648
4283
1910
7062
4115
1136
4878
4503
6911
6127
8092
7821
9882
7040
8669
5762
8797
4889
9701
4145
1360
3691
948
1161
7153
8264
4182
329
9425
7459
1271
1563
7435
1408
8146
14
5249
8570
7348
4668
7189
2371
2465
4810
8257
9734
18
9102
2932
648
1690
1562
9562
5453
7860
3686
6854
2935
8251
3020
6687
4458
3317
349
5972
8475
1533
3105
5996
5014
2475
6444
6030
3790
6739
2620
9162
4351
9127
2462
4339
8703
9577
7616
6938
7923
7296
6193
248
815
1526
4021
7079
8469
1613
2021
6974
7327
4828
6131
9223
119
778
3770
14
5987
7429
6596
5128
8430
9534
7958
2525
3649
3653
4614
7300
6209
1005
7469
7658
9938
6284
3191
7967
1546
8082
7334
3245
272
7155
7574
1621
4466
5858
9580
8728
9606
6299
7944
3823
2216
9901
5562
4983
9107
5379
9409
716
9947
7982
5981
4097
8758
2737
3734
8074
6539
4264
6246
278
9762
9669
9441
7308
6411
9192
5605
2720
747
8795
1596
1730
4241
5575
7710
2804
7543
6583
2260
2406
2708
7111
695
8560
7950
8760
7303
6859
7437
3907
1320
9148
9226
167
9382
1182
2342
9665
8969
7771
1383
8823
9539
8391
6589
5841
614
2601
9331
7700
1204
6774
3969
60
8894
7980
5151
1350
61
6312
9603
9447
1583
8516
1339
3996
5337
9968
1223
8048
5500
7564
8333
7811
9538
4784
848
7853
7879
457
6635
5807
6324
6512
5334
2737
6918
6711
8907
8926
9517
4147
9603
2569
2177
7681
3802
5674
3135
7479
7009
5416
3601
4568
7778
6469
2956
4978
5629
8273
9059
5832
5585
748
1289
1303
9191
7003
7907
8792
8392
3349
7851
241
2223
9467
4577
7800
8905
323
9308
517
889
2736
3902
8242
2792
5407
678
9217
9241
9567
4991
203
6939
1998
7622
9841
1751
9997
7993
4912
1386
2783
8714
5542
6140
195
723
4283
4254
6891
2147
2399
1395
2617
2038
7934
9125
6581
1779
6754
5816
2253
3599
2133
6780
5386
704
1440
6636
2906
3020
9333
4371
2640
7695
7734
5838
7300
7722
9937
924
248
3641
6297
6099
7784
7469
4049
6828
7244
1240
4455
2942
3694
1528
6010
8536
4195
9450
2730
1896
3576
2896
4347
1849
2651
2733
3029
2297
1250
108
1163
1832
8571
4113
4438
5772
4290
7063
5534
946
7544
9465
5284
7215
950
7196
5455
452
5662
3129
417
1360
442
5529
1029
9519
9316
4552
2951
3456
7857
8076
448
4837
9755
9503
7004
5539
7913
2008
8602
4409
509
9897
3503
4126
6538
4145
5927
9779
7263
7393
2650
9287
4901
3803
4711
5865
2721
8806
7120
4392
7078
9758
9889
647
6746
3241
7950
7676
8019
7732
7992
1063
2974
332
5019
5872
3772
9449
9175
665
4618
2853
6457
9347
411
8618
9574
4780
1428
9176
3043
6325
6515
3942
9380
2626
829
8992
9455
9515
3
2559
9468
640
4432
5031
7420
665
2194
9850
5122
8763
3090
985
1202
2438
6386
2138
9717
8475
5394
437
8134
4523
1710
4936
6652
3291
2216
9643
5189
3812
9789
8558
395
9526
343
3230
1381
5500
815
1878
1005
1291
8988
7298
2457
7893
8812
751
4888
4138
1422
5038
6843
446
8554
2600
9262
3653
6686
4572
7730
4474
2325
5459
5064
8895
2550
2100
812
431
3335
9699
6187
2063
1755
4404
9314
1636
2959
6477
7156
3582
413
6138
6632
9953
9531
3450
9389
9124
6708
455
1035
8146
7664
9731
1880
8494
514
9757
3555
2644
1870
9779
6928
5611
1301
6002
8464
5142
2814
3496
8589
9465
7027
1451
3391
6825
4101
6114
1390
8396
7917
2945
4356
3040
6449
3890
5166
6168
7758
6366
3535
7456
3848
1388
1297
4385
1723
9952
4297
7584
8957
4069
8117
9793
323
5301
9349
1402
8317
7860
7700
1586
8062
5645
1329
104
1099
6372
4366
7503
3728
4347
9812
999
5401
272
8753
6951
2884
372
1424
2422
6817
4038
3059
1818
8578
6909
558
5352
9397
2644
6547
9465
491
4432
390
3069
9236
7182
6925
2969
2745
3031
3430
3468
6982
7349
2453
64
1074
8815
4040
12
2412
6912
7928
3398
1428
6054
7678
8854
6019
8599
2608
3845
104
958
1303
964
2799
450
4910
7066
4608
663
1177
293
8434
4094
7168
9169
4954
839
9478
2774
9428
7528
8858
811
9020
4981
7289
4041
1674
8671
7582
4459
1016
9610
9368
1265
3873
9125
7206
2260
4167
7198
8081
2228
625
6590
5462
6301
5871
3536
6830
5431
7420
8752
9900
3324
1071
7550
963
8021
5630
2593
8306
1582
2351
952
9389
1048
7148
1036
5320
9405
7139
8913
9522
4190
3831
6411
2060
5464
1686
1150
8005
8757
3112
5069
4803
446
5761
6644
4048
6622
3187
241
3839
7858
1027
3213
5561
2301
2741
8153
2184
1176
311
3939
2080
4774
920
6376
6597
6486
2275
2483
4669
274
8364
8388
1746
6884
8533
4108
5860
6087
5549
5380
4681
4923
9014
4717
8290
6179
241
754
5387
8345
3385
7721
3054
4642
1880
441
1862
1627
2186
1926
7627
1042
5692
4247
718
6658
6144
7177
1346
2662
7920
1612
7317
4766
1373
6251
8810
6959
275
4777
9749
9077
746
3863
4258
6404
3020
354
4754
9852
382
6857
322
9531
2349
2140
3850
1964
3318
6623
511
6477
8161
2494
6294
3998
5931
9787
2502
5749
1903
9620
6216
3759
289
3263
8942
7969
9399
9143
2989
7500
787
5840
1128
7919
3713
1637
3930
5911
186
9380
6608
9681
2851
1967
6225
2863
1973
8083
9194
2137
3065
6293
4570
155
3104
2168
4887
7389
2876
8539
8044
8384
4511
8736
6112
9955
5246
9928
8451
7301
8689
4889
3975
2646
3786
8001
377
2694
1391
6980
267
3711
3078
1554
687
5038
5628
3908
6034
5627
9617
660
5602
7579
7332
2060
9645
2187
6583
2455
7496
4573
1518
404
8169
9695
1066
3050
5666
7974
4380
4005
9099
1754
6424
5101
2202
603
9960
2391
2977
17
6169
5381
8724
1937
9815
1801
2789
2283
4064
7672
8798
6496
6375
8121
3978
209
4727
1228
1281
6035
2193
5191
5615
9407
485
9100
1311
8310
3929
5638
7545
2929
9337
6434
9333
6998
8219
1483
7754
7894
2701
3950
4872
3796
5598
5036
9374
3968
4853
6893
9369
8657
7010
4561
6058
4930
1727
7121
5155
8451
1091
5525
7998
5600
5571
623
5257
3326
8853
7557
9201
6258
2114
8844
2858
8348
1927
1807
9113
8912
1049
9951
2063
1173
1698
5349
6738
2150
428
5410
2521
7143
9657
2167
8307
6226
4285
9281
1813
2078
1337
1116
8783
7169
2724
520
2665
5308
4231
1641
7103
6917
7814
1624
6790
4546
3990
1303
3946
7777
3856
6402
6118
9860
4880
49
8062
6986
4202
7434
1772
8921
970
8691
3942
5623
502
9637
4296
809
5714
2764
2884
4690
5503
3418
1698
1180
2306
2444
7973
3061
1629
9845
4940
5233
9548
422
1986
7101
9982
7919
2579
7316
8941
2078
5371
4314
1980
5286
2540
5413
7500
5388
9579
5388
6250
2779
1128
8296
1401
3463
1289
7047
8600
2654
322
4431
3344
7467
5362
1983
7421
500
8301
1905
1638
6307
6834
3084
4170
7745
2600
9495
2936
7806
554
8999
4779
1950
2140
3273
9792
8605
4584
4987
7206
5427
7610
3524
321
595
3796
5844
4331
3229
6126
2214
7928
5811
6478
819
1092
4329
4977
720
8219
6021
8483
3447
4868
934
6496
1971
6059
6354
8743
7396
986
1335
6936
5075
7123
7811
6986
2160
6348
9630
2059
103
1768
4165
3221
8064
8862
9362
1289
758
904
4278
5835
815
9898
7193
6410
4426
6797
601
5626
9816
2983
5326
7728
4592
2841
3454
2249
2998
5717
956
4936
7398
1017
5658
842
5738
8332
8192
1111
8556
5684
6549
4935
6181
5394
2138
5870
5411
3579
9862
3830
2265
3555
8412
1495
2448
6920
1465
2182
1739
2297
9673
9511
2009
5233
9497
2816
7140
4403
3431
5276
2022
3587
549
3209
5083
5647
9901
6543
8721
6153
3790
6909
2108
5762
7669
2001
774
3412
2215
995
6419
2011
7082
3406
9619
6962
5844
9325
7121
8422
2539
4670
3576
2905
2843
4374
902
9637
4662
4673
5384
3578
3269
3875
260
166
6861
1824
3942
9376
8381
4181
114
353
1348
2177
7384
1888
959
5811
9030
1721
5872
6433
3031
9897
3770
4674
5593
5496
3896
8089
3836
787
4158
270
9047
2629
1016
6315
372
705
6270
1440
5596
495
4121
3651
9693
9904
5823
3847
1511
2240
7834
2936
9062
4872
1447
2481
6426
4396
2073
4202
4834
4023
974
1633
1511
7041
2314
403
1701
3035
3487
6455
3380
1991
7582
4168
5925
7734
3975
5309
3207
9711
3901
4535
7066
7225
5845
1062
6203
6502
6492
3528
3869
6172
8680
128
7785
112
4647
1742
3020
769
2052
9120
4991
4094
1960
6661
9332
9654
1900
6154
2604
8267
877
3203
8181
6673
5464
119
5969
936
6405
1496
9266
2851
5489
2750
7633
7445
435
4944
3437
9688
1376
14
5025
3177
5225
6173
623
1651
2274
5264
4952
438
7486
3711
7661
8852
7606
7911
5535
5112
1576
9422
4003
6515
8236
3632
2626
4372
1394
2267
3117
8355
6823
36
8429
9483
3271
9925
9960
978
7052
9379
5280
470
3604
9215
6981
7237
7841
3785
2027
3481
345
9180
8758
9550
9582
7803
4498
9969
5336
3398
511
3112
4478
5128
4825
1512
3204
4816
8261
9142
3294
5673
3896
3358
899
744
5298
3897
1069
483
4487
3887
1852
6233
4206
6329
8858
8225
5955
2177
9625
850
2551
1992
2313
3308
5207
3380
2534
418
8666
2053
2606
6885
7027
9810
95
4862
1127
212
7311
1431
5560
1454
3989
9862
7120
487
9205
6999
9434
9623
2426
2709
8681
346
395
4101
2172
7107
6063
1168
3657
896
6957
4106
4550
5862
5181
7811
5944
3721
2730
2282
8290
1018
7401
953
319
3038
4706
8081
3722
2918
6141
7219
2314
1728
6553
279
2524
1530
5029
1341
7896
3822
5297
1998
150
3006
1663
7022
3545
3997
2563
8384
9049
3448
8858
5093
9247
9487
1110
4035
9465
1588
6759
1183
