2558
4102
1446
5382
1943
2671
318
1000
6538
8560
8012
3057
5568
6890
3901
8594
7314
5042
7297
5583
2827
5009
8183
6939
7065
9159
2391
5074
1281
607
8811
3583
2844
590
9675
7230
8897
4725
3444
2620
6192
6311
4468
5162
8825
6068
9348
7937
1207
7987
114
3951
7196
1838
6074
4463
9321
8791
369
8855
1898
6457
6606
5355
5997
4617
9957
4111
6381
9883
9489
7721
9695
5329
2334
7605
3448
1246
592
786
4105
1561
4307
153
8216
5853
4464
9358
3004
8957
3944
4127
4772
9525
688
8986
4181
7035
3354
6588
3247
7685
7500
8691
5946
4644
3790
2932
8130
4829
3013
1689
3372
5929
9688
5410
3844
402
9195
8860
6085
1870
7792
160
9140
3704
6006
5426
2233
8089
8667
2457
8426
5206
3670
2862
870
5795
5594
862
6811
4901
9352
6490
5797
5541
1332
5182
9156
3617
8049
1614
9464
6044
7692
5899
4172
4086
226
8789
8076
7446
9567
9867
2404
5363
2324
6207
4358
2226
4852
4885
1592
9946
7003
7497
8840
2915
3083
6271
4076
301
4053
3398
6346
3389
2209
7414
9489
1234
3834
409
579
3526
680
214
8479
9600
8027
3848
2751
8710
240
6941
3531
2463
9268
1050
8599
5319
2579
6636
5328
5340
5563
7753
5102
3845
5186
9845
4343
2306
3328
5249
7361
3134
2603
8429
6337
5713
781
846
3268
2066
228
219
6680
5066
6838
1761
7705
9027
9870
5127
1604
1392
1159
5340
7017
2918
2516
2043
3778
2984
5706
4961
6522
2016
2235
469
2444
8169
6144
4518
7497
4618
2146
2035
821
1693
7829
7267
607
13
401
4884
2011
9997
5774
9009
7518
7590
5259
9373
8869
3561
4027
604
9139
322
6621
3473
3829
4509
1943
3378
3315
8002
8398
2008
9317
7788
7237
7890
3519
6792
6047
6665
571
7913
9874
4909
3106
7000
2571
6495
2182
6648
7911
7544
5679
2760
229
4070
8688
7889
726
8439
2213
9839
8798
7614
2028
1005
5754
1283
2573
6057
1453
3111
7510
5782
7993
1189
3784
1504
6263
3715
6360
7403
3491
7992
2370
7044
8567
9480
4833
9353
833
3962
2228
1444
3812
7738
9693
6274
4360
2107
4859
9522
7487
7428
8498
5818
2198
4491
5524
6387
8947
7920
6990
4308
3569
448
5009
6364
9702
6634
4156
8953
4957
7725
9107
7717
5700
1840
670
4240
2868
3852
1344
5449
9176
4884
3377
6406
7613
9461
3771
9604
165
9768
3198
6120
4535
9492
960
4595
4822
448
5748
5652
3548
886
2134
6183
3268
2531
1841
8523
7889
2059
9821
434
6990
3306
9192
2769
5586
7925
8864
6759
9615
5471
8858
2203
8072
3288
1298
9054
6829
2943
2335
4319
1380
8167
5490
8077
38
9176
3643
6343
1107
3453
7992
2223
9074
5339
955
7502
7145
2977
9671
113
5798
8490
9783
7136
6920
1567
3979
9903
541
3274
4544
8798
584
3990
2378
4251
9566
5970
3984
3511
2382
8100
2117
6454
2251
4410
3870
9872
2215
6123
1029
8597
2573
5805
7753
5069
2603
7551
1488
3196
6474
4966
2010
2885
620
3526
1171
2054
657
2678
1556
6305
6806
3974
7542
4410
315
6924
6133
2988
2766
537
4797
791
4777
459
6052
8340
2741
3179
580
7049
3530
6759
6915
1975
132
4282
6896
6208
8771
9031
6283
3239
5775
5477
8338
1056
5686
6276
4948
2678
7268
6302
1076
3499
2702
7736
7388
6794
1275
8279
1099
9688
8767
6192
4349
3561
2901
6136
2165
6079
8152
9082
7401
7373
1886
3303
6218
1386
9186
4167
6767
4114
6236
9869
5869
1526
4687
6793
5893
8658
1791
1160
3930
511
4461
3158
4173
7455
2289
9187
4263
582
275
6386
1250
5689
7030
5678
2228
9758
3281
5496
1690
1091
6378
2124
2429
3050
2225
7682
691
9282
2951
4080
7332
2193
7530
2412
9831
7565
9534
1134
5321
6778
5721
2916
2362
9117
9722
3648
292
5776
4279
6780
6552
3998
5027
8638
9991
6078
472
5590
6249
6972
5126
3796
1470
1218
4472
4422
6639
4343
3359
8575
9600
574
6829
5972
6836
463
4688
9504
8237
6674
2586
5575
7711
7607
5737
7591
2543
4259
3031
602
4301
1285
8320
4280
7547
3111
3275
6938
3513
6080
1672
9833
2911
8534
4725
6117
6310
2161
1804
193
3267
5450
12
4364
1569
4034
4306
1899
522
5551
3091
3729
6193
7345
361
1680
2559
675
6249
4761
6057
6285
6349
5360
7386
8022
9954
4059
7858
8151
4464
233
443
8187
689
4383
1155
3634
416
6173
651
3893
4368
8336
4923
36
9894
1584
4063
8698
9812
2266
4723
2610
1858
4008
7318
4803
3723
7611
1790
8423
17
6891
7496
8073
6334
7685
7737
2013
7945
5059
470
7369
33
4314
5021
3281
8009
4877
6911
7073
8864
8574
5402
3747
9804
2533
4246
7344
34
3945
2668
9555
1508
4875
9694
377
4039
9954
4839
7669
9952
176
192
1152
1579
2244
1052
4605
1848
1177
2705
1451
8115
9948
5908
1523
13
7322
6511
6561
1260
3816
9041
8624
4188
5052
2242
9518
9488
7097
1889
9407
8681
5736
2893
8813
3906
4769
6796
5724
9542
3833
5819
4892
1630
6726
3123
7192
8363
1933
7236
9563
844
1900
49
1474
4285
8212
711
1820
2700
4350
7435
8030
2137
2639
1088
4772
1977
7014
8449
4770
9959
9666
9425
7048
2056
304
1452
7636
5865
6977
8666
3553
8615
7339
1808
6109
4299
8262
9010
6584
1776
6455
233
6856
5538
9481
6109
4169
8421
2454
1215
9138
7311
8374
4310
9060
755
6303
2884
235
6123
1226
4804
4423
2289
4038
5010
452
3258
4118
3750
9188
240
6693
4495
2863
3130
6634
344
225
3514
6070
3690
786
5154
4122
9726
323
6804
6006
1053
5763
5941
3308
5942
8337
2526
5651
4187
2524
9039
88
9544
1703
3199
4302
2064
6792
6628
5350
2278
4559
6107
2826
6326
1332
7141
1251
9598
153
7727
6826
6924
1006
780
9084
549
4356
2289
4086
4670
3097
9292
6832
4475
4578
4402
3446
514
2807
9428
881
2507
7703
3421
8965
1462
4077
683
275
1705
1322
6375
7263
357
9298
4994
5964
2692
5587
702
7970
5553
5359
1607
3522
4739
3963
9404
9616
55
8991
2990
6975
3498
9742
2468
1339
9328
7712
8311
848
4116
2139
6849
72
2220
1713
9757
6689
7767
6658
6747
9372
5062
5297
6867
7746
7445
6580
5043
1377
6373
1062
7094
5332
9383
9383
6003
3201
9942
6947
3839
9596
5409
6751
3856
1689
9813
6175
8464
8975
5523
8901
6378
9400
7347
3557
84
2276
3652
3748
552
1165
7678
5966
6865
8197
4086
582
8223
8027
5710
9288
7030
6557
391
8458
7337
807
6483
7234
3471
7450
2331
8337
5968
5832
2490
717
2542
7564
9573
5788
2162
4262
4983
6940
7313
6852
7724
8287
9451
8860
5322
6980
1313
262
5000
9617
9840
9558
3484
8332
3966
518
9812
7465
112
5043
4416
3230
5061
3934
7882
4642
275
4131
7540
3859
9116
5958
6621
9975
7996
281
2815
8747
2
1418
2248
6183
793
7497
7090
9218
8690
4920
3649
6466
4687
3115
5673
1835
3518
2206
26
1337
5664
4022
4201
7753
4741
2031
4428
9137
7222
5893
9009
6688
3679
7007
7227
4384
5415
8197
2427
6792
2749
1698
9703
6318
1697
9620
6329
9690
4540
5776
8631
4485
1772
2243
762
8848
7568
3172
6045
1729
5325
6549
7972
5688
8907
264
6918
5681
5119
9453
6201
1090
3621
9737
3833
9443
4777
467
3524
2973
7106
9497
917
3643
620
4655
4299
1485
9473
4695
629
4572
3972
6924
8572
680
8921
2024
7181
6556
2420
8118
8033
2947
2188
3538
5499
5908
2844
700
6894
3097
4326
2459
5736
8158
3060
2574
5247
1620
717
3437
1175
9541
9520
7295
8477
65
3903
5125
9010
3895
4763
1123
6919
6672
5800
9375
482
3638
8046
7314
7355
6802
171
6891
2677
2770
6152
2499
3644
7673
1686
7835
2247
9584
8756
17
9466
3482
6865
3938
4940
3302
24
7481
5471
7229
7181
7589
7377
2299
7266
6489
7294
555
6518
2717
2912
7755
427
1250
3236
9247
2482
323
634
5121
8853
8631
2489
998
9937
6019
796
5835
5518
8363
237
8782
9949
3257
5917
4713
7117
4614
4941
2842
6777
3638
7516
8526
1569
1985
2461
2027
4484
4699
7795
3213
6439
6004
5916
1240
2757
7819
1384
2156
4098
1806
4261
6807
4461
7453
9
308
7890
9949
7434
8993
6314
7112
6717
6254
9152
9265
2345
7841
1392
5669
5239
6167
7357
4285
5305
1093
5711
5472
3412
6028
5640
4550
3019
1563
386
679
9897
7854
6407
2673
907
7557
5804
3033
7431
6879
8026
5016
7629
3605
490
3495
4393
3859
8125
5782
2
2305
9877
7749
3027
5232
8324
6614
9891
5135
415
5801
802
8365
2414
1111
898
9081
7730
1963
4559
8566
5956
4474
9405
9898
5270
691
350
6309
6312
6466
3020
4383
874
6670
9913
8186
7065
4082
4064
6311
712
2345
4327
4564
8475
5266
3556
5619
9475
2755
7737
7414
9185
5722
8269
7606
3689
6655
2809
3746
8981
405
8827
1573
6706
8655
4106
4336
9979
7199
6216
2423
8033
2186
3645
648
6931
7607
3525
9941
8592
8918
2792
9859
9782
8285
8865
1483
3189
3406
4542
3149
982
5060
627
9765
466
2380
9243
4838
8352
4913
8381
8338
7102
1871
5095
2955
9530
8329
7081
8180
8334
5302
3248
7921
6455
3542
2365
5310
6896
1011
4354
2411
4960
2915
7320
2084
540
5289
4192
2414
1930
6619
8900
5117
4787
6478
8969
4707
484
5165
4788
1236
6306
1657
1942
5605
7015
5962
7509
450
1981
6964
8376
8142
9334
4917
9262
3461
4870
4106
4636
8814
9485
6577
609
3804
757
9146
360
2596
1252
5910
9274
8664
3358
1090
6333
5442
4315
7101
7820
4109
1904
6996
9636
2044
685
9310
8985
238
3650
4947
9395
4137
1999
7417
3288
1843
7766
8502
1079
6368
8751
2665
3598
9702
2792
8100
2985
780
7607
8658
88
7345
9070
6198
8539
2808
5193
9572
8013
9697
550
6488
1290
4707
6642
7252
2877
7334
8428
8
8811
6749
9880
4330
8262
7456
867
8821
1279
7272
8190
7229
9019
9267
5001
5232
2689
6455
7997
440
3229
4627
6021
3678
4500
9169
2314
2248
7780
248
6074
8707
8279
9998
9477
812
8805
9419
2083
7175
1698
1864
1301
5539
459
7206
8103
7781
200
5036
2430
4001
2047
5928
6420
855
6597
2182
9757
3609
49
3502
3988
2379
5183
3512
1751
9955
6638
3035
6589
2304
5111
179
4304
9015
1594
6720
4474
1209
4246
1883
6480
208
3477
6724
7925
8120
2354
934
2269
138
2712
988
7791
564
4728
6173
1637
5364
6822
3811
723
6499
5809
1386
994
6830
8093
4995
9960
4000
2975
3464
1702
9228
5300
5338
5454
9813
5054
1958
9118
3344
9405
2630
781
6817
341
6227
9617
9651
2721
4968
6859
8052
5541
5939
2208
7596
2568
5716
4308
1806
5942
6840
6661
4694
7136
9775
8945
8131
6878
1705
6037
4462
6371
4639
4196
5768
7803
8366
9984
1283
9364
446
8136
2727
2117
1744
7133
7636
3743
167
9266
2983
9695
3726
113
3253
7725
2951
6532
9796
1253
4595
2870
5913
7712
9501
4071
3532
3213
1984
2709
5912
1921
8633
6270
9327
904
8728
3631
2027
3302
2496
7975
30
6223
7454
7773
4075
5535
8486
3322
2205
8872
8600
8309
9141
6646
8450
1258
7521
16
3247
4149
7784
6541
1213
6017
4706
879
764
6552
1044
6961
3922
8165
8761
5961
2892
718
1132
6154
9951
7879
9235
8378
3709
6373
7829
6378
8275
2513
299
7159
3726
3124
2788
8059
2733
7173
7459
3585
9778
476
5604
9700
9347
9490
5132
962
1021
1831
6269
3954
4328
3504
7336
6255
2389
9035
4797
5216
3187
9328
8494
2662
6497
8662
4307
65
2590
8766
5654
2047
9917
7744
3774
9810
1013
7361
7913
8029
244
8478
8673
6075
2563
3431
5762
1260
4820
1531
6978
2108
8440
1483
8462
1026
2461
8526
9062
4674
436
6321
6767
3535
5649
9144
7911
8737
9164
1734
6453
1198
4933
3221
9741
5145
692
4610
4499
2644
718
1928
4072
3730
1716
6455
3232
5102
9525
4816
6452
8177
7651
5649
4482
6884
883
3416
6514
7155
6110
773
1444
6890
9893
6176
6101
5263
6305
1748
5265
8459
3096
4327
7986
1174
7084
23
3622
4638
7549
8594
9774
52
9535
3489
403
4467
2006
7651
2372
3198
9981
4738
5370
1924
4759
8244
8972
4834
5437
6161
7630
8470
501
2795
6900
4412
8611
2606
8757
1991
1562
5222
123
6077
6267
6568
742
6975
1950
4750
3280
1380
6494
6642
8667
4337
3375
2197
2631
6439
3995
5965
2672
793
8489
5977
3763
5544
191
5986
753
4380
3438
9553
9341
1170
7292
4535
7103
9197
9120
6236
5659
8266
405
6775
971
708
8641
183
2729
7072
7856
124
4457
4086
5801
7157
4819
2525
5970
4807
9742
7090
2799
5606
6584
2677
8118
7939
8594
1312
1806
3074
3448
7076
4838
3063
8207
9809
6802
7325
198
9074
9119
7362
9183
6180
4488
1347
4455
8033
2273
1167
8481
5916
9073
554
305
5147
2429
2657
6147
6716
8414
7252
6124
3494
9621
3525
5577
8301
8149
668
7716
3313
6702
2708
133
948
2858
1350
7252
3398
8496
9535
1884
3263
1014
4017
8427
1096
3780
291
9111
5238
5060
550
2123
3124
2773
2677
2750
44
9870
7991
9860
7521
4719
4309
7710
812
484
1922
4589
7553
8547
4620
612
8894
8212
4622
1115
9600
9904
4223
4992
5713
6146
2187
440
3922
8299
987
9539
7328
9906
1027
5021
1478
2631
6937
8000
1007
9800
2781
3047
9415
8429
6041
7006
7165
1934
6214
5509
8999
373
2312
7827
6658
6910
2712
3991
5555
3611
8268
122
1391
5651
7604
9104
7348
4938
356
9102
4066
5996
649
6421
8794
8147
2314
7644
9729
7961
3213
7516
1200
2967
1858
8756
8060
3531
6896
1149
4813
9480
7418
6824
9181
3672
6430
9236
9566
3452
8026
5051
664
9028
4747
1292
2511
6921
5155
9203
9309
6872
1158
36
9969
3658
8385
8872
451
8734
40
9982
6866
4216
6571
4322
8589
9666
5268
7371
2586
4784
1487
5757
5142
3922
5782
7151
4698
7315
6872
6472
5302
4559
8982
4851
6220
5169
2090
7921
5916
4137
5988
8781
3656
4957
3474
5162
8179
1335
3643
2137
8299
2044
6968
1815
1983
2268
271
9267
9343
9029
9838
8125
4095
8434
2001
7034
6615
1857
6351
5284
9210
5394
8679
1183
5297
1308
9219
9366
1604
5146
8934
595
2948
2690
9559
5213
4263
2933
2010
5036
7153
8898
8103
8312
1212
86
1226
9519
4436
6942
6614
7750
690
4893
2582
279
4018
4328
8674
5336
291
9519
2410
924
7498
9782
5842
8691
1171
5730
9690
9549
1014
3263
3929
5995
3586
1869
4214
6662
7417
1340
9570
377
9479
4540
9365
6377
4079
6919
259
8502
5284
8394
8651
4089
6545
6558
2316
6397
5735
9845
2612
4650
2113
1952
3623
1996
1892
5486
6824
402
5144
1326
823
8755
9261
4357
6279
5643
5724
5915
4315
2210
60
4864
444
4670
1502
6284
9577
8607
1621
628
5372
1672
4661
1113
4645
958
9367
5306
7462
2040
4358
3209
5561
6230
7961
1147
7137
7790
7133
1113
6220
6226
5326
7764
1538
670
7987
854
8654
8685
4611
3843
517
2251
9399
8477
2151
4660
3390
3687
5745
2011
3831
7777
541
7000
9230
6499
3927
73
4998
2229
8108
8553
9263
6698
7569
5197
8181
1005
3085
9643
6917
2868
1125
3766
4060
1121
3970
6740
7197
1976
7440
2448
655
3514
837
523
1345
1343
9388
3150
7435
2915
2622
2970
9746
6247
5917
7120
215
5416
5868
4573
3342
3373
8637
973
6950
3898
5016
2273
4361
801
5573
9627
833
7832
3319
6389
5205
9845
229
3249
9295
822
7974
3419
9308
4142
7129
6299
7119
5754
2142
7751
290
2689
9683
7797
6682
1177
5679
2414
7045
6871
2277
7438
1155
718
6774
4152
5278
4313
5638
1495
1704
6611
5049
4351
5728
8627
3641
3329
1728
8022
8631
2317
1205
8548
43
9778
6908
1157
5866
2145
7030
9180
1540
1568
9016
3569
5110
1738
3169
6733
6690
7891
1976
2526
9449
4970
9010
6955
9123
1031
461
6225
2347
8499
4861
1579
2057
3975
9776
7120
4093
1181
9567
5255
5253
4691
3651
3269
7211
4350
9666
7815
4574
5178
8837
5451
9244
2271
3863
3192
6873
8688
4700
4079
8878
6782
5483
9865
2832
5065
3578
5727
5756
9878
4596
8681
1117
7915
9658
510
7977
7351
9411
7930
526
4512
9777
4126
356
4324
4226
9872
7087
6273
2911
9987
2644
5136
3973
6450
485
5115
3709
6854
3739
3712
6202
6680
5727
4061
2991
7007
5205
6011
4874
1098
2949
200
6417
9770
4007
5052
9528
3415
2235
349
8619
6419
4850
1198
9070
2427
4828
5090
7695
2345
7391
5454
6724
8839
7632
957
4663
9662
4002
3805
363
1820
4360
2614
7545
2884
6392
7499
2044
8927
4943
7385
8053
7137
8939
396
7851
7559
552
977
1762
3484
8170
5110
7351
9786
5572
7262
9622
3613
2451
9345
5209
4003
2683
5567
3677
6976
3115
3061
706
1486
3999
4152
2943
6002
9154
7135
3471
6490
1214
6109
668
3730
274
8363
6886
6421
6686
3029
624
3185
4814
107
1592
9091
2497
2807
4833
7522
8565
7438
7647
5847
3808
4591
4638
2810
4845
4633
2110
8024
7730
9050
1647
3952
6858
7377
6182
6381
6388
3733
937
8077
4214
4782
1533
5345
9695
6273
6185
685
40
5258
6726
8175
6422
4706
8902
700
5040
8895
8237
6214
1063
7674
6209
2794
5830
6460
8858
5781
2535
3378
1093
9207
1920
9600
2171
2800
8792
8882
4217
9030
2362
1421
9387
3369
7973
3924
9322
6013
5245
2966
2592
8167
8610
9764
5236
5891
8538
5488
9574
3474
8702
5794
7176
1681
7870
7044
5622
3844
5538
9069
4276
4289
8046
8411
9667
889
3216
4489
8576
2418
6281
3552
3081
4735
3958
1546
9101
4001
7083
1969
7647
6470
8091
7702
581
1072
8870
302
6307
8529
1103
8103
6064
6178
4312
6680
5714
9699
5292
22
8427
3964
8041
6179
4751
498
9273
5456
7440
9846
5467
9796
920
1879
1011
5397
6354
7640
2362
1874
3670
7388
6291
7267
2271
1917
5788
2760
2219
3595
9949
9407
9342
4994
9872
817
3603
2981
1180
6923
6769
231
6544
8523
6869
9064
3129
7776
5010
6684
5296
1684
2369
2631
3683
8758
6918
6389
6622
6927
5714
2006
3222
2551
1551
2742
2242
640
1259
3995
7398
8351
5875
7000
2109
7579
1131
5614
9858
4750
1048
4961
1275
984
7051
4025
2371
6451
2378
7471
7475
3058
9964
1175
2636
6066
3008
7614
4083
9362
3466
5624
505
4015
1756
428
9478
7224
6093
8124
706
2001
9417
4172
3615
7778
5397
9619
3463
4031
7853
7535
4621
7091
5036
8115
3746
2581
8806
6156
6007
1837
8629
6449
3402
400
1567
7816
3103
8214
5968
2198
700
4893
9737
510
465
4262
3061
3867
66
5694
4788
9177
9346
4167
7414
8461
6430
8212
8437
8180
147
6756
1007
6185
7324
9205
7823
992
908
2682
39
5376
8949
4023
8348
3054
6643
5785
8766
4116
5209
3266
3731
6176
5925
9778
2847
2761
6641
8130
8961
1868
4793
5306
7581
1380
6133
5795
2322
7944
3778
8310
8871
9407
9809
7202
5415
3742
1195
5597
4805
2850
2351
5090
4350
5977
7066
3113
3066
7355
6978
3124
7918
6790
1327
3013
6882
4935
8566
1261
6954
3492
708
9135
3155
4502
2947
515
4443
6196
8012
6407
8653
1834
441
3072
5272
5640
4293
2782
4172
1111
8115
6013
4848
2087
4872
7400
1490
6804
6774
6280
1484
7735
757
5994
6463
3753
7904
4734
511
6946
7706
555
6459
1055
4955
7856
8839
8369
8619
5558
6312
8514
7289
7170
2555
2691
6424
598
8850
6641
1991
3047
9980
7879
8779
7369
640
6956
2012
8102
3478
7388
3369
6990
9282
9701
3608
3111
2846
7032
3326
1958
9490
2255
359
966
6979
4222
1411
6149
3045
3970
6366
2783
5966
9974
3482
7873
3209
4468
4698
7311
8276
1800
8525
8626
7686
2752
7109
6985
1920
6624
2580
6848
4319
2179
4562
2142
6811
5931
8782
7912
304
6649
9230
9427
6358
136
1972
9959
4847
5060
7855
8367
1948
2424
2619
6508
28
9605
934
3625
2115
1838
3904
6778
9842
5488
6606
7565
4425
2448
4763
339
6406
9708
3292
1608
9528
8515
2046
4205
5093
1104
8943
231
5876
2385
1397
3537
8967
6551
7679
8220
9721
1686
6486
4086
768
4380
639
6280
8431
9791
5264
3818
1467
8686
3260
4449
6616
7321
141
9
5423
6813
157
4717
3934
263
1185
403
6268
9402
9363
4805
599
1116
1594
4218
1900
1978
4264
227
5666
8428
3072
3009
5684
1588
7217
6947
3449
4191
6900
1325
2450
8398
5742
1045
303
8030
9938
1911
2302
8211
4086
8537
6433
3332
576
3464
4555
1359
2542
9729
8455
605
1679
8492
2452
880
1376
1074
2065
5273
2182
9983
6593
1751
3733
3810
2395
9578
7596
8338
6417
8485
8990
9787
5147
8161
4973
9782
304
990
3684
2358
8592
1060
1329
2351
7040
5736
4749
785
5410
4331
4858
8642
5473
284
2888
9273
598
9086
8627
4470
9306
8964
9325
944
3657
184
6099
6870
2111
6779
2863
3735
9314
9318
5338
1534
1691
9040
6379
3828
7314
3592
6625
9561
1829
7586
6873
4237
2324
8095
2108
1801
2717
3316
7479
3147
3023
9389
1208
4030
1853
8906
7587
72
2225
775
4862
4333
6281
7338
4255
1696
9155
486
4272
9242
2513
5644
3644
7715
4633
5249
7641
3805
7388
5562
2706
2081
3233
8755
9119
1985
6173
6080
2131
4284
5729
7595
1362
3696
1759
5436
4077
7657
4506
9767
4076
6296
3898
4238
6678
2479
1161
8263
1520
1800
2925
9417
6208
7477
7554
1664
5260
19
6019
3632
2596
1272
5845
1110
1977
5419
81
6761
7000
7522
4251
3423
167
8710
115
6845
5851
2100
9512
8567
5076
1053
4132
5013
3285
4252
2056
6230
9700
711
9924
926
2906
1231
163
6731
6247
5058
3281
5669
2645
8624
7658
7732
4103
2586
7713
1356
5583
3414
3769
6531
3273
6527
1044
483
6375
4650
4693
410
5529
5299
964
6254
7784
2133
6189
6719
8448
9721
8101
7285
1080
2342
411
9032
2047
3911
9495
3663
8293
7050
4770
1824
5491
2660
833
8213
3256
7554
8623
384
7537
3802
2053
4565
1139
240
2713
998
6808
340
4337
2924
4660
2009
482
1121
9507
9921
7609
1466
5810
8099
3733
2721
2086
8991
7184
5842
8860
568
7784
1467
3934
3888
4926
9158
1551
4369
2857
7587
99
5303
1448
2110
8846
28
3539
5136
2744
2683
2044
5538
2569
8374
6360
540
5719
1715
7764
7451
1433
5617
5893
4193
9318
9225
8256
6214
3039
8207
2035
1084
6518
6199
9838
6656
4634
6596
785
940
3264
379
2964
266
5823
8807
1101
3843
1288
7446
4705
1398
5808
7313
3114
1972
2444
5496
5009
6807
4824
6236
6521
9811
2772
2342
4856
4853
907
8580
8226
5576
4401
5396
6691
8134
7640
3561
1673
8715
4287
9243
8588
5510
7528
4027
1547
1225
6180
1443
6228
1887
4606
9724
5296
6557
6273
4713
3705
1377
1110
1
120
7815
3678
8234
7295
8763
4856
2273
1856
3400
5871
4854
3672
1615
3123
4307
5692
5795
9571
7565
9454
2849
6116
5268
6972
1630
3073
3957
6021
136
5375
5374
217
1550
8202
113
8172
7419
2578
7778
9942
1710
7292
1819
4746
8517
4758
8831
6321
1128
6539
4314
2642
3314
7615
8919
2689
4777
4312
5212
5473
1759
7785
4784
4471
7969
2204
5037
7469
3628
6586
9264
5599
2560
4698
2894
9813
9581
2117
400
9326
4490
6834
1726
4597
964
4659
170
451
1443
3818
3363
8672
7801
5449
2507
2487
8467
2181
7730
5270
882
6582
9841
9903
6515
9646
2930
4398
650
4995
3132
1494
4142
779
3005
906
4237
3683
4097
1909
3296
3404
527
3351
1354
2834
7490
1261
5402
7722
8452
9212
1167
88
6950
8729
9403
2682
5133
7096
9872
4773
1447
8687
6312
8970
1308
7205
6497
7284
9023
4109
3908
5664
9362
1961
7078
1433
1977
3181
872
9120
2615
914
8713
853
9910
6611
7404
7236
2418
5927
6916
5902
132
9051
7467
9555
6957
4427
2098
7481
3160
6381
7891
8940
2402
8187
9522
1042
1045
6331
2402
5242
1056
7196
8548
3440
5698
303
9209
9279
981
8512
7737
740
568
7695
5341
3978
9621
6783
6422
5272
3937
5979
7888
4371
4369
7120
5329
9201
3802
7163
5708
779
3217
8591
6978
5838
9169
1875
6136
7295
6010
7766
5091
9800
2487
4640
5248
7604
920
790
9680
866
1022
6025
1376
7001
517
6460
2919
361
1979
7360
4489
6585
47
3327
537
6499
4213
6097
9179
4376
7974
8589
5543
6305
9315
576
4217
5155
8346
5267
8213
7518
6498
5852
8967
2498
9841
2324
5929
8623
5725
2128
4479
5736
9934
7918
2380
3986
3938
7358
1319
623
8347
3722
4919
7089
5283
5908
411
9277
4207
4139
7799
3326
7794
952
5225
8867
8776
2427
602
7622
179
2670
1808
6330
4226
402
671
8224
4509
2638
2303
8614
1198
593
5673
6861
4345
3008
5900
6613
4940
4800
8924
3799
6001
722
8282
5662
5312
7526
3294
5619
5857
1037
1984
9076
9440
2879
6311
5297
4345
3189
5849
1891
1635
4629
8225
7880
8169
9992
1886
5119
8147
5641
7832
1580
7891
1356
9261
2665
748
3880
6394
5162
8749
8226
6837
667
8234
2232
759
2088
6987
3095
4855
9209
9166
858
561
8519
4056
1359
5526
3487
1897
9127
4941
7875
9550
5594
9559
3351
1055
8437
6240
2415
2456
7345
3954
5714
2485
4625
9683
8122
3911
1128
7150
43
2387
9140
6287
2654
7450
4619
1912
986
3507
7696
2577
8205
180
5730
3340
2412
5887
5170
2166
1061
5593
5567
3018
9757
2294
63
1167
6171
2768
428
4786
6688
6007
6872
3758
7937
8850
2015
1287
5634
6931
9672
183
7169
3881
5351
720
5244
4351
8594
2128
1408
2850
9262
9362
4608
2751
2485
1504
7486
5579
8646
8326
7721
9068
2618
8131
307
8148
5534
8729
93
8831
1762
4259
9409
7010
5292
1574
7020
9507
4794
6624
7590
6039
7923
7933
9231
982
7224
6617
6744
3291
1452
8336
5243
9159
732
2736
1160
3238
2429
7168
8718
6761
1458
4026
1346
5394
3735
5443
8318
2207
5165
1100
4553
9629
2209
1777
3903
4717
1291
4591
9597
7588
7440
4690
3483
7005
3397
6075
3334
5225
4017
8417
2201
4279
5197
8975
9127
5246
1322
1243
9272
7302
7535
8519
8686
6247
8078
2816
9906
3850
82
180
2896
9883
7224
9313
3996
8800
8102
840
1631
1571
5932
5648
5266
1819
5478
390
8277
3929
8795
6594
4989
1214
3781
9350
1752
9514
9501
7967
622
7039
6914
8670
9158
6740
1222
1328
5762
3398
789
9497
3112
4760
9779
5760
4653
3547
1857
4756
1328
9016
7756
7084
305
4314
5634
1851
2108
3066
913
2146
2870
3314
7214
9008
2883
5186
6223
229
6465
4657
7142
8260
1796
3739
10
4966
4751
8217
4675
2076
2684
1791
6530
5964
1224
5742
4283
7884
1118
6906
2032
2013
334
1301
6363
9807
9354
8922
9703
4162
5965
9462
4940
4908
7848
2401
4773
7911
1626
3179
3471
546
5932
7969
5761
3783
9462
3982
2755
3613
9553
5614
6732
388
1018
4398
4076
1101
3280
1839
2914
7996
3658
4554
8347
6758
8344
4605
6584
4596
4708
1572
8138
3434
2980
9346
5325
8577
5440
7854
5614
3024
2842
9979
8074
9386
4079
864
7845
736
1928
2310
2676
8391
6141
2672
1239
2484
6983
9076
2503
4372
9696
9959
2055
1497
9290
7256
42
6686
1544
3522
5217
3515
8877
7909
6447
708
559
6206
8459
156
6215
5731
6401
2295
3481
7515
9894
572
1994
4234
6709
9737
5346
8090
7963
7474
5392
468
4123
8849
7620
846
6095
8881
1277
1471
3853
4646
5392
7790
5393
4819
5345
6073
5004
3263
2017
1665
7417
6082
2725
5858
8
1545
7966
1104
9465
4361
1930
9500
3350
576
8487
8455
9549
7206
2383
2270
4969
2595
5189
9843
7932
1323
3994
9212
811
3092
4827
8724
2006
7560
1851
912
9842
9558
7897
4684
1621
9410
2622
1716
1518
3069
3685
1935
8254
2383
5223
4837
8807
4641
818
3521
4399
1847
8453
1745
6992
9514
6139
314
9776
5236
8977
1497
2649
3588
3701
8068
5284
962
4510
2015
1910
3149
6546
1563
8247
4175
2632
5529
8218
2402
363
7244
9822
3419
1799
7931
241
8133
6931
8102
9532
1929
7019
496
2255
2569
6584
9179
7945
9244
8846
546
3859
9139
899
2207
6458
8394
5351
2269
5288
8027
1460
1271
8062
6524
2355
1999
4848
4200
2728
7164
3053
8891
9292
7226
3321
9735
3333
9381
8201
4468
3732
6944
4458
213
8042
5599
3742
6437
4440
1558
1044
3727
3890
792
483
2861
6846
8705
2850
7689
4335
8847
6375
5311
5481
1259
3531
5747
9616
2246
7671
3487
6562
1726
5229
8181
8653
6544
2628
339
910
3623
113
6644
6263
7586
159
690
7660
5604
2876
3610
5355
1317
3887
2744
3973
710
5417
625
5325
8162
7479
4688
8236
4895
3137
8152
3071
5956
5043
24
622
2949
2405
4252
2841
5865
3448
2160
6561
2637
4928
1167
3600
7841
4361
9562
246
2352
7751
7269
7569
9437
302
5915
7992
1016
8314
689
8404
7152
4748
7016
7211
8019
4322
6860
8091
209
1554
1738
880
3423
5763
1678
1858
6407
5207
3034
2558
1724
5753
6498
7598
5835
3455
2516
1880
4077
716
6486
3072
9657
2581
1032
3115
8070
8765
6184
3265
2270
6880
1220
2254
1167
6680
2745
8213
4251
1375
2363
3697
2239
866
8270
6202
5888
7423
7472
9168
7057
2555
4425
3575
4497
8993
5995
7680
8242
9258
9124
8831
516
3846
7602
8094
8032
6245
4726
8301
9249
9765
2065
9092
5228
7464
4411
4920
1472
9073
5298
4149
4936
9658
3919
6126
3502
4917
3397
4190
9978
158
1267
9866
7671
8137
361
9125
1958
7309
743
767
9869
3820
896
9211
2631
62
1997
4780
3695
441
7086
3163
6871
3199
6044
3080
1714
8180
490
1402
8754
8155
186
4
507
412
3356
6823
8711
3683
2640
4782
1043
8104
2877
90
7926
1111
6490
4506
977
9372
7561
3382
2882
4813
5428
4232
8531
8115
415
8456
4479
9045
4813
2947
7205
7507
5199
823
9477
9917
4135
9694
5895
3870
3866
6388
5099
2952
100
8950
3978
2077
3270
2345
1340
1271
8106
6692
5475
3957
807
7004
6389
3090
9072
634
711
8227
9782
5978
7476
9085
7198
1331
5149
3921
1182
4334
9514
3046
4384
1589
14
8497
8201
8185
1097
3362
8371
3135
6344
6030
7990
4953
8039
5509
7126
9917
2374
1904
9734
5860
6345
985
106
5969
6985
3750
2410
1787
7768
2419
2658
3593
2434
6875
9590
730
9822
7155
1587
4990
6820
2483
9521
7428
7481
2049
3829
4144
4406
8028
4626
9560
4951
4563
9663
9068
9167
7504
9972
9952
6600
9284
5694
7784
2312
191
7634
6943
3327
6636
4110
9539
5389
6103
7035
160
4961
9692
3007
407
9787
7709
8463
6699
3859
7232
3329
5321
7027
2931
3935
5041
5519
1277
8183
3877
8629
7218
7152
765
8399
3330
2008
1012
7494
8446
2856
2930
384
5944
4729
9943
1002
8903
6511
3969
1872
6532
7283
5226
8185
6564
1519
5106
2001
162
1187
7540
1710
5559
8564
7415
2979
4585
1348
8291
1810
4173
6781
9086
2652
6107
9462
6899
2693
5357
4936
4349
3411
9619
7098
3109
3253
3414
5801
7766
5809
6102
9940
6281
4325
7427
3
6562
782
1541
5527
2966
1655
9864
7692
7687
4425
3719
4732
4846
2081
3795
2605
7988
432
6049
3530
3421
5980
3262
5568
9586
2371
623
8463
89
8639
5513
5904
9954
1381
2121
3221
3184
7560
5746
3467
3747
3211
4257
4333
718
7075
3054
2051
1978
5178
6497
8087
2006
3840
9567
4504
3385
684
6560
5063
5126
3649
3485
2271
9803
9323
1003
8786
7718
4041
2031
5710
963
596
6733
2622
1894
2957
7809
4364
8274
9366
4777
9253
4965
902
6861
6805
5568
9328
3052
4642
3254
8461
8468
4772
7040
6005
14
3409
2314
3069
5331
2775
1614
5099
8415
7715
7195
4069
8721
5134
4977
1367
1323
247
7756
5603
3469
4956
1387
2546
3752
6354
5420
537
1666
2564
5733
8695
4693
2231
4369
9850
6035
7628
950
1394
6635
8943
1839
9597
8241
9725
9403
1713
4445
7442
6497
1737
4466
8528
93
1606
1145
8204
3580
1655
4617
2242
1968
3252
5749
3160
8944
9891
4947
7632
9440
2093
9125
9575
9016
4235
6357
2299
6403
1194
337
9498
7734
1661
8337
5957
3563
818
5841
5923
2970
6141
1839
7522
1715
9536
5731
9896
3226
1084
6294
5528
8703
7921
1440
4608
1897
241
4706
7022
2942
7139
5452
4323
4881
3524
9965
4640
9401
4359
3749
3501
6426
7629
5448
5401
211
2144
8017
171
3155
9785
8112
6934
7176
3953
7506
3004
373
4501
7099
3817
5216
1490
4803
400
4069
5424
2986
7652
4682
3996
3753
1516
3649
2685
2519
1689
2339
4903
7252
1028
1199
9198
8182
6208
8399
610
8061
7711
3
9561
8293
2657
9324
6107
9096
6887
3959
1591
6589
8789
8771
9490
8673
773
2513
1199
9840
9384
6280
7050
336
1080
4530
3647
7339
714
5511
3544
4119
9183
5796
1555
8355
7945
3543
3506
3216
9018
6729
4667
4377
5175
7720
848
7681
1980
1680
8105
5992
7354
5334
6685
7913
7099
5297
5024
3747
1686
9317
8150
8322
1262
5389
4806
7977
6837
8740
5785
8943
9453
3969
5554
4979
6303
6796
1368
7404
6133
9841
5518
5410
7265
5968
5091
4659
289
1167
7013
3603
9738
9725
4865
2259
3281
8003
613
4796
6713
5801
6151
3608
470
5633
4638
4718
1584
4596
6174
2728
3651
7080
4433
4242
4483
4731
5633
1826
6077
7151
4194
2926
3433
7106
9084
4254
8172
72
6374
8895
4825
1191
8750
289
2087
2831
7061
270
7982
692
3447
5336
8811
4761
8616
1837
4499
3275
682
2233
8869
4999
811
6601
4263
1753
9163
3239
5842
5730
3340
2967
8042
5077
2866
2989
5509
7454
8426
5016
1566
2287
5590
3711
4817
8473
3446
8615
2390
6835
2307
9406
443
1034
1588
3911
5641
1238
3508
1346
7161
4900
1195
8823
47
3797
9896
9711
8980
8338
80
8335
4674
3338
6752
4658
1209
3018
1679
8626
2399
3528
1935
9027
1555
1693
3154
7804
994
7756
6680
5155
5907
1650
4791
1395
653
7724
9396
4173
7064
1440
6477
2120
2417
6329
2169
7094
4871
2354
6743
5797
9602
6158
4467
7374
579
5618
3991
3357
7638
5264
6494
2958
4981
3809
1475
2736
1622
3485
7785
6345
8693
314
6820
5638
6540
7583
8324
6413
6078
7108
9297
2961
1699
1192
2562
8417
2893
7918
8392
7134
4474
3766
935
806
578
4723
9509
7026
9888
6974
9771
4344
9582
3318
7849
4094
1465
4161
8581
316
2483
2324
7811
1068
9239
4027
4305
8721
7191
2054
1897
5873
8033
1633
3370
5393
6032
7102
3552
4763
2943
720
7023
558
4360
8278
1727
2707
6747
7939
4225
4263
8394
4678
9568
5642
4209
5755
6451
1138
7939
2941
1551
6892
7759
7782
9465
1121
5505
2644
7592
5265
677
9354
4969
63
5639
5776
5196
25
3462
6808
7324
3794
9158
3695
1228
9757
2469
7291
6717
5352
2997
7559
9404
3347
5304
2824
9560
9547
9114
6587
9409
1864
1976
6718
5084
2463
8462
8136
7347
8517
5262
8469
7113
1073
2605
417
4283
6171
903
416
7746
4391
4691
8664
8261
2969
8337
1836
3708
3012
9791
6967
8959
5539
9771
3777
7069
7650
7923
7840
7848
5338
3352
4989
3741
2887
4769
7378
4657
5016
5708
3342
4839
4467
9679
9781
3247
8018
2013
694
6744
2398
6980
5274
5462
3014
722
6294
9215
8764
8504
1661
2847
380
3431
5366
2827
6394
8087
741
1794
6055
2695
6152
9008
1728
1214
336
204
7891
1440
7674
2385
7326
188
5481
298
5046
6066
6130
2439
9072
4018
692
7676
8960
79
8034
9960
908
7523
5374
5410
8396
6844
1459
960
3969
9508
3151
5458
1871
5326
379
8171
9528
3148
4329
8607
2006
9102
2313
8728
2276
9957
8664
9939
5562
6885
2197
7079
2979
8217
337
6326
1116
3056
6819
7707
7628
8949
181
2275
202
1564
5230
5913
4064
3240
7404
8458
6010
4538
190
3255
1451
8452
1708
1288
1276
8476
6404
557
8321
3900
4594
1440
9451
3318
603
2934
5139
6948
9670
7877
3289
349
6870
5695
4794
9636
7304
6013
1159
5419
7654
6439
3176
117
7350
2287
7580
9240
7827
1165
3387
6705
3142
8069
8379
610
7744
3509
7451
8006
3574
8906
5696
4773
5545
3491
9321
7651
3936
9213
5857
5683
389
3325
4768
9306
4810
7724
6766
302
6902
204
9334
9628
2415
7961
6242
9224
2581
2459
6217
9279
5193
2040
8274
2473
4392
566
1027
4651
7033
3806
9594
7480
1486
6428
2231
5576
1962
3251
4117
5888
9024
2237
4676
385
707
672
2100
6285
3471
109
7359
9603
1795
6706
2259
5692
4714
1102
3274
142
7029
7892
872
9518
902
7785
2257
6546
4427
5176
5669
5252
8902
3861
8458
2387
5973
6623
5011
8868
8018
8718
6082
6374
4745
9163
2567
4290
8449
527
9764
2145
4505
5988
5119
2999
1169
6360
4818
2494
4962
2527
2435
1278
2907
5432
2235
5479
3241
3160
8822
5025
4658
4467
4326
2235
2734
5305
1987
5280
8626
428
2595
9511
9066
7264
6322
1305
2946
3580
9934
5054
2274
2269
5618
1936
6788
8009
7037
1777
1299
9360
8862
1225
7698
7535
4127
5975
5222
9151
1051
1656
2432
2298
4588
2278
3003
8589
3381
1720
5886
8009
6793
4951
2847
3956
7351
64
3141
4076
1843
9509
4264
188
3345
3822
3047
4935
5184
526
869
3712
7857
2352
7792
8668
9315
7152
752
9984
8285
4678
281
3556
9751
1133
9485
3081
9717
2593
7073
3606
8928
7495
7146
7630
5603
7895
9412
4142
4815
2468
8879
3218
8988
7836
6086
1447
3628
1850
6909
5819
9821
345
9430
6817
4924
6099
9216
3040
9296
5272
2445
1883
9786
2090
3471
4844
3847
9845
1950
7721
6575
4044
1688
7448
4957
6830
4854
2927
6011
1048
1670
8308
2890
6484
7386
4307
2715
6415
7917
1070
9997
2247
4541
6446
5203
5715
1482
7144
3665
7630
313
7803
8563
3979
565
3910
7706
7740
2051
2230
8372
1997
9552
9693
8759
955
1065
5182
7290
9283
646
8341
1407
3029
9669
388
4033
2310
1455
6135
2374
1109
3992
6969
6753
3509
8904
9424
4391
5785
6641
3619
4603
1759
6349
3772
9976
7139
5846
5736
219
788
1409
8618
9083
7011
6600
992
1654
8151
8898
686
5417
7998
2753
5463
5291
4862
3031
8602
5910
7546
7094
104
3396
2336
3843
1651
7170
2350
7430
6546
9187
1013
6049
4594
5764
5382
4122
2967
6183
7705
6151
5504
846
1021
8005
9272
2774
9546
9749
4440
7278
2161
804
8921
658
9189
2997
2376
6856
7299
2589
7891
870
4476
1610
1967
62
9651
1249
1612
1672
258
7987
6560
6794
7959
8459
896
9014
8140
1398
3102
832
756
4128
6091
4299
2241
7351
1309
7487
4883
9822
5916
8056
9323
8960
1207
6894
6733
4479
5044
3517
6164
8440
4244
7969
5471
5765
6516
2367
8009
1311
2704
9538
1703
9693
9058
2257
3914
2333
680
7450
36
9854
5188
5405
7255
120
2460
9975
1481
5016
5538
4634
1172
5164
9582
3253
3241
4440
5720
1333
5349
9474
8866
8536
5052
4320
3009
2905
466
7468
9772
365
3497
1440
364
4857
8564
8724
5444
4302
6713
338
4395
3714
4021
3250
2788
5164
6362
8951
4111
1996
4212
2245
4392
4069
4441
4221
1628
9639
2254
854
9980
9629
9334
7962
6827
7104
597
730
8834
566
691
1935
9570
8843
8333
222
9465
1226
4389
7095
1181
2440
9865
507
3830
9725
7473
3639
3417
1488
1890
2897
334
253
7216
8381
1379
6230
528
13
4633
5092
5739
1187
1420
7784
8846
6852
9953
7202
7822
412
5527
5020
1833
5399
4048
8293
9800
4163
5961
7782
4833
6896
3413
1714
6793
6288
9192
7710
6007
9745
2991
6298
9715
1412
3917
7148
1005
6441
1871
6840
2074
889
49
5486
8568
8032
7802
3632
7683
4085
7666
5325
721
3351
5381
7279
3064
2357
6239
2286
127
3130
8342
9263
529
2500
328
9308
302
4383
5801
8065
2507
5651
7886
1712
858
4055
3320
9922
8021
9248
8376
571
5236
6666
65
9753
190
1377
4444
8728
9804
8156
6820
4228
9848
5383
721
4413
4020
4444
1330
1904
7912
638
6707
2120
6051
6689
8767
4704
8498
5705
4622
4163
3663
9213
7967
50
9137
1623
8546
594
1985
4412
6060
8623
7020
4627
4877
1089
2868
9907
14
3402
2338
509
3731
7352
9126
1907
833
925
5327
3987
2953
6969
8630
9429
7554
2193
5524
4333
9333
4574
5171
9324
9794
7492
2322
8954
3376
9549
3123
2248
6817
7154
8894
4709
8979
7861
9048
303
2803
206
2863
8708
3293
2944
1292
2116
8782
5719
1291
2820
5066
9313
3350
9298
8489
4854
3117
9904
4093
4325
418
2927
1167
3756
5681
2586
8439
5827
6685
6539
5801
518
822
9774
4028
3486
4950
3472
1607
3578
5642
755
7381
9343
1470
8385
6663
6057
7457
8426
5928
221
9592
6349
3788
7357
8142
9135
5457
8390
5177
8170
9512
4138
5256
6357
1725
8741
2104
8316
4017
2846
1686
7372
4441
6780
9807
7261
3407
3890
2483
7836
9830
6137
6168
3108
4092
1416
3562
1689
4760
8738
9168
6640
4322
957
1594
8702
6082
5690
9350
9468
5872
6454
5058
2660
9515
9084
9868
3515
8773
8388
6614
3770
5163
9404
2005
1834
3347
2738
1160
2635
3742
9579
1893
1314
109
5715
1439
797
5055
2369
9364
9204
8744
7750
7299
4206
9502
8226
3658
9405
5133
2164
1006
4967
666
6108
4484
9426
9221
8302
5964
5787
2871
2581
3021
2834
2923
9649
6027
3846
761
6158
2613
153
7917
531
8507
239
5367
6740
2717
3641
5339
4964
3167
4824
6296
155
3497
1648
4342
4960
6650
5259
5944
5603
7996
3302
81
6058
7090
9532
6228
5381
3326
9213
7555
2848
8400
1627
505
1653
521
2513
4915
1867
4174
8240
8584
7391
1847
7656
1770
3693
5271
575
2277
8731
1654
3889
1268
8530
6137
4084
4947
8746
4371
7270
9918
1825
293
4661
1145
4360
1010
5051
9289
9883
3581
2885
6063
9402
883
1230
709
376
5
9820
5105
8911
9822
5623
6407
4846
8435
9425
6682
7969
7208
7335
5987
9419
6191
5506
1978
2851
3179
3882
3169
5368
4419
2104
3745
8721
4946
8647
4667
9350
747
2662
6384
693
4249
7612
3885
9890
2708
3369
542
7422
8993
372
5540
9186
2913
7190
7345
9048
41
1874
4959
7142
6561
496
5648
8184
2806
2309
9857
9722
5002
481
1576
3807
8219
6676
5676
5184
1889
2301
7139
8724
2993
7665
9462
5880
4047
4741
1425
1212
9056
5432
3447
9594
8557
1935
2051
2756
3459
1150
1449
4600
8392
7312
7994
1314
3736
8884
6454
5678
7693
8324
9772
2361
2381
3698
7037
9716
8221
7330
207
5107
6932
1806
4813
1368
5002
5802
7356
9030
3375
6661
1016
6709
6408
9656
9500
5538
211
4382
3137
2080
3676
7120
7406
7071
6521
9100
1950
3319
2384
8561
5295
1985
6840
2122
7446
5922
6956
8372
3631
853
3628
2046
1826
4100
5358
1692
6642
5507
9314
4136
7600
1513
5635
6630
9500
4251
6984
5042
7611
9831
8699
2008
2196
4522
8113
6527
8020
4031
4264
4163
7601
6260
8495
4429
6268
490
4446
9361
3135
9353
3207
2533
7110
8189
9540
3753
9803
8498
2416
5943
3081
999
9026
4761
8562
3090
8483
593
7148
5440
913
2568
4934
535
156
2759
4648
9338
3517
6203
5912
1992
3415
8505
2409
6049
4245
7262
2942
1270
6771
4449
7501
5340
8681
1896
3390
2813
7730
3844
3586
587
8651
3386
1761
1537
2278
3358
2604
7960
7342
8062
8801
2227
5781
2392
4444
5064
5242
6041
6330
2460
9110
7539
2281
4665
7653
6938
1580
7310
6706
1292
4363
3364
7290
8699
9846
2904
3363
9416
1642
7273
6518
5901
5308
7840
647
9430
9699
2215
9541
9885
2162
1560
4061
9378
51
7843
7449
8771
6623
6747
6006
8990
3465
3933
7859
816
8042
4110
1541
8936
183
625
311
4781
1264
5633
3711
5464
8642
3425
796
2928
5675
1198
187
8944
9469
221
937
8199
6076
7286
707
4348
4689
717
2313
5628
2801
3817
9265
7570
1256
7314
9767
4593
9391
2988
226
4689
4652
7466
2
2323
7017
6625
9030
8051
5981
3931
2282
9
7862
1077
4061
3180
3864
7013
6224
6740
4158
7371
5803
4506
2575
8850
2762
5070
1037
1795
5284
564
9719
8935
7388
3213
2207
9463
6640
1437
6549
6562
815
222
6529
3178
6312
8929
2528
5035
9789
9356
4422
2185
438
4996
4226
8133
258
7144
8767
1067
1208
519
2374
7787
6236
3536
6769
3747
2958
3604
1275
8005
4188
7770
3171
1722
1399
3903
175
1747
2755
2359
1260
5383
903
3237
4132
1374
6277
7762
825
4632
9156
6526
6045
5243
5192
7696
2100
3400
8275
6779
8049
1081
9797
8784
701
3129
4447
1882
6871
5759
3078
5562
1861
5673
2386
4591
6536
2817
4598
5393
5518
6686
2282
1483
6944
714
1556
8451
7212
2139
4021
2919
8685
4113
5615
1669
6454
1627
3364
838
5518
2518
3146
6905
5956
7619
5419
6408
7460
2323
3641
3705
8290
7841
543
275
9667
637
3058
4811
9564
209
2262
7786
4434
4321
2125
5596
3776
9108
6762
6216
2598
3113
3380
359
3566
5416
9878
3587
9515
8455
4435
8638
4250
5381
4231
1355
6794
8326
8872
8172
6808
7196
6011
826
8387
5182
707
3435
2703
8472
7749
675
3029
574
4343
2841
4311
5550
566
1796
7216
9841
6887
9875
9738
4014
2789
7590
5386
2908
7209
9996
8437
9793
7304
8057
8214
3659
550
9172
8824
4602
7688
619
7277
6137
7991
5475
1441
5303
2433
975
25
3926
8073
7724
9349
4480
606
3864
1941
3040
3097
285
2935
7524
1489
6173
366
7629
2009
7755
270
2352
1368
3908
692
5693
3785
6568
9331
8265
8441
5545
4809
2106
8957
8863
8352
7246
9846
9477
8848
536
2749
5043
7537
1657
361
2489
2735
2487
256
4021
7366
9580
7417
8818
6045
6222
4063
9885
143
8518
1538
1252
1572
3200
2184
1950
9614
8526
3905
5409
239
9720
808
2644
7144
4660
2197
6913
4188
3230
9023
6870
6884
724
8495
1481
2747
2401
2272
7334
2201
6292
5634
8726
7661
6956
9117
7645
8756
1378
4259
160
2854
323
1486
3762
3135
8376
5353
6122
4571
308
1931
9698
8011
10
6605
7278
3876
5081
6925
6006
1062
3237
1611
962
3482
1298
8081
9442
8277
5615
6175
327
6442
3293
6228
97
395
7339
5929
5286
5919
2848
4855
3372
1039
2499
1017
707
2699
3466
7612
8818
1594
926
7762
9276
8446
1495
8198
7951
5318
1721
3226
7049
7277
5803
669
4086
5183
2560
9944
3771
9676
9155
5751
4521
7893
1940
4821
2862
8644
3753
7424
7613
3448
9107
8091
6024
1133
8479
7954
472
2170
7348
3368
8138
1220
800
9069
101
2032
2218
7819
8379
6070
7427
2944
140
5249
7519
5990
7378
9251
3353
7549
6221
373
7992
4906
3899
2523
4492
5832
9554
7590
5940
5709
6078
4483
352
8984
6514
2562
2958
6886
5164
3953
1860
5332
2794
7734
953
4367
1283
7915
8751
183
7860
2916
8416
3874
1047
7900
8021
4733
8721
861
6989
9661
9817
8399
8128
579
3024
3192
3489
5389
545
1985
6249
122
4967
8313
8821
4918
7029
9378
4478
6179
6966
377
1697
5256
4658
884
3211
1171
3417
2196
8547
3963
1615
7434
4724
5361
1556
1126
4197
9924
8287
8394
3942
6243
6710
9565
8073
557
4829
7483
6539
2900
3608
1690
5342
7472
9423
2615
2228
6496
6413
3055
7594
4444
4037
7562
8478
8614
4178
3009
15
2606
3080
3024
3392
581
7852
7687
3944
4889
5357
554
2489
6814
5022
9064
6698
6030
5410
3881
3988
7352
4914
8337
8197
8820
8221
5985
85
4902
5533
781
2003
1553
9042
663
7354
2722
2685
5498
5637
2765
7227
3635
556
886
3388
7994
699
1142
5279
9694
5693
2749
1996
1198
5642
3062
1613
6757
5386
4566
8650
2093
4069
2158
8463
307
5928
3457
972
5467
1718
6975
6714
6586
7049
1167
3429
8002
3651
7051
7386
5051
1830
8629
686
7851
2123
8456
6840
6808
1971
6809
2556
3461
6520
8860
5477
2057
5951
8019
1439
2685
7725
6529
4014
6211
1171
4541
7198
5412
9367
9106
2696
9362
2176
7955
621
6060
3694
1980
5458
7872
307
1203
4216
9610
4754
4990
919
891
4099
3214
3335
5157
9040
9192
5403
7074
5295
5797
1386
3093
3099
783
3931
5848
5521
9372
5452
5252
1605
2791
2975
8815
559
4841
4850
6624
9366
3111
6570
1726
8358
1045
5211
262
3265
8312
6517
8107
4528
9369
878
3160
5107
4806
6777
1361
6045
6802
2833
6808
8549
3101
9556
3867
4762
8718
8942
346
455
7100
2480
7574
4031
4460
685
5013
6789
3077
3297
3315
794
7711
366
1250
2035
2330
6021
5762
5399
9371
685
2315
6466
1377
5651
4903
1033
4358
7503
6701
9707
8353
3678
7352
6207
9480
9665
3430
9232
6594
4994
2044
674
1627
8558
919
5215
9057
7395
7949
9219
507
9575
3762
6672
9945
5202
8678
1503
8854
5914
5500
8548
1850
2665
7606
7852
508
2925
7580
182
229
6603
5931
6123
2639
3969
9738
6779
8461
6119
2519
277
3716
545
7232
4131
7735
4580
3662
8384
3664
8722
6172
8551
1882
3044
245
585
5548
4819
1275
5579
8464
6194
7300
7881
3809
3436
3631
3515
3714
2086
5781
5251
4844
4464
3002
527
8256
3693
2626
5777
6426
8076
624
1560
342
5427
6074
4715
4604
5847
4728
9218
9895
7067
9771
6353
1508
8562
1963
5010
1318
930
8617
7054
8166
7783
1027
5943
3655
2833
4838
7717
9224
7356
6141
3947
4674
826
1495
4805
9057
8639
9975
2017
768
5624
8309
3415
1181
3000
9106
3190
4363
7969
9784
2684
6390
5211
8240
1233
354
741
7789
1969
7164
4789
950
7764
2850
7949
2914
2604
9374
4845
8203
6394
9101
7854
2548
9806
9599
1314
407
8713
5623
4374
4167
4864
2609
8800
4884
8048
4419
1243
2861
56
7068
4972
8880
6151
2730
9185
1597
7267
2296
1685
5145
3011
8531
3282
9565
9802
30
5155
46
8896
8508
1877
7816
