2722
1011
3446
3610
9529
2215
535
7818
552
6792
7573
813
9639
1260
5796
9557
2251
5091
8525
3396
2779
8856
742
43
4589
9635
5130
3229
1133
5659
1572
2947
8089
7177
8077
8856
4428
5671
960
5140
8069
7880
8871
7158
5779
6257
900
2747
5631
437
6957
2571
2790
382
8148
5906
114
2231
4514
9148
4260
4375
8880
2394
3248
9255
626
5297
3684
2357
112
865
4406
9249
82
1539
5194
3444
7512
1628
4269
5281
4403
1518
2160
5972
7252
7486
8084
3607
5950
6304
6559
8755
5194
6590
9657
1939
7192
6872
8086
7875
8716
2613
4559
3320
1340
7511
2175
7994
6213
13
8983
9628
1573
7730
9950
5533
8985
7938
425
5766
8323
1677
1107
7443
2423
3716
7161
6639
3762
6593
4197
2375
2456
1139
3092
7409
7049
4294
9046
6
9423
5153
2866
8874
4678
9305
8835
8637
488
691
7747
1593
3076
4823
9587
4075
9754
4992
8852
9711
8518
2015
3989
5141
6791
5872
201
3616
8011
2708
2756
6092
5369
5405
4498
3279
6010
9368
4804
7304
4340
7189
6056
7364
2373
3122
291
2080
744
6117
6398
8633
9975
7576
6347
2911
846
8687
7282
3880
8312
2485
2508
8257
6520
2532
2667
3598
8565
3540
4228
1795
1427
9322
9402
395
218
6610
6184
5109
7541
4824
4139
8767
8074
1023
8746
4827
9105
5732
4899
1214
6194
6429
2835
2279
2415
219
4417
6333
4651
1599
3655
9217
8998
2585
1390
1890
6727
6795
389
7759
5957
7692
127
7271
8401
9288
6214
1228
5011
197
1327
9622
6175
9472
2300
9748
484
5334
3527
7022
3825
5855
9810
6086
1428
1076
9800
5052
769
6945
2559
1792
7547
9558
4861
2051
8418
4807
4932
1654
8857
5011
8908
6676
5026
6338
2235
1356
9497
3768
9619
454
8458
870
8664
998
4399
8895
60
158
8458
7176
4553
9950
7131
7465
2507
6919
8703
7760
6887
3182
22
2853
3548
8428
1823
7879
2869
7489
1954
661
6871
6216
8633
9082
6477
5718
4364
5967
78
9356
3800
4660
4296
8093
4619
6394
7099
9225
6206
1463
3636
8775
4703
8780
6756
3201
9162
7779
3133
4681
4516
738
6889
1978
7508
3181
9094
4617
3455
248
1090
4906
9518
1465
5167
335
3085
9532
291
6251
8738
3552
174
4213
568
9231
8121
8792
7368
635
7864
2999
4659
323
1179
6702
6814
8981
3079
4419
3179
6253
9995
3500
7456
5500
1938
6042
1286
7620
7733
2338
3487
3151
7098
5981
3253
6480
4653
2069
9052
4049
5977
6464
3491
7579
1554
3481
5532
3156
5234
7577
6277
8083
5823
8485
8226
1103
4822
3585
6889
2709
6054
9362
7594
4776
987
8545
2617
6627
3541
3868
3145
4810
9684
6294
5863
9967
3667
8527
6944
5120
3022
2430
2896
1597
4033
6410
3128
855
8302
3256
1435
8420
3066
6047
7205
3631
3077
7191
7065
7645
4341
2640
4565
8266
2798
1775
8276
738
7520
3555
1568
6604
4172
5238
7633
1904
9540
5119
8967
1496
7262
2228
1424
3669
1269
6988
2374
3049
1693
2947
4104
8241
1873
7862
7939
9894
1018
8414
9613
5481
1246
5147
6702
6187
978
1573
6300
8111
2989
2519
1489
1191
8587
6088
6667
7355
2827
8750
9488
3320
3782
5895
1675
8548
2332
5970
8856
1824
5901
7368
1559
2167
5376
1145
5376
6947
8244
1472
8148
6351
5744
5016
4556
1718
2073
5128
4769
9354
7712
6617
6711
1041
213
3161
3830
2570
3500
6872
9990
4397
6218
7696
5366
4897
4972
8626
3801
935
9556
2186
1471
8051
3666
6740
4971
6603
2219
2616
2742
5991
5208
993
4383
9592
3005
812
9068
2454
6532
2988
290
5378
2053
6106
5598
2090
7781
5257
5518
2315
3577
9160
5470
7424
6773
3856
8706
7816
1093
8765
7581
9238
1414
8234
188
2962
6194
437
323
1821
4551
753
3505
3249
5475
9658
8466
2023
1886
6692
5809
8962
9588
4604
2936
6089
8638
9536
2790
7474
5723
5738
2219
266
5392
7479
3747
7185
4169
5046
1116
9026
7290
8172
5302
4528
5704
7717
7143
7275
9517
1125
1048
5554
6715
3484
1759
1379
9904
6023
3865
3518
5746
3891
3956
1319
3192
5437
5158
9466
6341
5189
6206
4073
4418
4017
1493
7041
7206
6862
5184
7467
1284
9761
3717
654
9570
6971
3736
17
2353
4539
9841
510
6398
3517
7323
5587
5124
4592
2971
7746
8347
9798
8395
2760
3969
372
9442
6282
9587
2345
4354
91
105
9980
2366
5978
7691
2494
3974
8184
1684
5918
9968
9832
7170
9579
8741
799
5366
3828
2453
9835
8766
2651
1591
6224
1356
6697
5042
9485
3107
4267
7729
6798
1086
9817
5478
5322
3181
7607
9342
9660
844
9093
6252
8511
4178
4913
8997
3666
6707
1532
1400
9227
3186
1818
7336
9623
9703
4659
2055
9264
1529
3126
8144
6840
3800
8798
2033
7426
4825
9516
5892
2240
6671
9363
5048
1222
770
9811
9409
3309
3983
3950
9080
3300
1084
8358
3920
7025
4534
1655
3383
2134
7769
913
6516
6094
3227
1965
8691
5670
5957
3824
9659
6696
4239
7342
8105
9987
4551
6550
522
1207
4398
4124
8122
9964
7343
4356
7220
962
1549
1449
9156
7538
4168
5213
2673
8644
8619
5547
9201
74
9621
3656
216
1305
1825
5800
5809
680
1829
6653
599
5409
3844
2442
8592
341
6592
8326
9527
5500
5104
3628
8644
5418
6505
9808
1594
7469
4556
7835
6782
7762
1116
583
2063
8103
58
5302
8805
4411
5775
1212
3114
3154
2933
2366
3264
1781
7586
5490
1854
6550
7074
54
8987
5217
9936
1932
2165
6061
5457
9811
9549
4914
7038
8625
6067
6341
6140
5164
6410
3135
1881
5016
5928
9644
1604
6810
4125
2190
8650
9068
8013
6754
9129
4713
1387
5194
3138
1432
6739
6314
1344
4501
4452
5422
6160
186
5225
8744
5788
3070
691
8248
6311
9956
4885
6851
4391
9716
8315
4006
3162
8198
5687
2084
7271
6922
7657
4939
5315
9285
523
3685
700
7158
7894
8202
2213
6823
2917
4019
5902
9199
1812
7881
5199
1300
9892
6860
7089
6509
5182
9360
4217
534
6577
7617
5074
8877
2586
2903
2357
1801
8111
6884
120
3226
6632
7563
5937
4651
330
6635
3061
7124
2817
5544
4002
668
8266
4283
1253
572
6538
2991
264
4159
5422
6765
3084
1957
9233
7010
4927
2167
1731
2939
4457
1589
6300
5059
1609
938
8957
8387
5335
5569
9198
3688
4294
6337
554
387
7400
484
2500
5673
5469
661
5268
3339
314
4680
8289
288
2978
1443
3821
8669
4948
4794
6568
9815
2016
9929
4017
4528
167
4362
8848
2269
606
5654
9033
7240
8734
5976
1470
3361
7276
7405
6197
9903
4736
6696
4960
7813
324
4210
2239
3903
7707
8078
1214
9387
4267
6203
2268
2501
3560
8290
4090
2235
8223
7615
2331
991
5468
1021
5710
4155
7864
5546
2197
4238
6802
6202
3426
4085
8473
8935
765
5557
4675
3733
4836
6388
1213
1860
480
6183
880
3518
5855
3190
9276
4721
6371
444
6020
9271
5511
2059
9173
896
1369
7628
6436
689
8009
6307
9555
7718
2236
6289
5056
9555
1645
9300
9371
6520
1137
4617
5297
6371
4533
4098
8969
3231
8743
8418
2331
281
29
1940
4520
8644
8853
4092
1290
2995
4635
2565
5704
3459
6016
4026
5558
875
5613
1760
3143
3164
1636
9776
4208
4674
1199
5331
9979
3645
2904
3942
9476
9033
2948
9660
7428
8344
2285
6723
6583
4210
5338
2382
9532
2627
7165
8626
5593
7619
3529
621
2024
5843
6925
1648
6946
2418
8098
5773
7926
4047
1485
7227
1157
5161
9393
6102
2462
2642
6196
500
3633
6483
7660
9347
6338
169
2774
4141
5868
349
7507
1533
5040
5809
2944
460
6809
9669
1392
5732
3260
26
7400
9942
7601
7502
7670
2598
7048
5318
4479
9508
7947
8218
7908
9766
5662
1785
816
4576
1941
2286
7841
8726
8995
7882
7152
3528
6282
3105
9647
6668
8691
8529
5950
5562
3115
3756
8617
4976
4233
7782
8146
2390
9784
5386
7542
9868
101
2808
1695
4159
5751
9369
3414
1482
3957
9699
4450
185
2792
9911
3505
4025
3967
9928
274
7852
3225
8982
4365
7112
1955
7480
2912
6799
3341
7129
8022
1609
6043
7273
3126
2189
2933
7236
3270
223
9019
7551
6537
2147
6841
542
2044
2415
787
8611
3065
8351
5101
5698
118
5810
3258
1088
5854
2082
2863
2057
3241
1617
3554
9008
9610
7807
6356
8001
469
9287
8825
8754
1131
4793
4320
9433
8563
2019
8595
967
2711
4824
8525
5506
760
5186
2082
7040
4463
3668
9392
6959
4065
7928
3728
3857
7934
2040
9081
437
4263
2024
7665
7905
5561
2944
256
9035
5754
7335
6980
9063
3807
2362
6491
1387
7896
621
928
6382
9368
4744
8789
5262
8708
6083
2345
8385
6328
716
710
6180
9968
4469
6233
2367
3066
9307
1343
1817
5718
3504
2601
9015
5750
8970
9052
9760
7944
7621
4104
9293
2285
5171
8626
8028
6965
4900
991
8899
9769
64
5184
4865
4581
3089
9461
704
3328
2958
6111
2871
4889
9570
7063
5996
1104
1228
7748
1319
4318
9311
9196
7233
1969
393
2827
6459
7576
8912
2745
6011
4232
4120
891
8945
9961
178
6200
6825
3008
5903
5910
2377
9225
6610
4160
7577
1232
6195
9623
3522
9837
5311
3187
2655
4714
9341
5059
464
2161
2236
4360
2222
5319
2119
2219
1897
5408
3435
6342
6940
2413
4255
694
8546
2409
9026
8763
4530
9819
6915
3593
3622
4040
6409
4078
5146
1769
4227
6224
4399
4165
7338
6674
9631
5963
5810
6259
8938
3342
6719
5188
479
6620
1973
84
5015
1741
8135
602
8204
3653
3473
6525
9703
2630
6978
6355
6086
3205
4736
6229
7788
5190
655
7867
1490
1095
1341
8121
5611
2487
2292
2549
7462
33
3795
2196
5196
5161
7030
9697
7241
5889
5633
5193
2376
2616
6012
1829
9735
6928
2344
4453
1466
3642
400
5878
4011
1376
4714
7872
6159
7807
1517
3694
4291
9984
5325
7482
8117
417
1377
5748
4399
4692
7510
8879
719
2435
4028
665
9186
6719
6206
2485
5998
884
2975
8151
4719
5786
7232
3259
8009
651
4350
2194
7084
5532
4088
4122
4182
4553
1502
1048
3650
4482
2885
8805
1566
6828
7639
4275
3338
8261
2007
6618
7276
6744
9010
3363
9985
7865
33
9471
2286
3885
5403
7445
5988
8953
7719
9368
4994
134
399
4529
5620
4190
8897
9965
8714
7494
2815
1093
3203
4183
6022
8966
9928
6314
4219
5885
2069
4336
2145
3985
5138
4539
3384
444
4336
3373
5839
5015
4046
1659
330
3106
4139
8253
382
7085
8870
9589
9353
1397
4770
745
3776
110
5077
7983
2592
345
7919
84
9525
2787
8616
6712
7113
7754
4322
4842
5540
8957
4302
2364
2513
6735
3946
9202
6242
1223
344
8461
9562
3239
6602
702
1464
7654
5097
2633
1827
5404
1124
3880
4897
9930
8725
1304
3970
7508
1040
6100
6777
8156
982
9581
122
6300
6678
4627
1038
8608
4962
338
852
6605
351
4299
9011
6306
7174
7726
4618
6682
9399
5745
1288
9402
8558
9536
4103
2653
4110
5601
6914
2986
6905
3874
5192
2510
6257
6802
8505
8236
2473
9736
8909
4926
4245
9140
2372
1174
4000
7136
8536
1605
8621
595
5422
9383
1301
2338
5996
7994
5646
6451
1524
7705
2908
3215
2350
9385
3505
3043
4053
3711
6545
3524
5703
2091
4897
6300
176
7990
2205
2229
4592
1523
5352
8929
4808
9765
1038
6372
8869
6365
2310
3327
6099
8654
1763
1881
6722
3344
3674
9547
3654
7372
9597
3465
8904
6954
8438
7208
2314
4789
9791
6928
8872
4104
8494
7456
7514
7464
7887
4025
8198
365
1929
7544
6850
1165
818
2499
6631
2295
9678
3246
9025
425
995
5418
9907
2271
8216
412
7463
5929
1452
9302
5539
1927
1314
8644
8215
8643
234
980
9827
6859
9483
3619
6886
5258
1789
112
481
1267
19
3632
6473
889
8661
9853
427
9357
9932
875
7962
3908
6278
5513
2101
5956
3545
4672
7060
3324
6596
6828
1792
2589
7793
9523
2418
5465
8327
5750
3155
8039
6988
9764
6515
1199
8520
3478
5014
6376
7924
2810
920
9067
3473
8399
6865
7092
3734
6665
2916
5957
6337
2290
2977
663
7566
318
3403
3902
3445
7545
8227
727
382
5359
6339
6337
192
7591
3063
3973
2550
9629
9381
7907
3299
2874
3245
586
845
211
4844
3796
2964
571
7595
5308
1206
7110
8804
7597
1195
3931
7924
8200
4331
1076
5740
7009
9568
4037
8513
1959
470
2839
4308
9278
3998
5280
4492
9739
7058
5217
6319
6763
1571
6956
9200
480
8686
8575
5346
4473
8077
7233
9850
8669
8697
3816
4962
4308
9405
5989
938
9698
614
5357
6633
2977
439
5652
7858
6794
4282
2056
5666
5119
8848
759
8773
9304
1769
7935
4536
4408
5998
2976
1465
3947
1691
4159
6954
8606
5979
9034
2421
2011
9420
6467
3642
8784
1442
411
8371
9467
8215
8396
6536
2148
9136
2018
2334
6423
5707
471
1419
9068
7796
8635
6725
1877
3542
9997
584
5203
5518
8984
3126
2421
1740
2140
5544
4255
1523
8103
3923
4803
9904
3264
2022
8414
5751
1216
736
4961
1176
1102
4174
9531
4177
7174
9538
7951
3149
885
9215
3399
3050
2691
4545
8405
4664
6061
4633
6738
3213
3549
2550
4069
6470
9913
1391
9153
5640
2118
5469
9915
2741
1670
9222
7143
6873
1909
6804
2526
2132
7771
244
558
5618
3695
7658
1150
8790
3305
721
5900
4614
9634
1152
4038
9471
8747
8696
3233
6488
9398
171
3449
9317
6404
3527
4997
642
1564
2735
5334
927
741
2698
2172
619
1008
2548
6373
1577
8373
6707
355
5760
3033
869
2009
7838
4457
7653
3490
3628
2085
2732
5805
3052
7100
9572
3465
5806
6655
8983
1001
2403
245
8502
7989
8505
2603
7397
2477
7205
3989
3956
457
9279
2998
3897
6402
5735
3096
6505
8503
3045
5448
7701
3405
3854
113
7665
8231
8835
4307
9008
3757
5635
6352
4635
8604
608
7571
4336
8826
6639
3437
6855
7780
9049
429
9792
2854
7711
907
8344
5878
4074
2338
107
3629
7744
5784
6323
5091
6291
2507
9070
4086
723
665
2478
2583
4036
2988
3993
6769
9722
9072
6369
8998
2064
2706
6734
2232
1465
5544
3175
9665
3709
2983
5104
7600
853
4260
7150
3601
3858
2795
629
791
8488
725
1698
6056
9928
7562
5701
8069
1130
7075
9941
3748
4793
7050
2280
2397
3449
6464
2730
4701
8852
6939
4458
602
4545
7402
7109
1140
8054
6983
4090
1492
7556
9784
4156
5428
4193
8225
3814
1627
9172
6617
5928
7715
7336
5991
8256
6344
195
1370
4324
5087
49
1730
6140
7792
9833
3310
9628
4882
3825
3251
4767
4882
5261
949
9519
8911
5251
805
8881
3829
7626
4328
8030
2517
49
4079
7851
5037
8828
4392
8282
1465
8696
817
761
1061
1968
8948
8633
4301
2952
5203
2905
3172
6999
6705
8192
2238
7906
1755
8314
5434
9490
5873
4122
9887
8231
5749
4013
4865
5191
3279
9935
6912
6687
7434
6535
9566
5274
5263
3293
5931
9407
5020
7804
895
4804
912
3251
7539
9633
4901
277
7612
2816
7435
2512
5348
6320
9965
9227
4247
7512
9026
5192
2568
8440
8707
5657
334
9916
404
1934
9726
5386
4976
461
7542
2506
773
2395
2882
4885
6553
726
1695
7638
648
1653
1594
3918
9675
3895
2164
1204
983
7032
2821
8344
3615
7458
5369
7144
1910
5840
6731
1596
229
6798
9261
1164
5877
3500
3217
866
1034
6241
4439
2170
7437
7149
6084
1334
6964
4214
6779
6621
1695
1924
8347
8563
7842
2856
3300
1076
2282
8567
1062
1866
4686
6580
7097
9071
3428
7355
7251
4028
1868
7435
9817
1023
77
3291
7269
4123
1386
5949
7744
3369
753
8927
9645
7789
8704
2862
2114
7876
7300
1509
9539
248
4367
5620
7933
4870
7973
476
9516
6279
7044
2614
4441
938
3981
8243
8691
7267
9411
8638
6840
2028
8495
2494
3025
2249
6013
4872
3736
7946
3127
1329
230
3258
8445
4736
221
4421
5437
4162
8367
2726
6276
1079
9514
3005
7473
2682
880
8224
3266
7471
4055
9849
3182
9716
7897
1997
5038
3834
1449
3772
5224
4573
1347
4612
8714
8238
1470
4176
1648
5394
6338
2910
2354
5043
2768
6990
6044
4100
9250
7047
7499
2882
6591
6451
1681
1142
3819
6059
1494
247
105
6045
5227
5917
814
5225
7564
1856
4980
3964
1521
3151
1959
3443
3536
924
2463
2145
1027
8084
5195
7947
2930
2413
4262
8081
4557
760
5321
2743
649
9525
9181
162
5860
2790
6315
1934
8149
9388
8466
5339
981
93
7587
5081
9220
3992
4892
4584
5322
8911
7904
754
9259
1106
6736
5636
7382
9549
5416
5159
2922
8055
7672
877
7590
7131
3181
7831
235
2436
44
164
3999
3442
6810
2147
7473
1433
8539
5881
5429
2648
4661
9230
5195
647
2832
1010
9152
6185
7836
9181
4544
6161
7375
1924
1429
5425
7354
2392
3649
3326
9750
7576
6965
9327
688
5446
9484
533
927
7143
1479
4852
9150
4692
8869
6910
1546
9214
8814
3329
5369
4878
1052
1415
5173
267
9831
6812
7940
7684
5771
4765
8421
2013
6409
7163
6153
8470
8711
1758
8348
8903
4388
7382
1087
4856
8604
8141
5123
7868
9716
1065
1267
4846
3971
6957
1950
4116
4670
3935
4032
3296
4622
6324
9405
1510
2991
2200
665
9799
1288
5882
6519
3787
2898
4147
8315
1374
4918
3431
3038
3297
408
260
5934
2353
458
4759
5103
6789
3326
2815
6530
3952
8812
3209
9393
1639
7212
6218
3492
557
1377
6139
9523
5001
435
1502
2936
2729
7334
4399
1551
3168
4300
9686
2222
9227
4228
249
3899
2433
909
2751
5983
7608
4043
2655
325
8661
3956
7222
6894
8187
3064
8071
7108
7589
9163
1228
8137
414
6081
5419
9707
9389
5556
1173
7638
8015
9461
5528
5863
2876
573
659
8265
7868
9038
5322
5822
7490
5243
7391
1226
3398
6256
7920
5551
6321
5616
3569
3649
3985
3193
2574
3606
2013
1270
1090
3532
7538
5041
1238
470
5659
5522
5441
8036
4431
2745
9853
575
8068
9924
42
5358
7890
8429
4252
2407
8387
5395
2032
3541
7638
7556
2924
2531
4338
7972
5540
1058
2712
7308
552
7517
8593
9922
6906
3686
3142
3552
1486
6028
5471
4292
7419
2892
9971
1076
8126
4833
686
5819
8125
7354
257
9348
617
2534
7266
9842
2684
6014
5060
8554
9234
2799
786
2431
9077
5458
3125
7191
176
5370
3958
9758
8565
4522
4476
3879
9194
9904
4758
8442
685
9922
4149
6671
8841
3635
4721
5846
4193
6802
2908
1328
2280
8464
3155
5005
1811
1548
1888
7475
3719
9404
2061
375
3436
9018
4227
8188
7651
8633
2672
597
6900
9010
2791
7800
2271
3535
3041
4098
3956
9379
498
241
2991
7973
9863
7969
9515
1847
9146
6534
2151
3495
2424
3907
8853
1169
8490
3622
1167
2798
2303
5744
8869
7982
9963
9396
1713
478
6728
7738
2140
5461
3147
6881
7801
8433
6418
3999
4527
6825
1449
8150
5380
8222
2811
8150
9876
1187
5814
1272
8609
2774
2759
5662
7268
3706
6949
6693
50
8978
985
2628
4747
1228
5787
8708
3419
1192
8824
8379
7587
7956
927
1270
2098
981
5387
7155
7484
3636
1034
5449
4157
866
4605
1460
2439
4778
1256
6816
6870
1874
6969
6674
6757
8476
7669
9038
7962
5215
2094
6280
2044
3981
1201
8506
2741
4129
9051
3647
2626
664
7596
3898
3751
6601
9283
7238
4335
6865
441
3258
4401
1711
1947
2616
1599
7081
7630
4787
8040
4249
2519
6443
5261
9656
242
8471
209
1238
2752
7693
217
291
398
8336
35
7516
7936
2695
3555
261
3116
9830
5639
2111
9587
7979
8780
4503
1050
4360
8091
2187
2007
1752
1755
5865
2968
5791
986
6374
1852
7922
5862
9688
2197
8048
5989
4609
3061
972
1220
776
1413
4840
3917
7398
9493
5775
7857
4841
9133
1407
933
8568
8066
8098
954
340
7269
3208
7540
551
5477
5346
8876
4589
8645
9197
6241
6939
1335
6504
4537
9328
2264
4740
6421
1510
2533
2376
3266
1157
2587
3454
5292
5925
3021
1086
333
685
1534
5812
4899
125
3262
5264
8032
980
2289
8154
4235
879
1163
2576
2963
6623
5800
7182
5508
7766
7992
1545
2786
4765
6807
8024
6306
8213
9003
7247
4808
7064
8310
8313
2971
8155
4972
705
4549
1859
878
9597
1671
8528
5845
7000
2761
186
6090
2475
7614
7895
7457
1991
6870
8615
3223
5521
7469
2844
288
4170
8113
8137
2291
4442
6688
5573
9394
2313
512
6396
1664
3210
153
9827
7015
2212
4989
6486
882
1869
903
4767
3365
7558
1601
1285
5789
557
9327
4751
3169
2307
297
3011
5255
3979
1079
5440
8932
3291
3588
7812
5547
2451
3349
3019
9111
5127
9043
2693
1796
8714
9571
2498
9559
7161
5223
5068
9053
2737
1374
1345
9649
1230
1686
5500
6279
2737
8498
6191
6182
4444
9062
2719
9107
861
2175
3276
7752
1542
8832
6252
3523
6437
2295
6595
6634
5605
8302
2912
6909
4943
8813
327
7732
4734
4972
6278
4311
8398
6454
6903
8909
6160
9930
3633
7291
8797
7787
3323
9150
2996
4359
430
3604
4930
7461
5142
2005
5085
2039
7557
8319
8381
5343
7572
943
1336
3630
3703
4251
6616
2056
3435
7003
3066
4307
5790
5881
406
429
5867
3438
8998
6077
385
2843
9989
7010
3663
153
9334
2937
9535
6440
3358
6234
7868
3492
6447
8481
6049
9990
7426
8810
3887
6087
8591
85
5370
9071
9964
5018
737
9019
9136
54
8984
76
4931
7875
4676
2204
3044
7365
1954
6604
3990
3761
1140
3049
9816
1512
9833
6238
7456
7473
1288
1202
6531
421
2713
5073
4115
4468
5712
3545
1365
1317
2070
5691
5134
1338
918
8385
5691
5314
4145
3103
537
6584
7871
4434
5591
4200
4963
8373
8806
8178
1001
9858
7113
6471
6254
7781
639
5296
3820
7804
5595
4495
785
6795
2188
5277
1387
4397
2526
2162
210
4836
2012
5138
4610
913
2239
389
8675
6495
4536
1199
4550
2586
9254
7438
2271
9965
1237
835
682
3401
7219
5207
3451
2081
4480
7966
3878
4194
8081
2329
4663
8817
2769
1909
7728
9260
2261
5425
8061
210
7306
1838
8036
830
9070
5983
3454
9022
6503
2255
1965
6179
3124
4289
6154
8209
2798
8547
8444
3158
2378
7436
278
9016
5726
3940
5501
7814
8237
4451
8804
4896
8273
1105
7095
6131
9044
2701
8961
6956
5611
2617
5482
5198
1280
1954
3952
7903
4394
7038
3712
2268
7755
8910
4785
2941
502
7651
206
1012
5018
7885
9678
1422
8064
5934
8210
9340
877
5149
6682
7371
3716
6022
8804
7455
7404
1822
2546
2143
3688
2085
6006
6057
5705
1588
7069
1798
8189
2246
1238
6920
1777
3235
9598
8288
5435
8967
8329
9245
6157
7698
7118
8590
4198
728
5167
4505
6027
7848
5988
420
621
9066
1331
8176
4327
818
3982
9317
2807
8945
7434
9480
3974
9642
9623
8970
1654
5986
4608
9466
1655
7825
6769
1083
4725
7253
7600
368
2402
3701
8490
2515
1052
6883
27
3445
8490
5019
8664
8639
4920
4344
4877
7272
8701
4150
94
4527
8789
9266
2332
2056
2448
4045
4887
6420
4758
8799
8634
2152
9637
569
1464
912
1160
7811
7120
5500
3446
6467
2879
6104
6405
3247
3907
5354
6425
3546
7432
8581
204
3978
7553
4778
8715
1227
3396
6894
4043
7484
9186
1958
2071
118
9121
6622
375
621
7240
3882
3726
3759
6391
4852
5616
5626
8097
7972
574
6858
5943
1198
4960
7952
2498
1444
9549
2142
172
1260
5258
2766
2075
7981
4013
4947
2011
2003
876
3127
6855
6594
87
2499
4132
1814
7359
5757
7706
8105
6226
5308
4832
3390
1588
4343
9219
6875
3962
1803
5490
7492
470
2283
6473
9473
1883
6066
7353
9681
4812
6100
4848
9400
1861
3202
7450
1684
421
6300
7939
6941
6759
337
7383
6875
3195
4018
6137
2210
9846
5333
76
7064
7027
4758
8881
2791
7252
8695
7310
6717
793
4855
423
8832
8987
6481
7868
6976
982
7515
2623
5605
5841
6959
9120
6199
1819
983
8231
253
9316
6737
9837
4493
1989
4370
9623
9537
7757
5223
6767
2987
9865
6806
2865
1807
7694
4499
3984
5199
9814
5759
5266
3284
1973
26
5311
727
8696
89
8241
6576
5529
1331
7736
4758
4096
1797
6685
2965
9849
2694
7153
5742
1822
196
5105
5432
5986
653
4392
9284
3594
9002
3905
2894
2951
9333
7447
2639
2020
620
700
1728
5880
8942
9650
1385
7929
354
2377
7415
7662
9351
5430
2988
1694
7989
9148
9775
8058
9170
5769
2421
4
2577
496
7864
8299
6709
9198
3843
500
1220
3323
832
455
9958
8175
7000
66
2461
7327
6954
9934
302
8883
2903
1292
237
6117
2585
411
4695
5911
3444
3306
6408
3153
3621
1620
6526
2023
2551
3581
7045
9347
772
8487
4848
9604
9144
273
9321
946
3409
4125
6704
2492
5859
6333
3232
5456
6969
6889
3679
7463
4742
991
2596
2122
7497
8215
7250
9573
8766
4754
1907
55
1121
207
7344
6019
4781
1977
9164
7478
2659
5761
7713
5749
3302
5795
7394
2530
3859
3655
2111
5658
846
6311
3415
7647
632
4376
9256
1629
7677
8711
8994
9067
761
8449
2169
4337
6539
3998
7753
5680
305
8603
548
2881
7459
6163
8167
654
956
9322
5867
3111
354
134
9798
7923
3703
8426
6242
468
4536
768
4822
4116
1090
242
896
4929
4005
4405
6644
4083
1153
7362
8734
4406
621
8594
1059
5177
7398
8790
8470
7793
1236
6784
9286
4362
2889
610
1156
2300
4866
6481
6227
5174
8432
9925
456
2601
1216
1968
9937
6371
5238
4872
3042
4791
9721
147
9818
3062
8567
350
1348
4284
1369
4746
9865
3417
1426
4723
1267
7370
2513
1646
4237
1827
4917
479
6262
2684
5680
9749
3364
453
9540
7218
5077
8743
9787
7946
2272
7097
1203
9207
7850
7404
5157
4054
8821
7475
9638
4131
7603
5250
9239
732
168
2545
4119
1796
6093
8541
9001
1686
7409
9405
1664
1572
42
4428
2438
5643
9433
1959
8524
7093
828
6404
8076
2074
5580
6781
9610
3987
2727
552
3241
2990
7528
3060
9482
7159
3186
1490
9854
9561
8172
5293
141
3729
2966
6376
3392
2682
7545
5027
8504
1819
8317
4121
8257
7977
9572
6906
7393
9738
1939
7487
971
9704
3569
4879
1280
8557
2792
8477
8693
2017
5785
7580
351
5662
5052
6144
3243
4108
8116
6226
3082
7518
9265
2352
5993
2775
1263
7246
9039
9930
8220
1197
5984
9934
2999
2102
1919
1018
644
3940
8448
7602
8940
9803
7883
62
9841
7128
9836
8707
9007
9911
9463
4817
1949
2059
4744
5225
5379
5886
8633
2600
4374
1573
1229
8468
3919
9182
442
369
2185
8601
9540
3521
7785
5440
4931
3958
5848
7252
3094
277
668
6726
9777
2649
8661
7919
6546
833
8243
2781
3794
7863
4196
7498
5527
382
3339
2394
1861
7319
6412
2449
8308
1104
9284
2046
4013
7562
8198
3112
6031
3701
2752
9268
9182
5402
1324
656
7979
1893
2
8495
5070
3949
6379
8994
783
4977
3984
1439
5829
3072
6017
880
566
7941
8241
7274
9309
6654
5663
7272
4441
9559
7504
2308
5842
4408
9863
8050
2294
8039
6518
3017
914
8619
2974
1663
6236
5631
4323
7456
7165
9503
3899
6090
6812
4835
789
3175
2613
6549
4118
8088
9257
847
8110
9531
9471
3014
3129
1977
6696
7021
7890
4591
4656
392
466
806
7760
9726
7046
3873
1265
1817
3150
691
2571
4014
7186
618
1387
7027
8927
1740
6643
930
9375
2124
9883
3289
1767
2361
2133
2090
2058
1460
6382
7846
9050
1483
5281
4609
1854
7319
5141
8338
5423
3742
4855
1354
8845
5510
8834
2366
6575
4903
7098
6306
520
2940
5033
2532
1876
678
129
6211
6929
924
8432
8730
59
5538
6193
3628
6560
2309
4974
7501
7234
1841
6579
4187
7498
4319
1359
6792
3338
5167
6900
8853
3947
7101
1773
2492
3189
6851
8351
1002
3933
4827
4856
8103
3352
4575
8516
5379
734
463
6591
9151
8170
2622
5221
550
5758
5050
884
3414
3203
3846
8419
174
5326
2646
2460
149
4525
2054
2404
9668
3745
1542
3820
8034
3798
8950
3840
3147
1326
5386
7180
1276
2700
6027
7663
8605
1707
1978
903
3035
4719
5729
7500
1649
6803
4088
9801
2962
113
5713
4
5734
8849
2497
5583
927
3129
6363
3639
9319
8930
8426
618
2807
6459
6090
7398
902
9351
7732
2796
1852
3313
3797
4179
9426
3424
6841
6488
7577
3189
313
435
1171
8273
4383
3430
8049
4532
7409
6206
2698
8864
9154
6860
2805
4380
9681
1565
7300
6868
4539
2357
2685
7262
7348
8571
6997
7143
5501
8734
5691
8572
402
2741
2911
4693
4020
6659
9805
7211
6142
5193
5386
9114
1318
9542
9354
8706
5762
3178
715
599
1059
1880
7921
2649
1459
2937
1647
9582
5687
6221
6095
3466
2097
5549
4414
8177
5252
4636
3095
5443
1236
3356
1610
7814
6218
3868
249
3442
4306
9407
4239
6837
145
7976
2221
2919
1606
2561
3075
6023
7995
5148
9399
6420
7736
2112
84
2297
388
1957
6770
8544
7705
4138
3422
6519
1555
131
8935
3279
7493
6945
8500
9472
5833
8730
2469
123
6097
2679
6964
5320
4558
8620
9752
8030
3740
3202
6502
2417
8136
6560
9587
8981
847
4937
1995
5840
4053
1982
9399
5182
8799
6132
1215
1678
8557
9984
7484
4410
8951
9759
6824
3876
4883
963
6549
3451
5376
2519
5686
4461
7971
8019
4494
5862
2763
5499
2947
2295
1203
3041
8207
9986
6259
396
6979
8978
5955
1088
6743
7095
7070
4364
9138
7294
4559
9379
419
8544
8506
5490
586
1265
2761
8769
822
3048
8273
7877
9292
4799
7729
7441
9136
5840
8903
8924
5604
5407
8239
7070
8042
8199
8792
948
439
9756
2981
6003
2854
9584
8109
9641
2597
5889
2415
9166
7408
7103
6101
4346
7337
1435
228
2225
9425
9643
2078
1001
7990
123
6452
2028
4040
7693
7563
1113
9321
4705
9481
9060
9169
3903
8380
5518
363
5217
9432
5487
9968
4462
6891
2287
3854
3169
8287
165
1444
4104
3115
999
2429
3577
5302
7200
7878
2974
1577
7455
6990
6913
4960
4300
4169
3155
6909
6613
3441
7685
2648
8103
6569
6554
3527
5273
8095
6068
2966
2545
7742
1851
8596
314
4669
8604
4282
7405
9432
2750
7591
9932
7080
4912
9901
8494
1266
8445
5826
1604
9001
482
3012
1658
9376
3318
301
1930
5072
6696
9054
4122
578
8807
3963
9141
3003
9194
4307
2295
6993
5392
8954
8338
1437
8449
2612
8478
7823
9044
5280
8285
4216
4522
9311
957
4361
87
8848
9254
8150
8849
906
3715
6710
3680
9893
1549
7241
1590
3589
4099
3238
9112
500
4486
3280
3610
4666
9569
3957
1066
8348
774
5459
7954
5934
2499
2695
8272
9286
995
7491
755
8543
368
5723
4012
6678
8503
701
2132
789
2868
7563
4844
9434
4140
8086
2014
1971
2346
6744
7027
6504
6513
6829
9198
3284
3360
3887
9542
6353
2243
9709
8082
3680
1622
5512
5628
9010
4308
5258
2711
4694
7406
4467
9053
2256
536
9281
8625
7761
5981
9643
8084
185
9378
7130
1347
5766
2328
5061
9085
5223
43
2295
1058
481
4648
2927
422
5005
5483
1300
9573
3885
870
8307
2913
3081
365
8822
2695
6507
6286
1795
9024
9907
1647
8190
9747
3239
4608
4684
728
554
9263
6677
9287
3671
2202
7237
9422
2107
8446
623
6897
4813
2990
3278
2348
1659
1344
8938
8260
7970
3138
899
1356
3289
170
2446
9876
987
7835
681
3723
8863
3666
5115
1493
6646
3200
3229
1351
8048
7059
2464
1839
4331
8861
4234
1729
889
6709
9696
6828
3132
7084
2193
9148
1825
3304
5516
5816
5047
29
8399
9627
3194
5770
7982
2144
9776
9999
5228
1206
5168
7916
713
835
7930
7860
5432
6565
4166
480
8684
3267
269
5328
1007
2963
846
5693
1694
2677
7678
5898
1203
9083
6511
2841
2176
1116
6011
1242
4534
8654
4254
4669
496
2769
670
8328
3775
2539
6696
6949
8274
2126
55
7843
9665
2901
6403
8269
8071
5837
4804
8855
9033
4929
3874
6276
4519
237
6539
3989
1294
7524
8096
6460
8760
2461
4636
494
7393
7320
2977
4455
4998
671
7313
5560
7964
7031
8182
5291
9690
7910
5230
8679
4181
2622
8743
3471
5334
4759
4819
1540
7097
523
2792
779
1525
8315
967
682
3059
2239
6502
3515
3805
7899
5420
9635
692
3517
3785
9308
2526
6994
64
4766
5034
1464
9826
7533
3361
9822
7847
4188
7531
2216
7835
9631
3259
5823
179
8238
9896
389
4683
2757
9017
262
3598
4552
7789
4362
1
4916
3828
9943
8508
7857
5149
5843
2998
5972
8156
5495
2140
3776
8983
9247
3949
3644
1966
1453
6245
3744
6630
2830
8692
2041
3696
6068
6987
3244
9786
9331
34
5031
177
567
1033
7347
4065
2802
4713
1686
3820
4100
9781
7540
3
1394
3347
8662
179
4281
2481
3715
9470
4733
9477
7850
8533
250
5942
3346
8592
8779
4880
9609
7626
152
9032
7896
9675
7754
6829
7528
2915
9770
1767
1293
2432
4472
1391
2992
1533
8952
377
923
2727
710
9634
3166
8204
3210
3539
7230
9906
182
3503
9581
4946
3725
6335
8101
3279
6510
5639
8573
4423
4749
8837
3646
9685
403
5141
5247
1487
4492
2004
8637
995
894
1327
1495
6313
5577
8647
6821
8277
5466
5267
3240
2493
1465
6258
3868
9025
4643
1372
5259
8363
4402
7715
5931
6676
9143
7083
2967
7279
1754
8995
9532
1239
4313
8432
5257
9681
9740
5445
5018
8381
8377
1168
8782
655
7634
3331
1971
5908
332
4718
9764
1619
3435
2950
5993
8785
3321
196
9004
2833
8598
652
2988
2934
6794
8
7514
8390
1749
4865
833
574
903
2858
1059
1212
4635
8697
4782
509
7246
8306
4893
6787
830
5233
9306
6945
7293
6324
2338
6679
7221
7555
4481
6213
7925
6237
748
3550
6490
1536
6670
5627
6905
7636
842
1800
2840
1109
3295
6063
5628
1548
9978
3167
1517
1545
8692
8104
4454
6958
3132
2006
2873
4410
528
8072
5247
8513
2645
7852
4973
2645
7558
3609
5730
3124
9368
8824
2717
7021
8636
9439
5051
2319
2926
2667
6638
9073
6763
58
857
3544
207
1603
9447
8424
5724
3874
7500
937
1623
7620
307
6901
5100
8299
8583
6956
9729
6174
9198
7221
8200
801
3614
4721
8350
8668
4323
3789
6833
3418
601
5732
6527
5745
9844
4062
8985
9624
9695
1498
4774
8602
3217
1763
4452
8582
4747
3457
8137
640
2814
2543
280
360
7050
5429
6303
5205
5282
5378
2236
2541
4827
8215
7104
7812
4274
3474
6476
5070
9949
8294
6632
2178
1514
2532
6834
1598
9747
1688
9460
2993
4019
5202
4270
4041
6035
7070
6274
3834
5389
8707
1263
887
3426
1861
9381
4608
5111
1416
88
152
4489
4514
1967
3681
3713
1594
5067
2998
9715
9523
1557
8597
6976
8367
3824
6360
3404
3026
2750
6095
2138
3541
2271
6155
4003
8018
1571
7113
2373
1235
6129
2409
776
9394
8608
4650
6732
2236
1938
9779
8510
8295
1185
6401
6537
8540
7474
8568
3225
6291
9542
136
8907
4315
3598
798
9905
1586
8879
5123
2242
9143
635
4085
2445
9689
1583
8144
3949
715
5244
3865
4824
4280
4236
1095
226
2525
5846
238
3424
6375
5805
4697
8758
5449
5410
5139
6321
7385
7674
435
4192
3064
3003
6418
7901
9021
800
7049
58
1278
9307
1100
1095
8042
9306
5421
3279
965
9058
1774
2962
6480
7064
9959
5790
2260
1887
4800
2870
8811
2155
9323
6821
6124
1652
6578
3307
6785
8422
968
54
7414
341
863
5916
5216
3710
6581
581
8
1513
9291
4469
8723
747
5877
8039
8223
6151
9911
2373
7084
3412
6401
4867
1188
4490
729
1116
4936
7766
1522
3125
649
4765
4742
7453
560
1198
8341
8950
2234
7951
5018
349
5172
6729
5366
6996
6079
6496
9580
7874
3727
6522
4120
464
870
7634
2445
2180
4344
2020
7993
5146
2058
5016
8663
5886
3436
8332
6160
7143
5841
8665
4655
6349
1383
9560
6992
1243
695
1693
4372
5967
7290
9105
3524
8287
4933
814
1008
5030
5363
7188
3267
7147
238
1833
7588
2130
218
4332
5435
2684
2958
426
8365
8490
6704
6762
1431
2367
363
2195
7811
963
1407
3309
4426
6691
2342
6580
2246
9814
2574
3913
7410
4955
9432
5924
9217
8430
5420
1604
9000
8169
4471
2118
7913
2039
722
7748
3917
5812
2560
6772
4957
6416
1700
9394
4124
6530
4236
5112
196
1161
9150
3529
6956
350
3981
7053
8372
2517
5160
9590
5165
755
4911
6082
6359
2905
131
7993
9527
9422
841
4918
5413
3723
7659
6259
3536
2175
9787
8365
3998
7459
5381
4870
4532
7048
224
4265
2255
4460
6640
1080
5820
7468
7371
513
8618
9315
1605
4767
8906
1505
8091
3997
4352
6327
3369
6277
233
5758
4872
1718
1976
1895
7784
7077
8783
9005
4853
3530
870
1670
7257
5611
491
8297
8622
2983
3639
1322
4414
4344
5193
1185
5369
8379
4321
5576
7682
4492
8891
1731
6199
1178
133
8025
8715
8569
991
4625
6945
4775
4798
8488
5143
8038
1533
6047
9661
552
3665
593
4320
3609
2088
7330
8056
9686
9661
6659
6058
8347
3930
7473
8378
6314
8650
3455
5617
5784
4697
4920
2791
4433
1643
6502
270
412
7846
6544
8218
9113
6190
8973
1808
1382
4187
3288
4890
9953
8872
6188
1861
9080
1578
5038
4567
4300
91
4522
8080
7012
3906
3110
892
8334
785
6867
9698
2800
7035
3041
9532
269
8400
9090
2547
5763
7510
8567
662
496
9717
1750
9191
6469
4943
2589
50
499
1963
736
9115
6130
2397
7359
4211
3761
2339
1475
7974
1079
1614
6375
3540
4744
2427
6563
1227
2275
3117
1731
7197
5464
6745
6758
6243
7831
4862
8866
5870
6499
8287
7637
1413
4134
7038
7527
9888
8190
9702
4235
9792
7173
8133
7428
1289
7790
3220
484
7645
731
3749
6464
6246
1084
6952
3487
3727
8610
8346
865
9743
2001
9162
5757
4308
7731
9625
6002
6216
9914
1966
5919
1442
4510
1283
6430
460
6660
8031
1978
9804
6415
849
7218
9714
9600
8933
5190
2045
2745
919
5614
794
9680
2049
586
7466
5871
3538
5380
9774
8984
2494
1698
7362
1461
924
8887
4707
2781
288
1849
2910
4707
837
8845
9095
9849
54
4510
2595
8162
9385
3149
3458
3780
7400
659
7052
8732
7982
1041
4423
7340
8315
3192
8050
9871
452
9429
1169
8701
9802
5492
790
8954
8245
4869
9544
9817
7100
2860
8771
271
3892
4658
3196
7218
9651
4746
5102
3711
1631
5982
2214
9258
264
1446
8615
5216
1727
4986
4491
7033
1826
2304
6040
8266
1749
5279
314
8422
9550
6916
7442
6948
300
9937
4203
1468
3509
5283
3124
3052
4811
669
751
983
2059
2528
9638
5628
402
5756
9972
6868
5963
8704
7879
3957
585
9309
6320
3988
2670
7017
9188
4231
2102
2719
4467
4968
67
9155
2562
9286
133
9619
5175
550
8357
5001
2177
5126
9695
3870
513
4082
8650
9305
9800
2272
6694
3156
2415
997
5936
4575
893
2667
3332
846
5401
8890
7392
4701
7596
7730
3425
292
4833
7051
8109
22
1581
9364
2684
6067
4453
2632
3603
4398
336
6702
9950
5384
5018
4367
9530
7611
8865
6963
220
5139
4352
3188
3649
3382
4934
3396
5011
5061
4450
8075
2293
8714
845
8408
1276
3265
1796
1624
2186
7476
9025
8341
8183
3742
8469
229
7902
9073
3364
6420
4769
2290
5341
28
2810
4018
4052
3760
5872
8200
5517
2936
2482
1354
5479
1095
8163
4939
6739
1624
4450
8126
2800
5015
4868
7784
501
1532
7776
8692
1082
7714
9655
9968
3491
9365
3839
5204
2537
6074
378
7843
1367
2456
8263
5593
5214
2644
8293
4997
6821
6604
5631
5777
2161
5625
5257
1020
1357
1095
1462
8440
7958
224
723
2431
6054
6372
8003
2320
251
9717
391
5656
450
2511
2777
1900
1813
2213
5078
4355
143
7014
5079
6240
3176
8799
3706
8988
7698
8410
7298
2594
1838
1955
663
6468
1467
8315
4122
6236
2924
4726
2282
5948
6133
2368
2652
871
4546
5468
7883
8520
3796
8508
9692
864
4681
5804
6860
4974
5559
7673
1768
7622
6404
6240
6649
2436
6885
2464
7354
9305
4705
4545
8839
1684
3873
3278
5924
8573
9047
1566
1671
2826
360
9073
2627
3892
5080
7782
8849
8948
1616
7801
8749
2215
1182
1608
6443
7377
7529
5079
9685
2253
3790
9546
2466
6274
9261
9840
8948
2002
3978
5279
7805
3612
3728
6282
7327
7025
4216
9935
9647
9556
930
4364
421
7146
5774
7986
355
544
5194
4258
4784
6460
6872
3828
6783
4988
3562
1735
9537
6219
5405
691
7955
706
5823
2137
1413
1243
2143
5580
2729
272
7456
5529
6260
3378
4505
8881
6132
2886
8700
359
3614
3481
4097
9957
1283
8485
5662
2841
846
8763
5461
8285
5501
3024
6170
9796
4953
1365
2143
7968
8595
6846
2799
8017
2749
8244
9891
9640
3347
8805
9860
8249
3588
5513
3662
4399
2753
5968
9500
8697
8784
9527
6966
9954
1933
9242
6132
1535
9534
8691
9582
9265
6657
9728
6098
3434
229
6227
5696
8316
3426
1075
7733
781
3894
1199
7858
9959
5036
3299
8025
651
5579
5075
5844
2806
5224
2404
9522
5884
5369
7322
8782
5537
1224
4140
7437
1911
3296
1460
580
8001
5654
4370
4756
6117
4359
2384
2403
3376
7450
8705
5352
8244
4162
6658
3155
3725
9539
3250
1526
7777
7310
8558
8436
661
6794
7957
9685
6108
1857
3882
5795
7050
5988
1016
8452
8855
7788
3504
8036
9104
6126
4525
1790
1911
7898
6329
7750
842
689
5720
2247
4337
7136
6274
5860
9889
29
6287
7629
7950
4925
9002
3600
6445
6303
9000
7721
9463
297
2866
6472
9
1181
2909
5310
5816
7351
3915
3011
226
918
4698
4902
8960
5700
9435
9906
8680
1156
1037
6234
303
6823
1192
8785
3148
3067
3141
1064
3175
5249
7386
4853
7904
8697
3764
9404
7228
636
4925
9613
7849
9558
9709
7705
8467
7566
1932
6242
2144
6643
3653
4559
9637
6132
4359
9017
2364
5372
1237
4916
733
9657
4749
9133
6537
1240
1382
1981
8037
1758
6610
1559
291
6661
5315
6756
4893
2929
5098
4120
2443
9294
2842
7856
6196
8936
4267
8427
7680
6855
8763
7442
6684
4181
5374
6917
6039
7772
7782
7124
5401
641
8479
1894
7076
9671
7473
8138
3874
1090
7416
7272
6814
7033
880
5202
4335
4679
8233
5308
6462
8990
7738
7973
1544
2888
3570
7345
1855
3867
1082
469
876
4792
9207
8847
9039
5905
235
4559
6855
2021
683
6293
844
1001
6667
9080
1322
1044
117
7760
9480
2743
8616
1906
9510
2967
6733
5958
5942
7672
4229
1093
5152
2792
2591
6244
2921
7126
8406
4024
6239
8669
4182
7861
4123
5728
4783
6855
761
3076
9042
7916
8499
2404
7272
2060
8265
4197
7378
3782
5149
760
8763
7144
9403
4693
5306
6250
3750
2633
5140
5752
8958
7359
8014
970
2093
644
2112
9602
16
5098
5300
3170
1747
1563
9614
8327
8117
9320
4982
8821
6475
5677
3536
561
9520
7890
9117
837
3450
801
2666
2595
5560
4334
918
9066
5815
6360
3170
8238
5780
1339
8912
7879
2876
6671
7518
1080
3919
5921
5244
7049
9490
5548
2920
7428
7780
4628
4075
9225
9129
4655
781
7182
8786
1344
8067
2711
4157
6752
1241
3485
3768
7595
90
1118
7681
853
3452
9090
5497
9223
8217
4981
8344
8618
4567
5653
8474
3903
2521
410
7462
6728
223
2669
9423
6422
649
7462
7539
1360
9977
2198
4673
653
7765
5853
2551
1791
3595
393
7354
5564
4800
3645
943
5786
3953
1801
1782
5942
7595
7195
5238
9841
3829
7218
6115
1015
5419
4859
5180
2637
934
8330
7889
518
9894
8631
8914
675
6945
7666
4851
6661
8454
9412
2300
256
234
2548
3372
4734
9972
3426
5997
3500
3508
4035
7170
5941
6045
7674
9181
6217
9556
400
1502
9706
1136
6223
5638
8867
8449
2897
8858
1046
686
9999
4930
304
9830
4473
2368
426
7224
8130
9998
9759
4046
1476
2545
3701
7124
2055
6698
634
7223
1705
43
3197
296
5499
7559
2117
9759
7512
2417
738
8237
35
9078
2270
1322
3884
9511
5184
7756
6638
2175
6701
7337
5064
4179
5035
5524
2038
839
6403
6339
3387
5805
5714
673
2941
7368
476
8735
8973
4799
1454
7558
850
1629
6671
7128
5793
980
3505
3716
4843
1650
8554
7896
8643
2988
6410
6160
9066
3176
9960
6764
4841
6039
6829
2064
4699
926
3181
9270
2004
9461
877
4638
8897
376
3589
5685
9405
8764
8708
4019
2318
9116
8842
4334
6618
2321
1767
5916
4009
7808
2509
7302
616
6541
4340
1897
9927
6749
4650
3382
2640
8585
2228
360
8516
6046
4022
277
1812
7634
2923
8110
2217
1313
5698
1185
736
773
597
366
5941
5156
1831
4758
9131
9235
8169
3551
3718
6344
5448
116
4213
1390
9415
2153
6847
610
8613
3901
5497
3130
2443
1592
9105
6068
5620
3027
5130
6060
9465
5799
5188
1896
6296
1694
1527
8846
5248
3814
6972
4949
716
9412
2376
2664
442
6453
6742
4295
1398
1727
8512
8040
3751
2726
9914
5387
342
9914
8859
3659
2439
7710
5960
6975
9142
1891
3407
1809
6815
227
6797
1350
7209
8186
428
7916
7680
2175
7357
1474
6477
5824
6702
5424
3141
5259
4712
1800
5787
505
7399
5684
6034
9988
5014
9183
4004
9786
3751
7920
2088
4858
5613
3648
1459
5978
5446
8605
3693
3115
7207
903
2399
7605
3190
3527
662
8476
5070
7232
1303
8388
7171
4413
8479
9760
9907
6330
4357
7733
5908
2335
7071
670
1727
5735
9246
2809
937
2239
3111
5006
9498
121
7582
5232
732
2896
369
9116
3186
6198
4766
6926
4546
7930
3362
1987
6913
7749
7872
1722
5881
4899
682
675
2265
4430
3486
9305
9609
790
2624
4204
7081
6094
5344
1462
3221
9040
6648
4032
2247
5040
5125
9181
3177
7709
2319
1476
4900
7460
3718
9499
7035
8879
5179
8862
6621
859
2488
5391
2539
1143
4461
5624
8055
952
8200
5500
4516
1625
6976
3899
3904
9136
5406
2708
523
92
217
1125
6162
4426
6684
8093
4925
2567
22
2835
5921
1664
8510
2192
1154
1157
3393
1367
1817
8444
3402
820
6558
8529
8876
4018
7938
747
7759
8487
9868
5226
8436
3802
3198
3357
2359
6325
8547
4752
7584
2005
3943
6226
6566
8846
4803
3300
4385
348
5619
1966
6122
9716
8326
891
1409
4281
8898
2949
2475
266
4241
6124
2534
3304
7868
6239
6410
9670
9010
3053
6749
201
9461
2773
4595
8895
6545
1065
7553
3339
8185
2225
1980
8270
1377
2076
8291
2707
9650
9729
934
1553
6893
2612
9761
1635
1087
9013
4937
7155
9085
3426
4593
994
3693
6972
4697
6165
9936
7543
9172
1594
1824
6618
8981
888
1761
8583
2710
1668
9079
8533
6180
1264
8021
3512
7322
782
7597
1682
6216
4386
4777
771
7967
2165
6468
6588
3852
7398
9573
1378
9055
874
3481
1885
7975
7957
8397
8512
125
2273
1285
2483
7417
8907
1820
2764
9668
3645
4920
4508
8923
8597
3305
8821
332
9109
2910
9561
6769
7204
8035
9342
8566
7314
7131
4702
5240
1176
7943
1035
4652
9678
3392
8832
7546
9238
8838
5666
1940
2037
4693
9397
2694
4306
8385
2891
2140
7383
7071
1799
6330
2469
1183
9936
4060
3268
5785
9329
8987
4855
3299
4365
2489
3726
7692
2496
8265
1861
424
9072
5966
314
3593
1026
8814
6524
8406
2041
114
7966
2442
7450
4285
8139
3372
4555
5558
4868
4967
3193
5284
5685
8613
4729
8918
2405
7805
4870
108
1372
2245
2505
773
9727
278
6807
8645
1734
9195
452
9139
591
6581
7125
1421
9756
4799
7923
5304
1463
4056
5755
9800
4021
5330
5603
8711
3336
8230
6919
8150
5967
1538
5121
3774
8281
9233
4823
3137
7510
501
8079
2226
1678
4627
7661
4334
74
4170
7725
3445
4048
850
5435
8825
8109
7325
9839
3762
1723
7101
7415
1707
242
4498
9133
7277
5083
6030
7784
9125
9759
5303
3358
2964
2222
9511
1590
6276
7019
1620
8219
4546
7348
4807
2525
8013
4400
6139
7458
5049
2689
9492
3690
6191
7401
9162
704
3093
5609
2320
6828
2245
8613
3781
5189
8877
1923
119
1924
5411
2082
9774
5764
4739
9127
6348
9221
8630
1762
3663
1871
3600
6431
4881
5780
9767
7417
6541
142
6939
3225
2125
7704
7462
1132
7284
6969
6321
7986
1797
2874
4448
5459
3182
5481
651
9500
6725
3878
5050
6247
3854
4347
2141
5992
7046
7544
3109
132
79
4156
6338
2557
5144
8560
794
2520
8839
4365
1699
7455
2806
5070
3213
6225
488
6320
5455
5591
5574
6853
7996
4339
6491
680
4914
8673
8936
9419
7615
2431
8772
5517
8448
5609
1492
6583
4071
4285
7315
7973
9752
7613
3118
2114
4368
1954
3071
5371
2915
781
8227
8806
6320
6762
8202
2460
9955
5598
3627
2609
4824
1295
9554
4789
4903
7714
8743
3426
3712
2670
8123
1478
6275
2880
3873
7995
6524
3369
8327
4225
3146
8482
3536
9645
2651
768
9056
5818
1302
321
2131
4094
7124
8214
7802
9464
8475
5403
3219
7717
3353
9441
5684
1042
6153
3421
5411
7724
7925
6682
6709
1875
25
377
5793
2765
399
2041
1952
9623
6477
3841
2708
4837
4135
3017
1714
3403
9457
9657
6301
5412
6854
8473
3376
9391
8526
4584
1368
6939
2943
841
9628
4263
307
1895
938
1563
1810
7913
2175
901
268
5808
8786
3404
1317
6477
6685
9089
5613
3647
4985
3587
4331
107
790
993
6325
6420
2420
2026
6303
6234
8545
9296
7102
5919
6862
8667
8311
5476
9616
1594
3656
7682
1217
4533
7907
4084
7072
9246
1987
450
7451
8549
9388
2249
1976
3818
6596
8502
3259
5566
6599
65
6678
5922
2347
5494
3411
2849
146
4782
9399
8074
101
9388
8196
3125
2483
4020
