4553
9828
4065
1730
5322
9392
3166
843
2076
5956
9276
2221
7400
6131
5819
3381
8573
3277
3085
7112
4700
5352
6147
8857
9075
9661
6755
4758
4241
2956
2971
8015
7752
1996
5712
8244
2912
611
3055
7018
8023
8335
3204
7562
7447
3823
6841
2021
8688
2736
726
7752
5541
1944
4791
3368
6547
361
1467
763
6938
4658
56
6739
5872
3160
316
6823
6667
3580
9807
1039
1565
8937
5044
8172
829
7485
9246
6481
8911
8178
5871
6818
6453
4679
7916
8200
2110
3215
4956
9775
7741
790
527
3756
6998
7244
1900
8221
2145
9935
9938
2719
5616
7625
1984
8678
8541
4739
64
2637
7789
2324
3133
4314
4033
2427
9942
6877
8299
7461
8699
2853
8781
2907
452
2815
2572
3387
5761
8300
2036
8977
7356
3965
2502
5537
6491
7406
2333
7252
8881
5164
7550
5645
4004
2148
8044
7879
6585
8138
6411
5341
6267
4962
2045
773
4363
4927
9641
762
210
1350
7049
9204
4177
7774
8674
7190
7417
1718
2415
1684
5207
5186
102
4671
5415
9204
5772
1503
7593
5427
20
1004
9873
8683
5586
3608
568
2320
1598
4028
8225
5008
8244
4670
4614
9141
569
6972
2976
83
9384
8391
9892
4164
3274
9295
9147
7837
6979
3111
7371
2861
1337
5525
641
2978
2144
8808
496
2503
8081
3270
6418
6558
3721
9857
8477
2422
4237
9158
7281
233
9596
1218
3390
7173
876
736
8499
9029
8598
7331
337
8555
1454
957
4174
6140
4843
5626
373
6024
5125
8348
8522
2452
5004
7619
7755
614
4356
2329
9586
2412
2990
4919
6184
666
8419
1320
5812
6382
6505
9400
8768
8898
7096
1448
8908
8381
5302
6321
460
9750
1070
8546
9692
2998
9536
3751
1860
6488
6066
5416
1671
4000
4243
4748
6053
1254
2640
7624
3601
542
8784
3097
7260
2068
2186
3385
8944
4953
9766
6864
4857
5733
7889
7451
9933
6616
9354
4626
9597
2945
6185
9096
3459
2057
143
4484
3051
8285
4937
4503
8431
4215
2430
1705
2250
7912
8632
8965
5070
8916
6703
7821
3456
6537
2977
4203
9281
8317
3982
3350
744
756
4559
7997
3019
6299
5702
2979
9421
3668
9425
3415
161
3150
1544
8414
4636
8944
5574
544
9321
785
533
2892
2582
2375
7314
6328
7515
8699
319
2505
2475
8101
6535
4475
5730
5402
12
3741
6287
6430
3132
7981
284
4071
3554
8795
6520
3120
6905
4893
1381
4182
604
3167
477
6595
8424
4212
2928
8916
4179
4589
920
3033
8405
5093
4317
217
2852
327
821
9120
5423
2908
3875
2214
9632
6373
1040
9500
1844
5409
8647
2006
4407
5403
3370
4864
7256
5540
9267
4414
1516
6344
9332
5972
4798
7728
624
3838
7268
1939
3826
2461
365
4729
6043
2991
7606
270
2682
8505
140
2463
6115
4148
8747
9653
34
1762
549
427
792
4635
2127
7005
4100
8648
2677
6911
6494
6811
1134
6727
7676
9273
9274
504
8343
7029
3783
5004
5272
475
8435
1709
8172
4661
1500
9024
7735
941
6307
974
6452
544
335
4208
1131
4027
9182
4263
3691
9205
103
9878
9382
6521
9850
908
1580
7454
6200
2482
3968
2469
5039
8637
4935
3294
7806
9744
3166
118
8407
9761
7579
7185
1922
3830
4428
1857
3246
6220
6572
529
482
9284
9300
1216
5490
8714
6686
6893
1373
2371
9652
6075
9379
3923
6583
3777
4020
1593
4636
577
2420
2759
2944
7826
6970
49
9757
2365
6584
4273
4613
6497
1732
7077
5098
9987
3893
6118
9280
4965
8010
1973
4490
3457
7156
4084
6017
4595
7859
7695
7475
8545
7054
1189
3688
3015
1660
5831
2256
4643
8464
6027
6873
4602
1474
1309
7708
5077
7735
1107
8662
6316
7746
9052
708
4412
4772
84
1400
7448
1967
2790
7193
4986
3033
495
6423
7572
5292
6459
4555
600
7018
1470
2668
9232
3886
1745
2414
8602
4509
3622
5077
5604
7435
522
792
3552
3929
2327
9601
4548
4364
9107
3824
6193
6778
5560
8223
8973
4238
9585
721
8063
9051
1949
5939
5591
2380
4035
3940
9719
7609
3459
465
6562
9399
1397
649
256
8327
9008
4111
3611
2446
8952
3214
89
1524
9397
3191
1782
1125
3997
6117
3916
5318
1661
7714
8578
4722
5177
1954
3567
1186
7021
6541
7194
8650
5807
4315
6864
2288
7076
9399
2624
216
3019
3142
8870
5003
5370
2913
8882
3782
7603
7693
2868
6191
5362
1324
6951
1602
2886
700
9479
8809
3113
7310
1744
4426
7598
1633
8821
5962
1270
7853
7721
3535
815
27
8173
9156
8298
3905
4295
2117
7655
4636
2603
90
1423
2070
3256
6721
1662
9863
6498
9684
411
7143
3272
7865
1925
2881
1298
4456
5772
2212
824
5079
5993
2243
2577
2753
42
4236
2791
6518
3966
2294
6323
1356
4761
3283
1755
1139
1013
4149
8981
438
1958
1405
3126
7532
7368
7310
347
1534
9207
3424
4995
4484
2859
1297
6823
3353
7614
2918
8263
1485
1531
1871
6275
7240
8628
7784
2242
9259
7536
459
3283
9859
4175
7107
9133
8375
940
4044
1477
81
6990
1158
8604
1034
2378
4216
1474
2973
1177
3634
9019
781
1682
4202
3708
8930
4515
8440
1731
4495
4689
7421
3456
2991
2074
5422
3395
7710
6179
671
6531
8068
8771
7978
7208
1404
5579
5566
6998
6883
5520
7716
6295
9707
4407
7677
772
4399
3755
8584
2976
1969
7374
9808
6273
751
4266
5857
4331
9109
6163
3931
6922
7515
1339
2527
603
79
6577
662
6888
4222
4119
5105
1583
9707
2846
107
7903
7042
6160
5307
4510
86
7722
1542
1737
3494
6068
3233
9144
6015
5822
8356
6109
5435
4057
25
5817
9287
304
6660
9196
9842
5857
8205
4343
6449
3547
4744
1375
2623
5893
8022
5761
3602
8521
6548
4556
6585
4284
5505
8783
5153
5530
526
7616
4119
9618
4477
7046
8903
9724
6604
7108
4467
3267
1835
419
6720
6067
8488
8123
2826
735
7068
845
2856
2319
3471
6639
7898
901
4262
9669
1423
6827
333
8520
5171
1930
4543
7878
3173
3289
7698
9703
1478
5312
4320
2727
5021
4808
9647
7060
1704
5874
2306
4742
8157
6400
8233
8789
2863
2116
5252
7916
4476
4819
4341
2249
4771
8373
9362
5053
8211
1883
2666
918
9310
4526
4671
7926
2748
2912
1537
2272
1436
3793
7980
3679
7622
7089
7895
1539
1563
8156
3342
3977
5838
1783
1434
4021
8092
1078
6155
2751
7398
9655
6967
9527
8591
8558
5373
9142
4241
1902
7522
3
4634
4097
5805
2366
1924
8980
3982
5180
5011
5602
8456
5184
1223
7436
3520
1954
4945
8930
6013
2751
7426
5152
8287
2861
8542
6087
5981
73
4480
4454
4471
5615
2311
4966
4329
8133
6158
5263
2640
6229
5370
6986
5943
9653
2716
5940
6507
9172
2822
8460
1469
787
5882
6474
2821
589
5534
9019
308
5157
8364
1037
6834
5307
4742
4547
2869
8410
4134
5797
9811
2145
2644
7352
4271
2683
9665
6757
7279
382
4687
185
9422
525
4083
5785
190
7658
8899
2703
4549
4764
1514
4133
1976
6840
6235
8445
9013
6863
3314
6282
3098
1668
1669
7151
9859
8040
3897
1410
3776
2420
1585
2893
5973
5506
4146
1361
5020
7417
7138
8662
7109
5507
8062
1060
3165
572
2794
1735
9756
6393
420
6003
5944
579
8274
9524
3832
7263
8377
8560
4595
1019
2575
8651
9318
6951
4008
70
2820
9181
4205
54
4903
3822
92
6940
3941
7611
6264
4374
2559
2812
1328
8546
6755
4017
3037
2842
5905
5747
6405
3233
874
2358
9614
6024
9956
5870
8588
9149
1450
2458
5130
7760
4880
1009
5831
4515
5685
1912
8792
190
1921
6189
700
2861
3021
4227
1517
3174
4658
1194
8849
3418
5818
3674
4224
232
5315
108
9696
9224
1474
213
5485
27
4852
8720
3956
5052
9135
9511
8366
211
1287
7342
6826
3766
3100
8508
9235
2956
4129
3542
2865
1760
1911
8650
6411
3278
3576
7573
4922
1357
352
7713
3704
153
3190
9679
2311
5964
4648
8988
9951
1336
3172
371
9871
3619
2995
7184
565
5808
9487
924
1352
3670
4134
3626
9010
2095
4615
6156
1500
1551
5385
1491
7393
6783
5818
8849
3428
8837
9109
2716
6878
7586
5565
9266
8847
7895
9030
4356
3190
4981
9043
3328
2012
544
3449
7647
3338
3823
5555
3495
6570
6578
2511
6462
9643
9424
3269
5116
9999
7565
7928
6507
2431
3044
7493
1486
3054
1239
2696
2443
8218
3360
735
1462
9967
7634
5350
8044
5813
5457
4384
713
6890
6459
3607
582
8395
9393
315
5426
6331
662
8294
1116
8854
2787
5329
8458
6719
3653
4223
6810
7894
2500
9543
626
9989
544
2447
1493
3049
4282
1827
4117
3982
828
8949
2128
7828
5046
7423
3913
4093
4630
6564
4723
9384
3747
1908
1980
7160
1622
7374
3108
4237
1462
2096
6952
1220
7455
234
8847
2506
9150
4928
8305
8876
8443
8990
7215
4426
6082
6806
6179
4297
1376
548
101
8520
3560
9219
7654
1675
5039
2025
7533
4339
5498
6781
6076
8094
2545
3241
3678
2554
7824
650
5199
7557
7866
7652
5480
5073
9435
6515
453
8851
8568
1356
4517
7210
1109
9186
9646
3372
1635
7972
2634
2252
1955
7411
4050
5400
3388
9778
6357
9871
6117
1190
1924
8032
6575
9533
9518
3597
4098
8187
3779
7407
7699
2959
1623
5331
2350
36
7878
2081
4518
2051
9422
3757
502
9558
7981
4134
6835
4487
5496
7180
4160
8487
6372
9728
9613
6731
8965
2867
9566
3905
6145
2144
6019
4832
9728
9077
3369
6989
5731
7836
4508
8250
9758
3129
5031
4217
803
7020
1578
3006
3979
8326
8807
9506
1604
40
2073
1476
4690
6278
3073
2938
7763
4075
8766
565
1108
9302
2232
4882
9241
7698
2873
6541
5981
4676
7305
5904
9286
4701
6501
9849
5187
9104
2347
4234
7942
5117
5589
1082
4792
2091
6799
3945
2397
3636
6327
6832
8645
8410
8080
1591
5852
9607
4274
7536
1503
4515
9457
784
6315
7135
7465
5822
7332
4606
4659
8228
4846
1299
4199
3299
2604
7972
9422
835
5731
5630
754
3751
8921
899
6436
7855
1024
2271
105
5735
2553
7928
1875
173
1814
1060
3528
2176
6225
5844
8017
3283
8594
8093
3265
2913
8385
2167
2080
4907
4376
6575
4387
2893
868
1527
7033
7902
3576
8574
5700
6022
3454
9674
6418
1370
8747
5504
1736
8883
6158
9366
3450
9948
4325
3697
6009
9818
1947
9336
1529
8758
738
1801
1598
5734
3577
7241
7043
7418
7002
7719
6166
3217
2115
9994
9363
5628
7902
5945
9324
2362
8272
617
1650
8979
8490
4753
2978
5632
47
9369
1231
247
5811
7793
7111
1653
2380
2958
3173
7716
8569
9823
6899
9340
2827
3454
746
2502
6803
5681
8264
7323
8922
6640
2716
8411
5543
2178
192
7065
9169
5472
3268
6339
2433
6987
8387
5424
8674
2057
7284
5506
4520
4906
6383
8652
6442
5369
6138
8765
9166
5870
8992
2649
3648
5360
7629
6744
6094
8647
104
1608
2131
3328
1980
7006
1870
2266
6341
8714
2478
2606
8292
7912
9292
8795
143
6627
7861
7407
6584
7220
4019
881
6472
3160
1143
8667
2328
9039
949
8502
5820
9969
9275
8717
3708
2651
4511
5812
9313
4855
5221
9121
168
5786
1770
5192
8613
4950
2784
6196
8264
80
8070
8801
981
2716
3762
1143
9746
6420
4030
1889
1794
4359
7933
4332
3784
7950
7544
3995
7131
331
3370
5591
4469
4170
8388
179
7239
4089
829
1229
1261
3188
2202
769
6505
6841
6278
4472
9983
1194
7534
3341
476
3648
8364
3280
580
9213
6733
3924
3831
5754
6753
9443
6255
9167
3151
2897
4952
945
2386
7405
4412
1157
7700
996
2234
3043
102
4784
9378
7269
9497
814
3680
7071
9740
8957
7619
1801
6946
1442
4249
3688
7039
5833
9945
1947
9087
6774
8524
432
2899
4297
1016
6998
2009
7391
6123
6062
9526
9221
7601
8763
3715
3752
9777
2920
6242
1736
986
5672
3259
779
1846
6905
2535
2061
4104
4706
5672
4213
2599
7675
755
8163
9815
5372
3275
3798
608
942
2491
2842
6461
381
6544
9854
9380
3087
4145
3780
5741
846
5276
7537
3232
3361
3150
6772
2383
2825
526
1027
62
4951
3558
4337
347
1275
9967
3788
4989
7255
8777
7331
397
3297
3348
6149
7675
824
4429
8789
2095
6526
8376
7801
5693
9844
8151
1169
9876
5187
5188
4196
9155
6534
8001
598
1000
1397
89
5943
7255
3037
8258
2885
5843
7259
2770
5377
7132
4359
971
7295
7893
2045
8181
4231
8704
6934
2198
9480
9273
4613
9632
3964
9868
190
5415
7143
1315
3633
61
4457
688
9876
1052
8243
5108
5486
7008
4662
5913
7248
9663
407
2738
1326
4773
3806
8445
1691
4176
6030
5954
3491
4629
6559
8956
3729
7277
4967
4272
8433
495
295
862
6768
2315
4721
1843
399
8016
1384
5720
7415
411
47
2891
118
3662
3380
6313
9767
648
2502
3012
7760
8262
7600
7878
6453
9094
4362
4723
6426
4339
9429
5652
9717
8930
3108
5477
6594
7960
9578
2636
9280
7366
3998
7812
4984
7442
6875
422
8078
355
9924
6019
3521
9352
9781
1137
5660
598
8308
5919
4239
7325
8918
2806
2807
853
2542
1022
5593
6538
2465
9290
7279
7425
4725
8417
4121
4198
5832
6522
3253
5092
8140
5027
5385
5968
5696
6702
1692
3506
6794
5833
4820
6320
1968
4184
5019
7049
9685
1361
683
4315
1169
8132
7064
626
5722
8869
1693
9310
3358
2023
5102
7983
3651
903
8524
6256
1429
8610
9800
9101
8734
5220
6783
9042
8933
7678
275
1489
7981
8563
1498
2927
5789
4143
4319
6108
3520
9013
471
6830
7779
8371
5054
7321
9532
5252
7872
7197
7994
3410
5139
1627
8599
9125
2017
725
9065
2973
4308
8466
856
1448
6122
8586
2667
7024
6920
900
6139
8580
6107
4138
4281
5713
4073
1317
4539
2781
1958
1899
7041
2545
4595
2449
3206
6480
5856
398
226
5800
34
3247
5020
5571
2000
9760
9533
9034
7287
6861
4640
9463
4174
9814
1669
502
7428
312
645
904
5669
7646
1855
5763
5371
3539
2417
9497
5504
6818
3667
8994
1634
2988
397
8777
1520
6261
5912
2321
5377
2460
1106
6802
4500
3973
4411
7972
4353
7189
7180
9206
3982
1545
728
6812
8526
9156
8107
3859
2901
6707
2319
7329
4438
8526
2989
9982
3021
4397
5872
137
7400
8932
549
5561
7200
4525
7087
1329
2805
6064
583
4142
4760
3282
9264
3936
4818
3080
9864
5186
9505
902
8747
88
8932
9944
6962
5285
6219
6235
2504
7542
4113
2217
189
1327
6006
9408
9540
4863
3573
3774
1559
9122
1444
6412
4122
6995
1834
6867
3437
8876
9035
7263
2011
5660
2446
3150
1535
2035
4943
341
4758
4109
497
4816
9951
2952
2475
7588
8079
5540
9475
7875
7170
7127
1289
8522
2987
458
7898
5418
7661
4451
4005
6082
6898
7391
5785
6453
1688
4556
4413
8509
4924
1648
1226
5052
334
7658
1955
6971
7380
9459
4997
6497
5611
5072
1609
8177
1511
5719
102
4513
1564
8828
2115
9554
5717
5239
8490
977
1794
5251
9352
329
5087
2997
6593
5570
558
5143
5025
4602
6679
9616
5341
8238
9558
3394
8856
7078
9058
112
8162
3771
8062
6666
2666
101
1641
6790
7268
8373
352
5485
5701
5499
8562
7583
5291
1813
2324
6996
3402
6613
2075
2880
513
5918
9639
7393
1259
8059
3312
4424
5106
7116
3240
3410
6589
4509
9887
5842
8474
4949
7654
9133
5991
5864
9483
9122
6570
7033
5603
516
8609
2208
294
9333
9892
6596
803
7440
2262
1957
2868
9811
138
3256
6813
6232
9089
1520
4238
6830
5522
5925
5496
9561
7379
1556
4668
1730
8452
9171
47
7836
7819
3759
4218
6245
6169
2756
2589
1893
2252
2200
3971
3222
2926
708
4529
2255
6026
3472
8681
4927
6814
4346
4283
1027
1452
1315
5402
3700
5307
6022
3020
5808
7867
9174
7051
7107
5318
2579
2298
625
1089
840
1713
1267
7362
6740
2697
7388
2907
7619
2371
1991
9428
936
418
2703
2231
3401
5145
634
2309
4983
3247
5779
3862
5785
5423
9891
7806
9364
1932
4923
8794
1625
5378
7200
6618
4379
7351
2435
1145
7979
9041
2780
1559
1314
2977
1586
9591
6090
4445
1658
5732
2025
9195
2250
8543
4747
9480
5785
9364
8412
9113
2581
6219
7903
2713
6335
5098
5101
6370
8055
8807
2269
535
8768
7066
636
5005
5312
2641
522
9081
8631
5534
7137
8612
3305
9883
6834
44
8089
4894
3869
6228
7475
3879
1341
4828
2694
2502
9711
4587
4173
6873
7613
6552
5881
9603
1819
8808
1165
8521
5964
6226
1141
2838
5218
911
6275
3214
6160
4509
9703
7327
334
2610
8939
6179
3721
6237
6920
8434
2068
5384
3769
805
1199
5946
778
7205
4962
7769
1340
1154
6486
3020
6392
4287
1680
1646
8701
4171
3419
3455
1848
2459
3473
4133
2895
9330
4821
9313
7178
1010
6544
684
174
8556
2551
3151
4695
6340
1173
4593
7106
8256
7210
2219
5684
1311
9039
5384
3835
9814
2453
6136
5711
4965
3642
308
915
889
3511
8347
382
2234
5496
3899
6049
1205
8040
2652
3013
8180
297
5398
162
1816
3053
6610
382
2601
789
8638
3072
7044
5523
9242
5456
7683
5821
3376
8333
6763
337
1665
1002
8447
5999
6697
9510
5425
3240
6692
8854
5401
465
3883
5601
9534
4212
4151
8
3265
35
2278
3873
9
969
1850
5103
3144
5119
318
8511
2541
7912
6997
2080
1059
4842
7771
5456
5879
5881
1965
1472
5671
9538
7556
4771
2565
5073
6460
4168
3674
3535
355
7441
1160
8619
6476
5696
2712
2372
2403
6989
9458
912
316
2758
9659
1708
2724
2420
6745
2881
9545
1365
4721
8495
5941
2572
3281
7177
4261
4961
6746
3196
9209
822
5893
4893
7124
4711
7159
8014
5746
973
1167
4813
1705
3551
3644
8858
6905
8133
9515
1618
3805
187
701
6716
1779
879
2040
6416
904
3223
3028
4863
5836
2529
4486
6595
2501
9273
5785
3348
5776
3152
4200
8835
9970
4607
680
6423
2060
6025
1698
3521
7277
1029
814
6382
6913
1936
6667
762
7287
5134
4348
2683
49
8009
2076
2513
9061
4312
7794
9943
8240
5469
5583
1142
2521
5115
8292
8535
7699
8801
3665
2851
7197
1736
185
8889
6580
4229
6497
3994
2984
7243
3382
9941
619
384
8782
8298
1910
5610
4102
2925
4934
7206
9563
4730
3187
7701
9573
607
1809
3652
6413
362
4480
2118
5712
5791
5678
8320
3579
9014
2541
7392
4486
8992
6846
219
8669
100
12
3058
2345
9690
7862
5728
1598
978
5172
9395
6477
4738
8987
8308
2874
5003
7899
2437
4856
3526
1685
7878
9392
3633
8794
5827
5984
2256
9647
5982
4400
2289
8445
4340
2191
6960
9877
8847
4988
6596
176
5688
5490
2628
7924
1430
4731
8730
5282
7671
6709
898
9548
1610
2369
8526
5013
4903
888
4202
6305
2572
2488
8534
6699
4245
3037
582
9285
6182
5723
2818
9018
344
1814
266
5360
206
8196
8282
8969
9282
8939
3990
4856
4033
4581
4146
8640
5328
1906
5201
968
3386
588
7912
7691
9927
9301
9053
9053
4858
3596
7057
6663
71
6751
8232
7635
7679
2587
3857
9235
8297
8782
3846
9244
671
45
8850
1984
194
2994
7321
6233
6667
8222
3417
7409
3568
6220
4523
2670
5134
5205
454
9563
2233
9136
6608
466
9182
5153
6498
2918
7776
3554
2391
300
3159
8672
7744
9097
946
5196
8343
1286
5524
2114
1870
673
6386
6886
2804
158
1320
2266
7875
1050
3779
1724
5385
912
3086
1420
9680
820
940
5212
7596
3708
542
4544
177
5951
1010
9972
2303
1141
3993
5101
3515
238
179
4375
843
7088
3433
7214
3821
4584
3207
2585
532
3921
4996
1776
7728
5858
1631
3614
3242
1777
8584
6993
5929
453
8920
462
6371
7018
9470
450
5716
254
7382
7828
6052
8200
8744
6150
776
3160
7403
8730
5447
6473
9220
8976
2199
1747
1263
2765
8740
5022
6216
3448
6524
5760
5191
9295
1562
6871
5782
5302
9996
9411
2304
5375
9443
5930
7703
2453
8056
3871
5154
9218
1718
2781
849
2033
1319
7021
4319
3998
1790
5671
9187
9529
3486
7892
4227
6089
8005
722
1685
2221
1417
210
1827
1150
4142
3531
2459
1520
5680
4977
944
5095
787
8720
528
7238
5637
9586
4243
8611
2989
5984
8013
6327
7938
1365
6464
8929
4874
9774
7297
682
8462
3454
1877
9011
3238
9454
8007
6170
758
8130
25
684
5764
2982
901
4756
6725
3783
6815
7330
3140
382
9481
5062
4446
4407
8114
6347
6765
6688
9596
6802
6206
1565
1336
4947
4913
9032
385
344
2413
6757
6465
8885
8717
4628
84
7759
9387
0
6615
2861
7111
3204
1644
6092
3621
4077
6685
8684
7424
5051
1275
2056
4591
1585
1986
3491
4066
1067
8442
4541
5576
9599
5181
4182
8113
8173
592
9833
8683
8416
2864
5625
3227
8518
4122
6234
4250
5564
2214
9142
6298
2835
3249
8352
9027
783
8470
101
3918
9965
5369
5774
2509
404
6128
2482
9045
3445
4349
8713
5049
4493
4700
6363
836
9209
4598
454
8786
5848
9808
6927
2412
6812
5923
2223
3407
2762
632
4735
9656
9938
9328
7503
350
2776
3293
1375
4411
3792
6801
5313
7880
8585
5841
3541
2597
816
2517
1860
2946
2485
4255
4537
2028
1770
8709
1593
9911
8872
2365
9619
2996
9340
8308
3139
8288
9295
4906
736
4426
1763
3454
1109
4382
1769
7730
6829
4130
7359
7083
6055
1372
6758
4055
1865
9038
2
1946
3553
399
2955
9047
7399
1367
2625
1384
8718
9815
508
5867
233
8019
4081
3641
3530
7949
3216
3011
2662
7311
154
6107
3812
6469
6545
9404
2436
7365
9927
4247
2956
8251
9512
4332
5118
9077
5940
6897
6309
8247
6180
2210
830
6092
7742
4133
5908
1691
2708
1144
339
6466
6726
8346
798
8833
4360
5010
5628
6933
7822
6016
8237
2607
4259
7279
5995
9328
6697
1635
236
8276
9243
9556
4003
8553
7167
791
1926
3370
7527
3398
5754
4556
4598
6555
218
8020
2415
8750
2935
8114
7737
9208
4537
1295
9984
9780
2452
1055
565
6929
6870
1602
2949
70
3196
7789
1655
5475
9220
895
3550
6335
4702
5923
590
8627
2508
9506
2044
3267
72
6913
878
6916
9460
5214
2098
687
2332
5651
3243
7520
6168
485
597
1515
2989
9452
1066
3820
996
6526
717
5625
9234
2666
8643
9446
1462
1166
7297
6117
4066
6870
3297
3784
3425
6946
5710
2932
966
3938
5071
1924
6901
912
2241
4823
6859
1562
988
3687
3143
1627
2695
6583
2780
8390
6792
5416
9439
286
6564
5688
8091
8996
6436
8951
8068
8925
3464
7351
4680
3151
5013
5568
9985
729
7483
1998
9944
5517
7890
6232
4099
138
1874
1261
7359
6666
1729
6060
1561
5748
246
7424
9382
1951
8013
1590
3826
5845
2068
5981
7301
5791
306
8137
9026
3042
8087
6996
4873
2582
111
7778
9132
8943
9360
511
1327
9434
4402
7223
2648
7926
4574
1233
2198
2268
8447
8153
5566
268
6886
3689
7169
2277
4409
35
3673
3649
4795
2477
9074
4187
8023
8778
3717
7902
6790
833
7456
2011
7664
8892
2337
6454
6063
4735
6577
4558
2094
323
5518
2471
3457
1166
9168
5462
1567
5889
77
7256
3001
3998
551
3103
3550
8979
8771
8538
1255
8904
1542
8032
9550
6256
6440
5833
2924
6751
3066
4729
2271
9273
723
794
602
5443
2534
7061
2502
3400
7791
5148
6423
1018
557
3959
745
5219
1194
6985
2041
5350
8644
1006
4960
791
9328
4195
8202
9332
4197
4002
7429
4271
5907
2569
6933
6217
8279
5942
6596
2876
2966
2465
9495
7236
5670
2758
7483
9068
860
8285
8718
1745
672
1208
6619
3893
7966
9080
6077
1922
4517
7693
1124
4760
9922
7320
4358
2421
2391
222
7084
9536
1508
3275
5053
3970
4071
1136
8345
8866
3872
5900
923
4140
6189
1074
4433
2173
8725
8268
840
3933
2080
1276
5841
9625
2195
6075
4048
8252
5946
272
2739
2729
6765
4446
5343
2984
4869
3402
7541
7962
3064
1624
4212
3339
7103
4993
9545
8948
8681
3843
7281
3225
6601
4741
9791
9925
1003
245
6696
4960
3700
4593
1627
3323
838
5422
7359
3176
5138
2776
4917
2872
4904
6118
7469
8194
8394
6649
8660
6573
1456
3201
7258
5707
3540
9756
3794
578
7965
5548
4418
5639
5945
1188
8650
969
9459
2207
5170
2264
1092
5820
1180
9408
4469
3626
3689
1046
131
3596
4840
6733
1179
586
8760
709
6869
6068
2078
9153
7198
2915
8578
8596
4381
5453
5156
5640
4151
4676
1980
426
4125
7965
7839
4133
2211
4472
4205
9833
892
9265
3159
632
3713
7329
6431
7613
9392
9649
584
8217
1633
4445
6684
8187
3828
1681
9627
9163
5254
7027
2001
8948
7347
8156
6497
7564
7173
804
9805
4113
7818
425
2824
3617
4227
7212
1058
5542
5401
3848
4466
3836
9275
815
1555
7889
8082
5667
7621
2920
4933
7086
9236
953
9816
831
5558
6216
4575
6594
7181
3281
4545
330
8620
5933
7448
3229
6887
7828
5604
3228
6755
3983
7695
4670
2140
2712
4315
8232
3845
7169
3752
2411
7962
5117
4786
8089
7234
6399
2550
8053
3216
5997
9413
4487
8009
7088
6962
5833
8704
491
2373
5698
1740
406
1170
9116
5915
4678
3379
5251
7008
8554
2770
652
8231
1604
3891
5407
1834
5090
9726
3843
2716
8041
3322
6693
6610
9053
9077
821
7826
7375
6448
8397
3171
3092
5111
4910
3748
9517
543
2248
6808
5464
2727
4950
1311
3683
2641
6740
6129
6216
3722
8399
3971
9609
4213
5943
267
4841
7510
4099
6784
4709
313
9985
699
2797
8547
7336
6218
2787
8481
92
9235
1567
4285
1709
1094
5212
3615
3165
5355
8467
495
5868
6954
8466
6728
6178
9977
3336
856
7864
8448
5024
6677
3043
6664
1575
6730
830
7122
1675
8814
9714
4821
5571
6293
4341
1663
9221
960
1725
1868
9464
0
4591
2868
4166
1208
5273
7983
8429
9008
3784
4788
5091
6326
7462
2079
5012
3551
5059
2080
9994
1435
8879
4384
1607
8646
6690
1903
9649
842
648
2153
2410
9186
3004
3623
4491
4090
9440
1329
2653
2354
6646
897
4980
145
3951
115
8825
438
6173
8664
2386
5082
3510
4906
7856
8689
7832
2490
2420
5888
179
3189
1790
8472
2440
9141
4020
1536
9708
1043
8764
6401
8536
3243
5718
3338
6641
4328
9049
3300
2079
1886
9961
5712
2700
8422
2145
1277
4794
6404
5906
1942
2481
692
5208
2855
4181
7171
5733
4223
8272
3370
6765
2705
9953
6821
8078
1926
6752
7090
3753
3117
4780
2837
1489
5170
7587
7400
2015
6972
8414
3584
5440
1519
2695
2251
8732
4738
6936
1877
6515
5484
7873
281
4293
1576
5108
7493
3614
7799
9953
2758
9293
4708
4041
4578
8736
1298
6498
1253
5534
2946
3462
8163
9792
3217
6232
7869
9453
5854
4916
7758
4864
4249
9282
3797
6904
6615
3223
3085
1292
3346
3831
1047
921
9966
9867
9417
9241
4838
3002
5808
2929
8388
8392
9025
4536
4303
1816
6094
479
1855
7407
2228
9810
2172
1687
4176
7385
4692
1164
3458
1899
4636
9063
5145
9568
6558
9956
6014
9456
5744
9554
8381
3437
6245
5574
7406
2779
6301
9948
6866
5032
3288
5164
4457
7307
5671
373
6512
253
323
4104
151
5342
6871
9748
2737
6758
5688
569
2597
3706
2774
8379
5809
4854
3130
2101
2414
1837
2127
1447
4414
7562
8301
62
8418
7153
2032
7295
3768
8920
199
4687
3234
1964
3945
8386
2
7457
9794
5070
6225
9721
7082
7947
9023
3712
9207
1209
5348
9170
6217
9790
8629
1145
9027
891
8418
3607
5018
8954
1997
1821
3893
1974
7733
1446
3780
4614
288
1987
7534
343
55
3651
4370
4117
587
6398
5295
4950
8421
4254
8783
8932
8379
2027
2398
373
5311
3826
72
4329
2001
2849
1872
5375
1733
1969
8718
3987
9407
3184
5072
5608
299
827
9409
7678
6889
9956
3606
2208
8501
7830
485
3037
6949
5714
4641
9281
3307
4596
6208
3888
6698
7223
5357
6478
6886
3442
8169
7694
196
7902
1005
8037
6592
468
8170
9273
6126
1944
2049
7019
3496
4380
5695
7230
7526
8594
8448
5556
5707
7699
1125
4068
1404
8021
5120
457
5051
5435
4299
5274
9106
351
1224
5361
5708
5205
4915
8955
3645
4684
6756
5755
2945
1174
8065
9307
9058
5569
992
1200
6643
8289
7610
5528
1577
7196
6715
7123
6538
4610
3750
9899
4765
3319
3782
7170
8673
1951
5247
7591
6602
1157
4530
3924
6533
9463
9151
8822
1213
4017
1093
5258
9030
2596
2229
6881
3495
4563
3845
7919
7989
5210
2400
310
458
2988
7338
7658
6772
2887
1298
9377
3401
6230
7984
2521
9641
2371
6637
5381
7948
5798
5346
3622
3946
5119
6233
2194
3321
4908
1664
6339
113
679
9676
6382
7628
8096
9609
4367
6233
626
175
7966
559
3172
3425
3184
3166
7646
7504
2412
1938
1814
6108
7623
1745
7030
7818
9503
5459
8476
2816
6849
6946
6590
3325
4744
8711
9879
9399
7427
163
3475
6428
4513
1647
2803
3194
8427
4987
8861
1610
6494
9379
4595
326
2163
3664
5710
6604
5677
1066
4182
9770
895
4827
2929
7273
3687
1119
6487
1335
1275
5400
2061
348
5006
5421
4278
1694
5967
5554
9714
3872
5007
1315
8049
1989
861
3275
1145
2162
6063
8673
2544
4466
7887
3857
9462
1811
5296
9481
737
5133
395
2138
4423
419
7498
6974
6626
1282
1904
7961
4083
2390
3796
8727
8886
3660
744
2197
9693
8546
2250
9436
395
6027
3142
8248
3152
2287
3222
5512
1548
6622
4823
8477
4082
661
4153
7253
2042
89
690
8497
9043
9633
6800
5218
595
688
8426
1891
108
8143
2721
1792
8158
3082
9992
9972
3251
3777
6861
5200
5994
7886
4275
4919
5779
7526
493
1830
4404
5112
4777
7089
1062
4163
8407
5225
7359
3557
8645
5241
6252
8829
6345
7088
4171
4146
3305
7657
9395
2492
5642
3621
4912
8224
2851
8491
4191
5466
1229
1685
1298
3587
1177
108
5984
3537
6014
2526
380
206
2414
1515
48
7872
1332
2864
2647
5319
9069
4314
884
3990
6064
3420
210
585
3434
5756
6648
2741
8810
2423
8696
8813
3110
7525
421
3280
1657
2519
2511
9327
3881
4637
8413
4412
681
7924
453
4287
8088
4780
9098
2706
7091
8216
179
2460
7950
4639
4260
6971
9386
8207
3612
4138
9380
689
5994
7026
4666
199
8828
8909
9627
4018
3269
7877
5913
6945
2922
3387
205
227
1914
1940
8296
2381
8280
494
8258
7832
6214
1872
6081
2241
4799
575
9910
788
6737
9917
8119
2851
902
1291
6549
3295
9054
7680
8123
4170
4026
6290
8306
5091
8551
576
8114
9392
2756
4018
329
5018
7890
5368
2369
5618
9688
1632
3474
7938
6784
6931
5236
7502
5394
5359
430
552
1546
1551
3664
1923
40
7381
6233
7424
4661
9434
9446
196
6077
2301
696
5739
7565
7255
8321
5541
3001
1776
8746
14
4730
5290
516
3084
7027
1466
7673
7521
1487
6103
2686
9408
3113
7467
3912
2605
8664
1526
1719
9213
6020
2610
8067
2957
5161
1762
4098
9086
663
5763
1460
349
1923
5444
7307
9249
6958
9986
7594
1086
3984
6972
7720
9718
3729
5830
2737
2239
3860
9240
3002
8592
8480
1046
8159
6325
9596
603
7274
6337
9046
7950
7330
4227
1088
6135
2686
706
9047
7051
1668
1058
4593
4706
4163
1720
6723
1306
1689
1002
7197
965
466
8207
147
3245
5454
5206
8168
5527
4701
1891
6793
2469
3913
4244
8867
870
7008
2802
1650
5800
1437
4850
4839
9422
2706
2987
1604
7964
8436
2322
6520
1807
5363
4864
9138
2442
69
3286
5363
6762
7246
8311
3749
3387
4717
1763
4242
100
5366
5333
834
6590
6071
5586
6164
1202
2714
5713
4664
5199
8326
8362
7
4699
2
887
8336
3761
7767
7399
2064
9
4625
3489
7053
6677
7522
9942
7087
4007
1827
5839
2764
7296
4136
2646
6030
4675
3902
6384
9986
2440
4723
3303
9504
189
1122
5558
5730
2215
746
3486
3108
1222
9323
9142
7990
278
9548
8255
2608
7458
2875
9237
1283
7987
9474
5649
8920
278
9906
8427
1175
1915
5471
1053
4150
8377
7032
4067
7468
7872
497
9471
5249
2646
3439
4841
4116
563
2367
8723
4280
2616
4579
586
5356
282
4938
3576
7606
8749
8267
4151
347
2379
8814
5312
2621
6836
1143
1185
5202
8255
1439
6077
8189
9342
7329
1422
8619
4191
4478
1749
8891
7503
3422
9730
3723
7434
5780
7327
8380
557
1484
4134
4065
5501
4627
4884
953
3376
8323
5157
7911
9928
5002
2942
3994
608
1174
3705
8478
4479
4575
1771
8206
9498
49
1650
1987
9910
8052
3770
4782
6667
9898
3199
4782
7668
3220
524
7215
3042
5073
2674
7199
3536
6916
644
1470
2850
1985
7871
802
1399
7061
8055
6499
6557
9375
2461
6105
7363
1262
6876
1649
2473
8344
179
166
3636
9443
685
3650
1711
4148
4060
7888
7083
9683
1812
3516
6390
5303
3683
9850
9737
5427
8958
6480
7020
4428
183
9249
7732
2390
1291
3063
3085
6522
5223
8748
2770
1670
1499
6485
265
8545
5079
2076
92
2841
3554
7544
9138
4219
6777
5755
8060
6126
4036
5672
6187
333
5620
7647
9086
2399
8393
6166
2585
309
7248
2645
9954
6079
6474
510
1861
4523
583
5928
2232
987
8017
8071
7976
8498
4038
5817
9602
4890
5021
1999
7022
2837
841
9926
6965
8575
8443
6977
1123
5964
1617
4709
855
6755
4205
4960
8696
1158
449
1559
2002
5133
6166
8587
9582
2910
2684
8439
4783
5308
6540
4425
6681
1577
473
8138
4332
5704
8868
3020
5038
692
7983
8287
7270
7318
7561
8768
1044
1767
4520
5294
4351
5459
4149
8442
855
9190
5969
4106
9304
6198
4758
7386
6224
4236
8712
8641
7847
6864
7690
1611
6573
7040
1997
1288
1538
380
4530
7936
9455
9969
7953
337
2946
3761
2066
5351
6070
6379
9065
2646
5745
4893
9407
4743
3447
6258
8331
3709
6059
4681
1327
5762
9462
3652
8127
2979
1728
1113
5948
6869
8267
1273
3934
8259
5968
2698
3441
1973
9057
1156
1558
366
4269
1204
6443
3058
5250
7120
9861
3954
9196
9624
248
3174
4908
7029
8105
502
2372
529
2187
9124
4990
3890
9381
5033
7372
9332
3445
3659
5739
9250
14
8759
6961
8113
8685
8865
8661
7433
8314
6070
6413
9585
7113
10
738
3414
8719
818
6913
2872
9554
1168
3835
6833
5306
471
2619
2754
7012
9178
1703
3195
8213
9557
7488
3143
8842
791
8564
6258
9134
9483
995
3784
6534
8706
1902
3452
6054
6030
3819
7185
7286
5565
4037
9944
4751
9376
7169
7767
3808
6407
4731
8466
1917
5947
879
2937
8758
6488
3139
8430
3446
1045
1121
9857
850
2322
6835
4266
8257
4124
759
9474
7083
4463
2466
1342
5402
1641
5793
7256
7565
1943
3162
3244
6732
14
1329
3805
3749
7256
8022
210
1717
1466
9660
1488
4818
8462
4229
6068
8405
8625
7976
1741
4181
8858
1957
3956
4222
9462
1007
6010
7937
941
1112
1980
613
4578
4587
3829
3979
1932
6162
2240
7535
6940
215
9353
8202
7034
8504
6191
2116
8960
1491
2439
1783
5459
4625
4896
3247
4442
2320
4175
2926
1020
6825
2583
9340
4906
2144
7174
6587
2118
5577
2591
3576
4415
7863
719
7150
154
5551
1422
9988
6207
908
9333
9863
141
1164
8630
930
7226
8248
5820
5609
7338
5041
9296
5830
7531
6229
9957
7434
2220
8224
880
7557
5704
9663
6952
6305
9667
1776
9398
1945
7791
822
1065
7191
9131
2281
969
7466
665
6442
2533
1558
1595
8035
6363
518
3529
9437
5732
2652
7041
1355
5066
5785
7803
2564
5078
3352
3160
8942
4778
3701
7447
4006
8312
572
5843
7884
4301
1083
8349
4698
3070
4201
6801
1621
9277
2880
7959
9629
4184
8997
3369
3631
7550
9657
5020
7561
3614
1464
4765
8541
3535
7854
1417
4543
3766
3657
1656
7593
8087
6426
8296
1966
8043
3461
2466
3338
7753
2264
1882
1352
2261
7657
72
4542
5842
6791
6238
4771
5285
7010
934
4801
2023
2615
9098
6390
1575
4724
8959
9812
602
8618
4846
1991
7007
7871
4464
3846
2516
7971
4310
7939
8510
8619
6642
4126
5113
4297
7638
7590
1165
3293
999
2622
6873
9636
4397
2014
5742
2271
714
9552
5130
1055
4900
1563
4240
91
2625
9694
1233
4996
2142
1074
7977
8496
9308
9633
2728
322
9736
3989
8075
9531
1637
1448
7894
2186
583
4443
8801
1343
6751
7395
2684
4413
9390
2334
8672
6589
4072
7268
2724
6319
7207
88
6777
2556
9369
604
5490
6791
695
676
227
2354
5426
3124
8165
9836
9628
4931
5795
3208
9536
7200
4836
4921
7472
3459
2645
9913
4969
6493
7618
2745
7765
8729
9809
4802
4508
9140
2508
7723
4904
6152
8585
1476
6836
276
4295
7838
7615
6856
2311
221
8307
9675
4709
5478
9597
1599
1041
7954
4504
3821
4574
7397
763
6250
983
6728
1259
7627
2665
6034
4174
5685
1777
3413
7710
8685
7650
4085
181
526
5810
9587
3627
9033
7267
7112
4938
790
4777
3789
5514
4840
3773
3175
2078
5023
1165
8704
697
5319
8525
6736
5150
8014
4718
3035
3956
3699
8457
9811
1314
6106
8425
3118
5836
5628
9650
5043
9706
491
8322
6286
9922
1026
8802
3107
7633
2475
8520
8287
7867
603
8493
1450
8396
200
550
2200
1610
2650
5329
2351
9354
9327
4814
3186
1099
3449
5143
4140
7938
930
8734
8585
2707
8560
4865
8254
617
8611
220
6441
787
1050
1884
5667
3692
9734
7707
7185
8692
247
1325
810
1888
9794
1494
8451
3226
884
9206
870
7638
8384
6162
6273
2579
9524
5391
267
4986
7978
317
2689
2375
1178
7535
7199
657
5741
6531
8602
1031
1852
5554
153
8792
8422
4869
2820
2159
3633
8193
2757
3162
2216
5729
860
1989
5299
4959
4206
8840
8853
8863
1709
2762
8798
8152
9394
9231
5552
4656
8343
1045
3390
7539
6321
4984
3008
3439
7963
1869
2660
15
9870
8369
95
9121
5644
8446
2209
8742
604
4902
4295
7190
9791
6415
841
9150
9057
8188
371
3831
3483
3332
7250
772
5286
2258
1044
9656
9994
1272
2529
1249
8276
3184
6857
7557
4997
4224
1251
9335
3191
9929
3125
9974
2748
4124
4257
9443
4543
7146
4556
4572
6395
2263
7642
9162
9498
4490
661
2307
6885
2804
189
5261
2827
4698
9657
816
7933
3728
7243
2679
2358
3108
2642
5219
2743
3557
841
5099
1392
2974
9389
2243
1819
850
8187
5240
5443
8277
7064
4902
7346
7525
7786
9478
9207
740
5827
1304
4134
5731
9487
5961
5898
3388
5987
4672
8454
7260
4437
6586
4489
3339
7770
9088
5423
6346
3674
4915
9652
2471
2496
7284
3251
4368
6877
7313
8957
6098
1613
4159
4278
9484
2657
9201
217
1205
5707
1219
2267
3831
9369
8053
5869
5590
2456
5111
2283
8737
6617
8702
3937
8436
8049
5136
6125
4967
9371
8305
2816
391
8200
523
3759
3951
5559
9635
5990
83
1023
9534
2699
2056
3944
2096
3648
3603
9802
3020
1314
8813
6238
6541
9903
8383
7249
1775
5412
4400
5270
2091
2452
6712
5802
6974
9765
4560
9299
6261
629
2633
6834
9942
7370
5397
1544
9134
2950
5493
6117
1891
3145
3712
6827
2869
3745
8205
9585
3238
7276
9390
9988
7762
1582
9209
9623
9885
4462
4836
5899
4344
3578
1835
8185
2016
4971
385
6780
7811
1604
9297
6813
3263
1364
7328
2054
5273
3851
4482
423
1191
9528
5125
9271
5291
7105
6029
9410
412
4348
8381
6449
4690
2618
2255
2824
3134
6852
9952
7480
948
5133
7627
1813
2310
7207
9264
8786
7870
5985
7057
4503
9959
3566
3193
3701
5992
1521
2025
7120
879
4660
3857
3355
166
8792
3703
1106
3141
4759
4199
9856
628
4629
8535
4577
3066
6549
4053
1314
2855
3160
383
277
554
672
9887
2688
9520
1842
8705
52
1802
3722
5714
4700
5097
3977
4968
5756
9497
89
9864
4088
2487
4865
2648
1158
7104
1411
1633
2396
1368
259
9360
7027
5172
1555
8457
750
6372
6825
3944
9395
176
5986
3462
7415
3806
719
7157
5321
2046
2125
2649
7556
6434
6228
978
7336
6268
6469
8089
8339
646
7942
423
9176
5865
3082
6205
5985
7754
9065
707
6001
8535
3007
3985
9746
4730
3904
755
317
6519
6713
5404
8617
4808
2306
6299
2138
6835
895
8594
6314
7780
2246
9833
7830
1100
3659
2814
9887
1894
8118
7414
9809
5266
9718
5909
9808
6384
8207
5126
1997
8602
7567
247
2489
5902
8591
5316
4033
7991
4389
6959
7607
9767
2517
857
8705
2723
5800
6224
8538
8651
2005
6372
1911
4628
4859
2567
4389
9844
9265
3361
6637
3081
6388
61
7689
8695
3184
1460
2560
4316
1242
2804
2141
6514
3162
860
9054
6336
2886
695
9608
5053
3513
210
4856
994
4002
4300
8308
9435
633
4297
6096
4378
2652
9459
8221
5655
2264
6829
9932
5288
4947
7221
8944
8377
2086
6342
2849
3033
8392
6055
5324
3713
2998
7316
3703
6305
1326
3815
499
8984
7163
7986
6603
7695
4091
2299
9961
2163
3915
7460
4424
2558
6244
7814
596
8417
8239
7067
8493
1712
4020
1845
4890
3114
2336
685
6265
8915
7509
5483
4165
4527
6875
7391
5569
6142
7924
8795
6449
2239
6717
1277
89
482
8193
476
3612
941
5848
6254
7622
986
4764
8051
7349
2540
3612
4018
3282
4973
7433
8638
9198
5285
5725
9077
5815
9289
6172
3637
6986
2653
339
9483
1906
9959
93
2298
9294
5842
3413
3508
2785
4379
2885
2631
371
2524
3421
279
6709
3763
8479
5620
4082
7438
6150
7288
5937
8645
8199
9119
3318
6995
3600
5107
1848
931
1950
2163
5789
6387
1850
1104
7026
4295
9763
2916
5703
877
1095
6559
9831
5577
5802
9359
997
2525
4042
7147
2673
3622
9225
3996
394
2709
73
7817
4846
9128
1558
2477
3453
4565
8460
8423
6124
8210
8410
3678
4325
3300
654
591
3723
3683
6560
3013
9467
9590
5979
8419
5774
7248
2293
5328
5707
5382
3728
8464
5673
7835
9433
7627
7778
4603
6398
1629
6260
112
5757
9209
7329
3220
3975
4378
3654
452
6531
1704
7800
5597
2879
4739
3914
9542
4449
2544
939
1290
1307
2733
2205
256
1645
4530
1024
5673
2677
3253
2573
1461
4657
1114
6367
8914
4037
7718
8187
7714
1912
7390
7536
407
3081
833
7705
4286
959
7182
9376
1910
3917
8163
8525
539
5205
3556
6955
9252
5315
3380
9500
7269
7418
1875
1843
4449
9388
1541
3759
1263
931
1242
4871
3800
9149
479
6464
8987
9156
1216
1148
333
6043
152
1837
5408
3124
599
8743
1071
7134
9918
5652
4531
6476
9674
3249
7909
1521
7499
9125
8657
3335
4560
7793
579
3168
1649
2067
8112
3027
4697
8837
2228
5800
6989
978
803
7439
9517
4569
9614
8825
1287
5882
2133
2826
8034
6429
4259
4151
5613
8114
6570
4170
4500
1010
1372
3044
4156
6565
9651
2962
3741
9837
1533
3416
9161
4960
72
6489
316
3683
5430
9481
898
9777
2157
1594
9423
4747
1966
130
5327
361
3327
5550
9275
1311
1639
5424
7300
5130
3046
6115
1616
5562
7055
3663
4030
4314
8931
3816
3111
3690
3466
3697
1475
1806
2672
2782
8277
7183
3323
6615
1109
9407
8292
8952
7224
5994
8009
9733
9901
1688
6814
2059
3686
8350
1084
5698
6801
5860
9271
366
6882
2066
2575
9781
6448
724
3811
7147
7033
8573
3932
9624
9570
9847
3598
1036
1710
7272
9302
2361
2218
5536
4831
1758
4515
6031
680
7668
1205
5812
1626
1968
4146
4303
3448
3593
1307
7800
6136
4676
1581
2185
6840
3211
187
9830
9214
925
5427
4333
4881
9263
1200
536
3246
2639
8956
7840
983
7913
4704
891
9998
7410
7577
758
1962
8082
2856
8894
3252
2655
4327
791
9473
3556
4963
9088
4827
4544
3098
2190
4862
4235
3842
4340
1468
6180
7156
6228
6718
8101
9891
1312
7240
7192
8909
4841
8120
8451
317
9945
4939
3630
7482
7371
8875
5781
6975
8664
7752
6889
1016
9133
2370
2785
9542
8551
6496
4287
5311
33
193
4845
5701
8244
2797
1125
8961
1549
7830
4784
9724
6189
8048
2966
4090
1610
1514
2996
3395
7938
5081
5820
3087
1919
1168
8966
2189
5974
6845
8197
3169
4346
4786
2308
6696
3150
3695
2014
7113
9223
3801
7597
7481
8559
9817
9947
5515
8726
7731
1700
7394
2531
801
5677
68
7673
9804
9693
5854
8916
4279
5225
8094
6339
2232
7886
4049
7823
611
887
3801
825
212
31
4506
1923
4473
8464
6785
5860
1834
4826
4529
3967
5382
6879
9900
2701
6795
139
3035
9174
7041
8977
7770
7919
8084
7936
5427
6430
9069
1140
8805
4681
6508
8249
7633
508
6595
3019
2864
6329
4818
329
4356
7513
1274
7239
6634
2497
3136
6610
6377
5296
8993
5647
8522
7732
3692
9277
7507
9197
5713
5049
2562
2969
8612
2255
9858
8814
3437
7134
5485
6023
4623
4581
3823
9078
1698
5609
7762
4999
5728
8744
3899
709
8489
6360
4976
2005
948
8985
7397
6080
3234
6489
5026
3327
9264
4918
546
7007
7513
606
8331
2019
901
2258
357
7577
9123
2649
6488
5173
2846
3649
8630
6425
5871
9376
9938
150
830
1720
332
8700
9558
2377
3099
8205
4837
337
9061
8960
1804
5646
766
9938
4489
1972
6858
2582
7839
2170
3345
9069
6879
7599
8110
1777
3397
90
5603
27
9201
4527
8045
8469
2976
1261
9248
6393
2214
3380
9183
6808
3466
6324
42
3382
5983
9344
852
8515
7995
5010
1807
3797
8982
3336
54
8912
8384
3612
1335
8088
5438
8097
2588
8398
595
6985
4917
3237
5800
1139
1539
6120
4616
6898
3811
4837
2666
3801
949
4113
7499
4419
9608
623
3831
3023
4372
1676
8788
664
4547
945
1291
6578
6236
2171
4500
8560
8910
3031
2702
6499
2358
3127
7160
8989
9357
7825
8190
9428
9489
2791
7139
6690
7694
1281
1703
5992
4857
6
2805
9587
7321
4522
5964
1959
8610
3121
4056
3351
4207
5506
3580
2679
108
7158
5518
3865
2189
1344
7776
3059
2238
4871
5334
594
6775
5518
8889
2024
4540
612
7399
8144
1551
1927
8708
9699
6354
8708
4977
8226
9629
6377
1671
5427
9400
8652
3520
7338
6758
8388
8179
9132
7086
2469
8938
2057
1383
89
4497
482
7183
1274
3549
4133
6168
4444
6023
8122
4495
3959
1716
4965
5467
7410
994
2540
4671
6155
8113
2483
8427
6627
3867
3667
3589
1542
7185
9401
704
9000
7348
8506
7718
4251
1245
5668
3832
2877
7994
4336
6718
5951
8629
9988
7612
7824
6514
901
1940
2407
7380
4841
8514
2352
5389
2170
9497
6829
4529
4775
9639
6942
4790
1413
8023
492
2266
4050
9715
5790
3824
9578
3795
1711
3384
5634
8358
631
8890
1922
2236
1317
2671
6512
5855
2926
9356
1399
9052
2895
9324
8983
9329
5871
7961
4981
2564
9296
7991
899
4205
5396
8397
4603
9857
2571
7393
1172
5693
4907
238
8967
1211
2121
6660
9900
3460
5219
3325
3965
7474
1712
8568
476
3441
4783
1683
768
2913
2556
4185
2203
7834
209
7910
9911
2365
3961
9427
3598
9267
3935
4483
6825
6901
3622
7545
4944
3462
6178
3235
4096
2625
9171
3207
5179
154
9794
7144
7898
5908
7971
9045
1357
8239
5482
3950
9794
1803
5979
6132
9924
1213
6457
6956
3163
9901
1024
7280
6945
9722
1151
5747
5429
1899
7068
5726
5881
5442
251
155
581
1487
490
797
8174
7455
4867
3818
1089
1294
1301
7735
6553
4576
9324
2238
5681
9928
1900
7710
7748
8979
9069
9487
4415
9956
8736
3841
4215
285
2448
2208
8471
7830
6372
1398
5938
5965
6209
5645
7639
1483
3052
9583
7443
6591
2316
1116
7600
6681
9342
4519
3994
9541
6066
5662
9410
9921
9075
4580
3292
7293
2884
8860
35
9823
9126
3428
8077
3311
8694
8940
3113
8982
2579
7121
4756
6750
5309
8619
7898
7909
601
7055
8746
9332
5137
6881
6323
3526
4712
2714
890
9384
8315
98
654
8460
1715
1195
2882
2745
6712
8042
3993
5490
6383
3986
7489
8081
307
1166
5430
8128
2914
698
1926
4308
718
6047
8997
2967
4916
3225
8839
5280
8057
8855
9018
7233
6048
2335
6087
7037
3305
4651
9165
484
5651
4356
8813
5788
4882
1145
4133
6429
4812
1452
3188
5418
3645
745
2508
2519
9802
5284
2149
5179
8482
6094
8381
7571
9681
1859
5006
9152
3982
9620
616
111
4948
2204
3278
51
5070
6017
4701
9537
8268
8360
4678
7560
4802
2421
5788
1051
367
398
7849
5004
1659
8635
3403
3142
9801
4813
9724
5143
124
8408
2495
4120
806
2910
8262
779
3323
3081
6657
1936
8085
6516
5152
1684
8209
6342
3514
8886
4742
189
6278
7303
9830
723
6310
9566
8076
5023
4900
4485
6389
4859
3989
4403
4876
3534
4218
983
8622
5125
7701
5966
4956
4242
5880
5361
8206
7281
6377
6254
6404
5619
4913
608
7560
2921
5012
9342
4543
6111
5916
9934
5839
8642
6094
5348
4283
7343
2942
2235
697
7146
637
5342
2932
744
6944
3667
6205
7881
1565
5396
7660
5861
63
5564
8901
9346
9704
8539
3302
5887
8342
358
940
3713
1262
4862
6534
647
2741
4971
8305
2187
8638
9460
1506
6168
3581
1246
4114
3555
3386
3327
2259
375
7441
7630
3169
4929
4135
8696
5492
9364
807
7553
5938
5034
2346
9782
8929
6585
7988
2763
9722
1901
6203
3014
7641
4967
5619
3862
2865
5602
6933
1761
1645
9805
7918
4665
6560
1834
8883
5083
8542
5971
1315
3332
9572
3620
2661
319
5233
3928
4751
7791
2824
691
2104
9094
8638
1545
1414
6544
1262
9914
4593
6879
6556
9147
7545
3107
3319
9682
6722
1926
5399
94
5885
4241
7397
640
2643
7006
9546
6490
7034
1228
8208
2818
6138
8552
485
2850
2313
2974
749
9312
4530
2620
3223
5141
3701
655
6392
6685
9048
8589
164
3002
6186
3854
9051
4452
1144
3031
4735
1185
1929
2932
7428
6733
692
8258
689
1494
5137
2550
4275
6999
7677
3805
4896
4175
7415
8498
3992
9997
7911
1781
4520
3499
4079
4446
1337
1283
3449
2718
9013
7650
4431
7005
2393
488
9770
5606
8358
8521
2482
6667
5538
4
8453
9142
2571
4413
7075
3822
3884
8872
3845
7762
6920
9140
9613
9893
6387
594
5689
806
6127
8273
8466
4890
5412
4504
8113
6520
4297
3055
8336
1857
1391
906
4814
411
2814
3842
5740
8904
3446
6082
2805
4359
6215
2539
2299
2551
9292
6804
5036
8004
5458
6130
2980
7855
4855
7984
8843
1470
5518
4299
5167
7693
2862
621
4860
2479
4762
6196
2552
5205
300
9438
5259
9210
6282
3635
2300
4056
2442
8526
5479
3563
8562
2521
8841
5265
5128
8229
2158
4154
8008
9603
1730
4113
2980
290
9124
4903
2485
1029
2201
392
5056
6992
876
5100
1444
7055
5715
5517
8640
1331
3837
8720
9265
2282
9863
466
5081
8186
526
4432
9452
4745
9646
5411
8627
8684
4825
6246
35
9786
8628
2133
3688
573
8875
3428
9114
36
7909
9865
2690
5319
8658
9047
1846
1529
4624
6936
3312
419
9645
3110
9133
5827
3399
4581
6497
8032
8511
1745
215
9672
2061
1168
2966
5704
5868
2868
8896
6375
230
4544
1636
8111
6650
1187
8419
5881
4313
8389
1087
7557
2273
9197
9679
675
1937
9741
6720
641
3499
9100
4038
5393
8647
4798
7280
8917
7476
6161
1481
9866
2761
9878
7242
7103
8346
393
6172
176
2182
1039
268
3747
7677
7020
7880
6318
2623
3614
2357
5699
1104
2330
4019
9530
7895
6129
7704
2393
5670
4942
9545
3906
1412
2367
3480
4441
9413
5149
5574
8656
6315
9817
6281
4354
3142
5109
8153
6920
9622
4269
2101
4427
1138
5392
7219
3479
817
2671
3268
6935
838
1616
6549
6115
2921
9199
722
323
8623
4482
8421
4895
4955
3912
7724
2069
2990
2109
6041
8725
1931
2444
1538
7852
3621
5746
1177
9035
9657
5274
9063
388
6744
8459
3073
6161
3261
2154
476
2785
1341
8589
6044
1247
8796
46
6552
2336
8587
2584
7994
873
5711
9313
9394
2123
2334
4979
1482
1244
8195
1960
3844
5331
4801
2002
9168
3328
6659
1781
2234
7445
6962
4978
6416
3445
2992
2240
5840
472
9633
7257
3888
4168
6409
3534
4216
1035
1472
9384
3049
125
2818
2908
3537
8569
2180
874
1542
6340
5313
3795
4512
230
6466
8868
8580
261
3563
6611
9898
6336
3602
325
5840
1126
1515
4153
5095
8800
9679
293
9515
2849
3227
3035
5985
9897
5589
807
8649
9280
2425
8456
1650
2741
5681
4392
9756
3715
3395
4538
185
3533
4724
5791
3389
8566
3930
3733
2837
9087
6112
6125
3508
5614
5666
6807
9031
4551
7944
4044
8586
9770
4176
5688
7508
6968
9604
2066
4238
707
7210
8041
753
498
5690
9932
8636
5134
7866
982
9749
652
3062
4325
6919
3254
2267
3222
3369
4808
7058
4974
5167
2292
6778
3303
3162
8995
3374
8821
3195
7081
8037
8116
9622
1779
2425
3728
5041
8528
8991
913
7994
4777
613
9473
3816
4910
4682
5722
7770
9855
9110
161
9372
9316
5162
3673
2313
2041
5123
4182
4394
3929
1576
3519
7787
4725
3475
479
6047
8737
6173
5304
218
2012
7857
8580
652
2027
2882
7001
7454
1297
488
952
5316
9324
6886
2563
8931
4990
71
73
7404
918
5831
6031
1462
5419
2462
684
1146
3558
8407
2593
6968
7881
8847
1619
4647
4159
1896
6726
5529
8560
1581
3192
2556
8993
9296
56
5325
935
4735
3121
6024
5510
5942
1703
1002
7450
5149
9404
9063
9297
7810
1711
9096
8019
8754
6529
5692
5359
2896
7926
4047
6419
9064
5989
8440
6871
285
940
1627
2279
6846
3171
7008
5547
9560
8586
5771
3445
8629
5346
5418
3767
6978
8053
5069
4990
3822
7700
3727
6479
2094
5355
5428
8764
2845
1106
9371
7554
8529
6243
8274
2210
2681
9010
1544
1387
4850
8558
6765
5793
3369
2563
6006
4332
6058
6106
5149
1695
7063
3390
710
2642
2229
3339
7964
9903
8672
7764
7657
9126
9199
7873
852
8141
2802
8420
341
2216
5384
4806
452
1073
5485
6451
5248
7556
7712
7839
5067
8473
450
5683
6034
286
2810
3016
9931
7648
1878
8191
1863
6631
9165
5354
9015
1516
751
9899
8618
3927
2125
2471
372
1913
1061
1541
4843
5538
966
9657
9147
192
6370
456
4793
8422
7409
7176
4133
7444
4082
8454
2616
5161
2125
4723
2093
9585
1907
3435
6604
2812
7847
355
7377
7022
6918
895
428
1148
9313
2285
353
9049
9356
6097
1375
4061
8894
2606
110
1119
6313
4638
5697
7087
4307
1278
7020
5443
4355
121
7231
4459
4040
3088
207
7699
3555
2690
70
1013
405
2846
4241
6408
3426
1298
4007
9033
2533
158
8666
3028
2509
1594
4102
799
2677
1921
8486
8131
5458
8921
1094
6840
4853
6240
243
3596
8192
1125
1838
800
7285
3663
7135
6575
7818
910
1942
1084
4329
6796
8525
7991
1332
6096
9274
5339
7350
8511
465
7367
4900
3359
9557
9287
1634
6361
6591
7534
6209
8154
8615
6626
4871
4886
4559
4341
9271
3322
6288
9083
63
1709
3547
6749
7153
2562
4962
9384
9353
2572
783
5634
1677
5230
529
4843
5442
1262
8872
3212
