3831
3008
8419
5741
5774
4470
9527
8392
5881
3367
9017
8904
7927
9091
78
4911
5901
4653
5700
1012
1411
2983
306
4895
3993
6588
3021
6401
1640
4202
951
6430
2515
7611
4577
2552
987
862
3889
9817
2129
8791
7535
7197
6599
3183
1194
7705
8960
8329
8328
9036
1958
8579
7226
4896
9114
453
8797
8301
805
7753
4509
1931
1677
7318
5364
5601
6532
5435
8912
9871
6459
1157
1699
6804
5107
893
356
1037
9908
337
8483
3627
2502
7341
4441
9455
3933
1046
9405
261
1874
6051
7812
747
8827
5768
4960
4092
4253
704
553
29
3000
8614
1209
690
5377
9520
2240
510
2717
1577
136
4102
9016
1562
9251
7905
6086
9028
4961
3391
2145
7148
4878
4770
7793
6851
5080
3053
9641
145
7598
2535
9150
6062
819
8092
9459
7837
2002
2401
1167
2181
5372
1585
3472
876
8493
9961
6409
1218
9052
6413
183
712
4657
8949
4129
7468
3425
1767
5838
4274
4036
66
4624
3872
6008
9684
9086
3910
3790
4121
9663
7848
9682
6176
514
7193
4729
9356
4091
4182
2563
8212
1176
7868
3727
7191
3281
4598
1278
8848
6542
5224
879
4385
3570
5505
6762
5983
6757
4240
5928
6490
2560
1415
31
3815
7473
7140
6460
460
8367
1393
9241
5720
9335
9482
494
6524
8164
9591
8307
8986
4126
6229
4804
6200
1305
6917
9565
5393
3022
2256
1205
713
2631
3365
5495
8186
9683
2097
4298
4880
2233
4746
4963
3053
5386
5800
9601
3225
8687
2304
7334
2826
177
5839
9077
2252
5864
2031
7510
5486
699
7049
7479
4457
1686
535
5261
2317
2650
1284
2920
9961
1758
1395
8740
2215
1219
8985
9723
7074
1509
4104
1832
4741
9485
2568
1175
4289
7011
948
6713
1226
4353
7135
5155
2639
1283
9857
149
3332
6827
6082
3576
7405
6592
4129
7297
2474
2343
5121
2530
410
7274
3537
6112
4669
1860
3462
8223
1882
7231
1512
7337
1017
4948
1622
9565
958
993
4070
3252
5138
3017
6461
4144
1088
2438
1543
8813
9417
9257
196
6649
8965
5250
48
6336
2455
8347
9325
4527
1595
2062
6318
1738
3214
4215
4514
6570
6842
7701
715
9630
5213
2010
5947
7026
5797
9169
9035
4701
7146
9455
2711
3060
7367
5570
9304
4348
6247
2566
3855
1533
9864
8774
7675
5457
8703
9744
8440
9420
3144
1521
1076
1350
3783
3088
3151
1891
6128
103
5950
548
1215
1867
5676
8071
7493
3340
1150
3161
5153
1848
5937
9867
6950
731
5171
8034
9470
8833
3146
8840
9243
8283
1717
6305
1701
2304
1965
8968
886
2331
855
2391
9182
6530
5369
3126
1363
3063
1062
7946
3256
6215
3944
975
9
2799
377
1136
3120
5775
8958
5315
440
1207
8545
9538
7068
1389
7385
4467
8458
7249
5656
8506
9
1288
3937
3268
6068
4100
9635
8820
8834
5381
7655
1915
5347
3400
514
2176
4330
5197
1351
3647
3682
3863
1708
1054
1486
8189
9863
8330
528
4989
6086
1120
2149
1824
6056
8663
1356
3625
986
2651
1281
903
7858
565
8043
8537
8305
3221
6830
6129
4137
3378
1709
9505
6668
8968
5888
6914
3660
5984
4877
4452
1860
813
3062
6976
2146
6658
6544
7097
7423
3954
4059
816
5197
3039
4386
9639
4444
6340
8689
9421
2824
3230
830
728
5155
1717
8822
8977
8186
8776
6517
761
487
2726
4704
2778
9283
5961
1027
9736
7621
2109
3714
358
3052
9759
3454
5268
3541
9776
9879
4822
1177
1545
2392
6577
8661
7624
9715
2702
7815
184
6154
6689
8179
3695
583
4499
9616
5008
2233
3770
7297
4017
204
8827
5331
8328
3395
7590
2688
5966
5028
6128
3358
2501
3552
5262
7352
2454
7309
9149
5750
1635
1458
8670
3211
4715
2303
7534
5531
3387
9063
6676
2567
370
1531
5236
8983
2221
6836
7169
7970
385
220
9631
6573
5496
7961
2565
5966
4322
5895
1281
2587
9644
1185
438
2996
1630
5788
6161
8682
8271
5472
8841
3098
2771
4276
1989
602
3588
885
9815
3711
7646
6866
8630
7529
436
3991
6793
5147
4017
8356
191
827
1497
7514
8540
6306
9390
9009
4798
5760
4030
4953
7630
3359
8121
7499
865
7762
3744
3674
2718
5083
313
1388
554
5622
9839
2879
5775
2597
5254
794
1963
1368
8717
6657
3589
7192
8172
212
5370
6369
1325
7045
8165
3658
2087
5236
2574
7138
5893
7257
9913
617
8613
1964
7311
2776
1308
2516
6762
4926
2230
8539
9705
3128
2732
1451
7172
7963
3902
7511
6233
3057
8432
1096
6052
5630
658
2371
2254
2894
9190
7043
3260
9150
4630
2040
7305
3
3166
2235
3774
4058
6165
9036
4461
1117
1849
4795
8013
9135
1576
8304
8143
9797
1227
9223
1151
9408
6317
987
8422
9851
6921
8542
3836
3837
2801
7250
3515
3324
9659
1223
7039
7855
6438
6242
2234
2109
4202
4262
6500
2087
4862
9921
7199
2623
819
8534
6248
2404
1357
914
4473
3515
2241
7805
6940
7899
3258
5455
7706
5461
4710
765
5282
8927
8013
1887
7061
3355
114
1199
1293
5176
5682
6447
3886
613
6186
5127
7605
8957
4869
6282
7021
4772
8162
8357
9280
5676
9460
2899
7051
1492
1603
7408
1866
1454
8864
9080
8434
6187
2197
9930
7005
5126
6555
2318
5568
2538
5413
6416
4857
4304
8762
4393
8676
9545
7808
5481
845
6228
4211
2659
2415
1212
278
8068
267
5937
3680
9249
2069
2546
8647
9004
8424
7412
1835
6546
4137
3986
4632
9941
2920
8465
159
2481
6851
5134
6079
9693
6934
5894
5501
9088
9069
8977
9730
7950
1514
4908
2179
9533
433
3810
7788
8632
400
6519
86
9263
636
3681
968
7673
5015
8099
1881
7607
8766
9511
2659
9334
8655
5287
7763
1041
4327
9447
733
4865
8249
7395
2749
3522
8507
7969
7704
7603
9819
5059
8881
8761
1519
2155
9671
7632
4041
987
2956
3632
4233
7416
9952
3288
2636
1594
4171
1897
3283
4451
7178
5553
8878
6105
3393
9731
2823
7202
2527
6384
3100
5595
7071
5572
2820
6917
9723
6655
2370
5900
8155
7662
9239
1173
3306
2005
962
9780
2329
2956
6883
6567
8813
2867
7517
4435
4500
3427
7625
281
2869
5923
375
6740
5973
5971
8544
6193
2678
5753
935
5787
1210
8054
5549
4659
9813
8531
9508
985
5584
1885
7963
3017
7066
8603
4024
6884
6889
5256
9845
1610
3982
4657
8849
2897
599
9004
742
7541
110
8514
250
5532
7870
7420
1919
1173
8453
5126
5558
6172
2341
9810
7057
2620
4965
27
7013
2258
6405
7796
6478
2505
6991
1085
7420
7336
6280
1041
5564
2196
3221
3039
9921
2211
875
6243
5921
4334
7055
8129
5580
6978
860
8173
5207
1172
1090
4633
3415
5550
2843
6220
7257
3579
554
8204
1311
1610
3453
7512
3700
642
2129
6788
4672
6147
3012
8801
87
7476
1413
7480
1467
1807
5015
6947
8322
837
9509
3177
3731
7215
2592
9460
3370
8418
3972
4449
5243
4798
6073
4051
9635
5812
7188
9684
2377
6353
6557
6041
3252
8891
5004
5424
1398
886
2589
2489
8534
6196
9026
7422
7356
3943
2088
7488
5941
6612
4241
2848
8518
1654
3600
3751
6925
8316
932
7299
2274
2176
4444
7118
7981
853
4376
3388
1058
348
6400
513
6279
6067
2190
5100
1014
1163
7686
9924
8797
1716
9014
9390
5811
9767
264
3144
4293
4848
7588
1349
1646
8517
514
597
7782
40
542
881
8529
5141
4452
480
8440
1992
907
7816
3621
9070
2702
8868
3703
3974
3637
4190
9990
8341
5186
3210
4928
4962
375
5807
7154
1716
1637
3491
9458
7254
9008
8097
8601
7316
8206
1450
4382
6134
9806
8053
6830
4838
2629
4132
8119
1630
1395
933
6883
3267
5205
5473
2947
6440
35
6677
2753
1713
1481
778
8903
7477
1907
1235
2637
4222
5394
7586
1821
2193
7403
9000
371
1060
6703
8920
5297
4289
405
1814
6655
9238
5842
545
4943
9973
5723
2793
9679
7711
4386
7359
9319
6648
6188
7993
3266
55
5555
5950
5049
6685
4759
3604
251
1327
3999
2499
7033
4865
6541
8997
7261
4497
3216
1629
3179
2429
7139
8530
192
7283
8194
5894
5591
4995
3901
8615
9227
3794
1877
6769
294
9582
2068
7261
4439
9321
3049
4267
5106
5348
3968
7927
6146
2761
1264
475
3034
5797
4430
1985
9737
1808
2592
8019
7435
9930
2076
2401
9500
500
1165
3166
4375
3432
6391
7032
1549
5863
2466
9266
7953
3037
2515
6208
8608
4002
1801
3821
9263
1999
3922
1564
284
1579
4638
3338
2342
9138
5755
4348
6777
9809
3887
5259
2257
1024
7189
2728
5936
9612
6030
4285
8986
3296
6296
7986
7245
8751
8941
7705
2063
5153
674
1559
9136
7368
7920
4367
4606
7693
7792
6444
7382
7916
8574
4650
1544
1529
1360
5346
3204
6525
3120
8113
1777
5489
4725
3907
5229
8693
0
7665
990
7934
4162
4356
3622
714
3499
1141
485
9025
8157
8964
3368
4874
895
3168
5872
6007
5021
9257
9310
5678
9277
9536
2426
3668
172
4807
4306
7944
6311
9642
2335
2682
6198
6250
324
8790
1762
962
1216
849
8248
2904
1058
4431
6261
8482
7132
3278
8561
801
6416
4914
216
4223
2440
8558
8835
849
1234
2380
8486
1240
4359
1081
4802
6090
8301
8112
7834
376
8642
9537
8355
9580
7993
126
1445
9362
1057
2450
7358
639
6129
3550
8678
5570
6912
1585
269
8181
8928
9780
3616
31
8683
2223
1130
1322
6965
5403
599
4189
5857
6629
7300
9605
96
6764
2690
7829
691
6631
5914
3446
5698
5974
2970
1724
8742
1155
2701
2792
3216
3428
5033
7763
3181
8433
1410
2270
3248
1084
9052
4003
4111
4722
5358
6327
9003
6124
2705
4590
6998
3426
1287
427
8905
1357
921
6707
6269
6375
7017
9997
4439
1938
8470
3368
1985
289
3006
2857
8131
5319
1198
2847
1217
7386
3812
3109
5150
8179
6853
5011
4526
6486
9819
9169
4505
1432
5782
5690
8843
3969
2052
4904
6408
768
1851
6466
3341
3061
4418
527
6929
7503
9456
2981
4203
1987
1452
611
9949
2901
1059
3783
6910
5734
6937
7261
8406
6395
1878
4500
4850
8998
7618
8382
7511
9027
1355
5893
5379
3280
1298
6245
4351
2089
5910
2489
1824
5712
5929
613
3853
2982
1487
126
1211
2296
116
8657
708
3209
9501
5991
2151
7816
4246
3187
1881
7966
1115
4388
9880
9430
2755
5454
8847
3257
6646
5999
8502
4501
1935
7953
7153
9033
5244
1819
7369
3856
5058
3812
120
9463
2382
3333
5694
6733
9846
3705
1760
6646
5662
1829
304
75
3671
4654
1735
4034
5233
7835
8111
5062
1665
5480
3838
7459
3550
8691
5676
256
422
5383
7701
5033
5229
179
4698
1015
3893
6807
2770
2815
5881
9082
4030
5156
8259
4346
7371
3449
590
3761
2032
8151
213
6192
3718
8103
5114
5883
312
349
6595
2992
3520
3762
9375
6934
7841
7836
6775
7246
4835
9196
2303
3368
3592
2019
7739
293
797
7186
4926
4340
5981
2109
8654
8252
319
2682
212
5749
1712
7324
3151
3683
8987
7671
8360
2816
7317
2271
6672
8644
6005
9586
149
7635
6576
30
7492
8452
1171
2624
5256
3242
3929
3066
3952
145
7981
7712
7551
3062
4185
8928
2093
5075
2108
107
7163
5926
779
2644
2404
3613
9246
2116
1582
1568
7227
2744
7392
106
9696
1032
8510
4325
8105
9188
2911
3058
9186
797
7504
5330
6823
7933
7089
9508
2871
6964
6908
2875
6614
816
5831
3099
5761
5032
3487
7553
1309
9477
2564
6892
3464
493
8452
4747
4193
7806
5647
2579
6644
1412
2458
2637
6013
2087
4847
8427
2622
8596
5793
2517
8172
1813
7261
1237
1283
4224
5980
858
5369
9033
9077
8861
5696
3285
2559
5774
6261
5772
6756
5865
7350
586
9073
2731
9617
5250
4235
8443
9815
2639
75
8551
5791
6521
1482
4812
4310
4224
8327
5841
213
4584
9237
8785
2571
6690
1634
691
7833
9058
2354
7048
2348
6834
6843
7392
2485
595
376
3993
9733
8346
6833
693
7780
1951
8562
1078
4608
5422
5607
3529
3235
1655
2649
7613
5773
2856
6562
2990
1744
2741
5757
8242
8475
2881
4777
3103
126
3356
5548
983
716
4521
292
130
6495
8219
1625
7351
8245
5675
1822
3478
4151
2793
518
8996
8795
2908
1571
835
9791
8599
8089
6093
9446
8507
9938
9486
2896
1059
458
8668
7889
6400
1819
20
8771
1217
7635
7185
7351
862
7408
6059
4999
1569
2190
3082
8951
4690
1800
4518
6698
4734
4826
141
9745
3363
2199
959
9966
8571
9622
1562
4327
7762
7127
4733
9702
229
9620
1051
1964
5353
3203
2670
7173
5157
231
3028
1399
7598
4677
9243
4565
221
6325
9557
7985
7806
2751
3592
3949
888
4420
7957
2434
1172
5263
3202
762
1244
6496
3574
1991
9537
9736
6369
5447
7176
3268
9830
8735
2675
4784
1029
8244
8952
7932
9945
5768
4384
9772
6939
1650
4270
3897
1057
3702
5337
3045
9255
9396
4264
7979
9880
3965
6330
3813
4089
2671
8991
2904
6354
7313
3574
7802
8634
9306
5811
3268
9198
5901
300
6770
9181
878
9569
8647
355
2328
5878
4925
5232
247
911
6154
9317
6160
263
542
1978
8753
5996
8281
3214
6323
3594
7145
6956
2572
3922
8721
3671
3521
4055
2822
82
7048
7686
7859
8463
9915
3343
2780
9633
3385
1428
5775
7455
4854
5565
758
2312
7619
9525
8345
8430
2632
9124
2497
1873
3374
7754
2184
3289
5641
2117
6283
9950
9475
2623
1457
5351
9444
1928
2997
62
5932
1979
6767
7245
4355
335
9314
4487
1959
9148
4606
4341
4869
1864
2661
1963
4420
2830
1115
5079
1722
7193
406
9125
2050
4786
6085
1698
5861
1668
8093
8315
6101
3240
6143
9376
9113
3490
7941
6635
5154
1671
2411
7495
6797
5562
5866
3551
9745
7649
8495
6709
4536
8168
4315
8875
1738
4706
5379
577
1348
8760
1848
9819
1576
6448
6017
7214
5966
506
3444
2264
5576
5801
2708
7545
5460
4365
1667
3458
282
9513
1753
2920
5717
822
6701
9300
7791
9715
8672
9210
852
6519
8153
1700
2184
3573
7274
2827
6693
8155
3298
9282
4285
5399
4220
4526
1326
3797
6661
1542
851
9722
1339
4659
2423
2102
4064
9459
7972
4570
7502
2577
5946
9062
3381
4121
4091
3069
1087
6634
5170
56
100
8636
5236
7587
1513
8923
2256
7944
4500
1776
5248
1862
6058
4762
4209
8701
8842
9102
9022
6089
7986
2616
1656
217
5167
6733
9219
9739
802
6271
1194
1094
8013
5340
6051
8371
5230
1747
6764
3720
6066
6755
8164
6770
6027
930
8311
1887
316
1671
3314
3510
8977
246
5268
435
2011
2053
8085
1123
617
9199
1728
7240
2658
5460
4124
4057
1999
4826
3001
1482
9494
2629
8853
5043
9808
7007
5022
7711
8252
2564
9745
8259
9037
7420
802
8249
8350
3813
7733
1657
150
8989
3288
6947
3815
4553
8707
3963
32
165
3240
9889
210
1929
9861
4460
1887
9796
6185
6994
9054
9607
4354
6742
844
5664
7348
4191
7740
9666
8614
5105
2159
6301
5399
1595
7103
7600
2798
6092
1685
7623
3279
9810
1898
1410
7385
6721
2427
4997
2716
9740
309
6901
2584
3490
8992
9238
1200
9128
4216
6974
1165
4768
2503
8948
5184
4803
3886
9435
2063
8560
6306
3557
4641
3553
2771
6854
5876
7334
6551
1510
4427
2160
8806
66
8438
3676
4414
8416
1833
6137
6359
4717
255
5736
6897
7590
7623
6208
5689
4799
7100
4123
5451
7778
8850
5713
4641
7463
5212
2111
3081
4860
9819
5299
3028
9314
9889
1398
2075
4581
2628
438
5885
8613
7693
5615
2627
1461
5056
2342
8468
7120
9078
450
2036
4179
4646
2999
1079
2634
8339
6688
9268
7915
9807
6392
6676
7577
7517
2870
810
950
2739
8147
3404
6809
9790
1064
687
7847
2352
6440
3410
8801
5204
7960
1857
6026
786
6615
4473
9268
7966
3726
3099
6390
8971
8997
1130
4699
5757
2542
4558
7017
5468
7810
2491
8797
2964
3751
8427
8880
7802
3595
9352
1064
3785
704
9990
2222
3673
5508
4189
7799
8321
9355
660
8817
4132
4907
2456
7500
5623
9668
4925
2962
4130
8874
8076
8548
8997
5649
7898
5731
5906
2131
9833
4344
4648
6704
6727
4576
6928
2051
9972
7832
3936
2845
7538
6705
572
9569
8437
2383
3549
1451
3241
7076
9018
8333
2211
1812
6451
4680
8480
7428
9532
2083
3657
1076
3766
5787
5816
3350
4841
5880
2692
1675
926
9159
7865
3881
1002
4553
4595
4634
5492
1095
8552
3043
6455
4448
6181
8447
4562
1602
625
8824
4093
4496
5502
1746
8503
6886
9405
5572
6954
2998
1393
3699
6240
5549
4828
6717
5807
8120
2006
6607
7023
7037
3213
1172
6109
4871
662
2698
4120
5345
4816
482
4616
2286
6505
1428
8142
8371
1643
8093
39
7506
2142
1382
6570
4820
577
3666
6993
1089
2483
9091
4212
4367
2652
5834
4048
7365
7769
8377
5399
4187
7059
9607
5777
2048
193
1487
8689
2312
1812
8709
8498
7648
3200
7575
1584
7902
1115
3915
1523
7146
3518
7787
4149
1091
9096
7801
9589
8591
3042
2929
2148
6195
2285
2762
6589
4603
7559
4472
1874
2711
5997
9441
7713
5427
2923
1625
9653
529
2606
9693
6585
5620
5194
3081
4375
2796
3111
5494
6943
6297
5542
8292
9923
1981
3474
1519
8175
7427
1138
6865
2214
374
1115
4228
1207
3376
2097
6450
3310
1920
7134
7003
3319
5190
1580
4818
1950
6878
1804
9236
9714
2406
1657
5110
7768
2142
3158
7195
667
6763
8228
575
7329
9992
5584
1362
3464
6522
1849
7972
2608
1086
4335
4473
6114
6402
9239
2250
4254
4237
1195
6440
2899
8571
5134
7389
2358
6056
2525
1217
8597
2440
8513
9446
2662
1969
6017
8704
5625
4343
437
2404
3740
2578
1669
1452
1309
5933
6831
869
7546
397
3496
3189
1508
1676
2586
492
8322
7265
7371
7286
4594
8846
1790
8153
410
2822
6083
1746
6957
8856
2921
9414
41
4301
564
1640
5933
2506
3594
6998
8071
7874
6663
4176
5627
2748
6288
5127
5488
8316
2596
9165
6981
5776
6431
2606
3665
6793
1256
3514
6376
3524
9722
6911
5529
7492
6608
4079
7732
7246
2425
4803
233
4321
2508
1740
3980
2176
5029
1841
7716
429
7196
9450
3923
8275
4311
9896
7599
512
6694
4622
3391
6525
4396
768
6370
7948
7501
5095
8888
4749
6579
8351
1652
6381
9915
5965
5817
5627
5900
5151
3378
744
2391
2898
4046
3515
5658
6106
9512
622
1119
2450
7332
248
9490
6048
5702
216
4927
420
1836
4938
1769
5149
828
265
9192
4824
2952
8978
1562
9126
2701
9921
3770
856
1036
1259
5645
1914
8495
9991
5465
5881
9533
1641
2304
1522
9081
3995
7962
2729
5253
1178
946
4738
6276
6283
6119
9840
9420
297
82
7192
1354
6381
2103
2961
8352
8664
4676
2394
442
7839
358
7415
1214
7699
8987
154
9777
8091
8515
3018
2966
9985
6368
8755
2737
8199
2668
8282
7514
7188
4841
570
4669
894
1827
2640
9550
8661
2178
3679
8203
2906
8364
7185
5129
1003
1111
1947
9136
7388
8300
4684
323
2530
695
3346
3447
9247
4587
5337
4149
374
786
5520
7850
5930
5362
2585
1691
7143
2332
1117
5078
6892
3181
8810
2932
4980
4231
43
2219
5616
2442
1442
1728
5858
8092
4820
5833
409
4840
9169
4673
756
8738
3806
1540
5476
6168
5921
6922
5618
1413
1576
9937
3770
3727
2695
6290
5443
4464
6476
9574
4796
9073
7953
4690
3189
4338
4125
573
3319
1079
8791
2290
817
5229
9144
4321
8672
8458
2747
7151
7258
721
3604
9310
2887
1397
5755
4664
1036
4213
1188
3205
5877
3798
9692
3148
4879
4254
4433
4885
5567
3564
1038
9517
5986
8630
2402
6787
4738
106
7788
7023
9234
2070
3493
6530
6183
3155
1162
4137
8194
4155
3397
571
4286
3803
3767
6498
7522
836
7556
262
9684
2652
9546
4436
3995
3393
7375
798
895
9645
839
3501
5743
7909
3791
8785
1086
4284
1001
6425
7595
4373
9876
9133
2091
9542
5335
3304
7365
8999
1834
7012
3578
249
3776
2510
3119
5299
4245
4904
4281
5512
4544
6461
7316
8613
3254
2975
2800
6838
2587
5420
4296
808
8293
8927
1424
7817
4015
8947
3610
7388
9542
5122
8437
8136
5316
1420
436
4688
3734
6691
6870
189
4028
2371
9062
9800
877
5023
5105
6804
4869
6615
320
5447
4748
277
2753
2569
4147
8774
6166
3846
4014
8294
1466
1198
2601
5124
2475
699
6248
9557
4377
5794
5871
4388
9657
466
6090
695
8790
8986
378
8524
8085
2775
4621
355
2531
7883
3160
3429
4109
841
6404
7938
4459
4813
8323
4457
5899
921
7933
864
3574
7257
7867
9059
4801
3864
3839
681
6705
1292
5502
770
1819
7948
188
3116
8520
9633
4722
9685
7634
9962
3805
6699
1806
7978
2422
2607
2454
29
5498
8168
81
9656
8134
8756
2241
4717
9489
7321
8216
3214
2534
4026
8888
7833
1676
1733
4374
1121
5540
3449
3562
3661
9838
4645
8662
6122
5191
9723
4768
9372
6067
7907
4430
7729
4180
2348
2205
7302
501
5597
5806
4659
2869
4874
7326
946
8739
3458
7424
9230
8578
981
7033
4181
4825
6867
8679
5999
6778
1440
6559
4729
5788
8243
3202
4010
2136
3485
4939
9863
3197
8327
8375
5201
4688
2517
5874
2956
1587
4279
8426
5515
3696
4989
274
3511
83
922
6501
5695
6802
3970
9893
6649
1721
2749
3967
1974
8790
1725
9869
3539
9278
2124
2104
1099
4490
4047
4935
8379
7266
2359
4520
6750
8355
2710
8634
3094
6512
4862
4277
7644
8611
6629
7815
31
5998
1893
1531
5912
947
192
4712
4926
3644
5792
707
3557
407
636
2738
546
8162
4919
7791
5113
3855
3203
852
3751
5412
1459
2937
4060
1762
9166
504
8048
7039
639
9865
3126
7586
5384
9855
2206
1019
2055
3262
7460
3020
4977
1351
6949
4840
6603
6097
6898
4343
4056
6598
2654
6307
1133
8439
4433
3730
4640
3021
719
4800
2222
5341
5539
6776
4347
7959
5844
4014
1860
1548
6058
9708
3425
2617
25
4760
4935
5044
3436
1487
10
2018
9438
6176
2959
2770
9089
791
5343
3882
9713
7540
9799
252
9986
7015
2909
9092
5574
6219
6477
2945
3180
4748
1025
9357
3314
2486
911
9387
8907
8140
5452
2300
2331
8273
7086
5326
223
710
8863
8050
9561
5457
6030
4792
8057
7926
6128
9
4648
6853
2164
2977
574
6591
3123
1895
8595
2262
3974
6522
5778
5905
8962
8857
5050
3416
1582
1887
8174
6610
9765
9690
4284
5833
2423
279
9883
9143
4154
1675
2253
2207
9118
4352
6548
1706
6349
8090
1105
188
3889
4949
6183
882
2544
685
9246
1691
8931
6537
596
8880
2484
5813
302
7761
2021
3659
5724
6542
3934
5646
1322
7710
8270
930
6786
5728
8755
7755
2895
6060
6052
4688
9981
1300
9259
2108
1372
5676
480
1313
2260
2851
4305
633
1234
9197
9150
3130
3392
5855
6464
8437
1794
5015
2490
2908
5645
1989
5671
573
1698
1161
8419
912
3352
9802
4726
8473
6856
4208
667
4201
594
5456
2254
2440
3452
1009
3444
7751
1579
5503
1525
5013
6570
5116
5636
8688
2455
3710
5807
5702
6045
3961
8097
1415
6908
8569
1493
9048
3285
1195
6
279
4433
4825
8321
9558
3522
8769
2700
9238
2673
9394
6320
2834
5621
1090
8593
3380
4533
6398
2926
7576
4949
1630
4020
827
1373
1796
925
4223
904
2258
8806
4030
519
9941
1294
8824
5573
6001
6361
4924
5126
826
8773
5023
9144
3213
2468
3163
6140
8377
6824
695
8430
5949
9534
2303
4799
1823
2544
848
4820
1958
7886
2914
4839
1205
6919
3826
2331
709
9713
4651
5310
9198
4728
3281
9815
2753
8643
7098
5086
7876
7314
3320
6251
8683
8116
2439
5462
1807
2661
6480
7229
6030
9892
8472
901
9440
3746
9576
536
7009
7766
5321
685
9439
9806
731
6789
5442
448
9395
8000
9186
3727
3791
208
7562
889
3543
4406
5688
7741
5282
537
4189
6794
8674
149
5671
114
4109
3791
5448
8909
7481
6231
3443
3402
5459
5158
9971
4656
9131
535
9032
9315
2112
3682
9167
1043
7364
8387
6460
4366
8363
4953
775
4341
6998
7419
1232
347
982
1573
7488
138
4159
8416
5166
7344
3979
5391
4410
6231
6775
693
2009
7523
5102
6629
3230
5204
3472
1393
2689
2987
367
3348
7743
9048
6262
2187
4062
5746
5175
3773
8795
160
7151
7020
9474
9269
3639
2692
9401
2889
5450
3584
698
1265
8574
6892
5723
9265
2625
1156
8731
5560
6721
2459
4539
8489
7432
3097
8966
7610
2595
2476
223
2325
5549
1791
1974
9020
1180
6344
1046
345
4424
1050
7678
8803
1315
6011
5130
2925
9498
8832
6029
9689
1735
4069
3021
1418
5887
7337
6907
5879
1103
901
1246
1771
3614
3309
2571
7881
9406
6399
1635
2652
5573
5433
1273
605
2451
535
7502
7614
6623
8138
7995
2995
8418
4292
346
7552
6303
2351
1650
2509
4318
9709
6621
6871
1700
1386
2727
832
5553
1982
9941
6054
3829
6447
8608
9281
5071
8644
2941
2438
3236
484
1498
473
6201
7420
2183
6239
8653
639
5694
9649
8709
9528
6320
1373
1125
1323
7390
9750
2104
1529
3009
4283
5197
6658
7926
9573
3374
6869
1673
3386
3437
7683
5581
3711
9550
2482
5766
1259
9163
2301
7075
5254
3464
7193
3275
7184
6676
5938
3315
7054
4024
7475
8441
5487
8751
9253
7280
7756
5122
4831
5336
5966
207
8763
6665
3226
21
9753
9644
7095
6047
7965
4518
4321
5530
1860
4402
1381
6581
5332
6666
172
3844
2753
9138
725
4321
9819
4241
6635
2080
7365
428
9462
621
17
6641
9005
4500
4454
557
9577
8300
6756
8986
6740
7313
7534
5785
3984
2012
2550
6871
7397
8578
3622
5695
3026
6038
3130
7517
2533
3067
4668
6154
7205
3146
6199
2729
5932
8877
6877
3356
819
5750
6404
2644
8069
8718
59
3843
8069
3230
7786
832
5500
6371
3367
9494
2730
6162
2165
5001
7998
5112
2535
3494
2112
1676
6035
4822
9308
7796
7937
3471
3817
3937
2994
567
6791
6456
2286
9846
5240
9597
1333
8790
6853
6750
9623
5338
9617
1001
3904
5608
9210
747
4267
5012
5531
8934
631
9179
655
1599
4551
8889
6881
2001
2850
2567
1919
3905
8299
6628
8844
2719
8588
3135
8436
7893
6219
3710
9562
8991
4655
1071
4510
2456
2667
8728
2298
5677
4312
5020
3627
8639
9746
9965
8653
1883
2169
601
1551
3774
5815
7843
2550
2631
4737
9118
5630
4797
6759
8
5274
9113
9445
7057
4924
5154
4652
3414
8161
8323
3083
1118
1140
91
5302
3473
9330
5937
8921
3456
9885
5922
342
3061
2202
6041
698
2840
7078
7177
5549
8794
6021
9578
952
4242
3115
6765
9473
5506
9763
6974
7138
8933
5308
6469
9001
8935
6932
3033
6024
673
845
4194
219
815
3852
2217
7657
336
6224
7310
5684
6794
1567
3206
3307
4119
4316
8591
1567
4480
7941
3745
3843
2100
4969
8530
9932
4612
8007
5078
1368
8335
849
9490
1659
3845
5071
6459
292
4874
7440
3152
8926
9146
4028
4961
9218
6643
7461
5530
1354
9027
1691
5823
2048
1519
6942
8134
6661
2253
2574
956
2766
6798
4687
5365
73
9579
4329
4740
349
7931
2475
5858
175
8047
5007
7935
81
2491
2889
6226
789
9937
1929
7215
399
9626
6640
3348
1560
5956
4191
9135
2463
2995
6874
8112
5994
5653
6348
7814
6074
6743
3380
3529
7260
1005
1469
7844
7516
9170
3884
5773
3220
7292
6738
6146
5219
138
7953
6225
3401
8862
9916
4980
2909
5617
5175
4775
9985
407
4589
151
7662
2704
8464
7593
8953
5944
5946
4212
8967
668
210
4557
2461
9913
6411
4557
8863
2515
599
4129
5306
6782
9865
9437
7646
5821
1496
237
3907
1381
9711
90
2076
2701
129
8934
8441
3348
9258
6420
950
4606
8304
4390
3585
4524
5512
6213
5641
5544
4038
1719
6370
2362
9372
5136
9669
7034
1171
8599
4003
1491
6104
9411
1066
5871
2093
8547
6657
6068
6496
1847
8253
9403
5097
1598
4582
4458
5549
5948
8324
2813
8848
5544
515
645
1671
1152
5029
412
7979
2681
2102
2132
8986
6838
5147
6956
9559
4292
6596
638
8354
6177
3488
7880
9570
8327
3504
5381
8318
3768
7636
7431
9275
4951
5249
2467
4960
6129
5684
344
1077
9702
7696
8685
4858
8248
8771
487
3108
9471
8439
8261
5714
9446
1652
8296
7933
3525
5522
9617
2686
204
8684
393
4042
8185
9553
5735
104
887
1220
882
4020
8611
964
7411
4540
9867
8757
1557
3783
3846
8365
8124
1349
5194
4219
879
1824
2142
4545
196
1922
3820
6850
7255
5634
210
4486
8054
9894
9510
6187
5996
3932
4660
7494
4744
371
5477
1335
8377
9316
7309
1819
7561
2174
6177
6362
8018
3087
4932
9328
9025
1758
7149
4953
3046
7029
438
5509
6293
1645
3443
5356
7116
1825
5500
7595
2577
6004
3897
428
7768
2239
7066
3988
4654
2259
4128
6405
4661
4140
8251
5908
2908
8182
8417
949
6425
5017
5704
1170
7622
528
5008
2955
7190
360
4528
1895
4050
6708
5883
6440
2437
9261
9215
6749
4992
38
5258
7585
7786
1293
6345
3712
6392
429
1838
9610
6549
6369
4909
6336
6558
1668
8531
4988
3789
9108
8580
4237
4511
9556
4015
2767
3892
2528
3728
6345
739
8988
9683
6512
1495
1061
4431
5161
5291
5465
6263
1084
2829
7890
9976
4500
6993
8365
8991
7538
1573
3609
43
3569
9212
8731
8474
4437
5386
2975
8547
6589
6683
5208
7535
3943
2112
8360
8068
9890
2439
8732
6991
607
9285
3103
5646
8145
355
5567
7464
9107
147
5580
4266
6777
7245
4220
270
958
7658
9323
9769
8332
7660
6704
4530
6843
7960
5947
9530
8000
1297
9915
5133
9815
850
4444
8291
76
2408
2989
3970
8802
3850
7855
5972
1446
3030
9402
5777
7646
4841
3642
9897
4459
8362
6870
1392
46
1043
6673
1414
8743
6509
4969
9042
968
8728
9389
2746
8344
6052
8076
9938
6803
6254
4008
8142
1343
9450
1914
1542
9273
3978
7967
7829
9262
8296
8607
2734
3686
2454
2398
6444
3642
9471
8700
2499
2646
1481
2215
6280
249
1946
9552
7130
682
6468
2827
9084
3701
9615
1632
4865
5027
5649
3006
6786
4280
764
63
2622
2917
1444
3015
4367
8829
7211
3478
3205
4021
9643
4157
4225
1701
1488
2573
8896
3995
6496
4762
9266
7343
4599
2879
9254
1200
1859
7916
8580
9469
7113
1946
5014
4480
114
8478
9652
4517
1813
1340
1530
5881
8754
8259
5449
6590
8552
1766
7063
730
8644
1227
1619
6254
1832
8220
5641
6948
4083
3915
9454
8946
2306
5395
8041
9084
9059
953
1806
2614
3969
9522
536
3062
5105
7213
8675
8008
8056
2225
5491
1083
5751
6929
7268
5881
2980
2012
3887
6020
2230
9922
9445
7595
4700
6959
3291
2380
5803
3612
2722
9843
5315
9243
3538
9985
7084
4944
6755
9352
578
6624
6824
2274
1578
6945
9192
2994
8832
944
4634
3442
1055
9314
8028
7659
8204
6962
8944
1891
671
3193
8532
7121
8542
3468
237
4764
4760
367
7199
9969
8395
1112
4826
1507
2019
6574
9429
8269
1920
7999
1456
4403
8434
6833
4105
1607
4052
2960
8717
647
6258
4630
6728
4435
8056
6153
5803
3852
3176
2063
9833
7176
279
1916
734
3970
9301
5244
3388
9743
3432
8796
2404
5387
6372
8498
9437
4162
377
365
2900
7706
2584
374
7665
5630
6643
5750
1233
9717
9425
8770
2485
3633
7706
5314
5447
5812
3477
5903
4068
6267
5036
538
2794
7631
5880
4361
2095
609
5983
7212
6155
4450
2198
8142
4164
453
804
9511
8548
9052
1542
5390
1097
9326
7944
6428
1016
4731
310
3740
5135
3606
528
2414
9158
3649
4595
3338
6865
3191
6506
5154
917
4114
6368
4305
4548
2045
3984
31
3607
4019
8475
1158
2439
5270
9621
5039
3383
8380
3869
4294
9442
7828
9687
348
7261
7846
2600
2762
8376
3097
3709
131
1334
8974
1353
3811
2838
8041
9401
9076
5534
1327
1877
623
3843
6267
453
6575
5480
7675
109
8881
8176
9576
5479
1447
5745
2083
5708
9068
5783
1354
4590
6435
8226
8889
3749
3992
6974
5230
2420
936
4701
8933
6263
3020
6611
9170
283
5647
6045
5085
7738
8465
4494
6454
3586
2805
2904
3562
7889
4965
6516
6127
7264
5989
8094
8441
3336
4901
5135
3359
5477
1055
8264
8551
6406
2817
1833
1022
8989
6533
7867
9716
201
5099
1568
7236
6110
9048
3797
8497
94
3271
9824
2699
2886
78
7868
5425
8647
8940
910
8849
5120
1743
6020
3355
6741
7714
8009
9043
8749
1603
6327
6437
3053
5202
4041
5123
5837
5189
3884
4442
1988
4536
4674
6211
3542
6290
1826
6997
7206
1620
6559
4823
5256
5722
8403
9459
3544
387
3912
3335
3073
1294
68
3685
6107
8650
6734
5545
8324
8224
7729
4891
1849
8492
9452
3306
7106
5205
9651
4473
5784
7006
2550
4822
8995
8533
3867
9893
8996
1465
410
3995
1947
265
2918
3414
9206
648
403
4762
5367
9436
6920
5110
2081
6581
1427
7605
9839
5003
2195
4017
865
8896
3174
2834
2916
5252
8399
8835
9900
3543
371
7446
7392
2266
9697
5150
9938
6703
7324
9481
8170
6398
8470
3073
1119
1161
1546
5848
5009
8519
9206
3153
885
3981
8563
8638
8174
8763
5363
915
7349
7250
9286
7161
7844
2131
2457
543
4164
5795
2300
8107
6497
6618
8781
4334
3671
235
1814
9622
1132
3758
288
1405
7738
7897
9139
1486
3094
461
6539
3608
226
1997
2088
4427
9419
5673
7778
3663
240
9352
8903
7587
1984
6292
2691
9299
7342
623
1659
3300
7188
4964
7830
9465
5585
1512
7272
5447
5425
5344
1724
6453
4119
3372
2701
1741
4937
8336
8145
2736
4296
6659
4659
950
139
6112
6315
8899
6647
6794
2284
3909
29
9853
7626
729
7056
1983
5158
5661
4193
7638
3992
7968
8537
5219
1416
838
5362
6459
4504
456
7330
5127
1586
4088
2981
2305
6601
898
4359
6239
6366
2621
6187
2940
9714
9473
4986
4865
3427
2739
4747
6227
6229
5724
1547
118
2302
7816
9946
1776
9133
5609
6994
7944
1096
1468
1188
4604
9409
1907
4833
514
6677
1825
7633
5031
7841
5045
9652
7347
545
8078
6355
5341
1686
2237
6242
6442
2210
183
6900
1217
3331
2457
6731
5642
1547
4614
6874
2277
6056
5436
1833
8232
6404
9349
7349
5024
907
9993
6145
8071
260
3665
5565
9366
3791
6854
7329
1922
2393
1960
6422
9139
7311
9547
4081
8690
9196
8699
8717
8848
7440
6592
228
4787
9344
844
5321
5307
5748
4210
5477
3491
8898
9153
4829
3060
4580
8861
4140
2979
5367
6095
9778
2026
3971
7218
9977
5763
8178
1902
6639
289
4879
4579
4885
9321
3549
3099
1523
9470
1073
306
8405
8107
685
1537
4310
9528
2505
9285
7416
4079
7216
9535
4269
3849
1220
9140
7206
466
2111
997
1669
8379
1224
1033
736
3006
1198
4565
5669
6171
7204
2174
5812
5697
6585
3174
590
9833
5907
2162
7912
8396
551
8316
5196
4853
6423
6052
812
897
1080
7937
6307
5651
7743
3318
3690
100
3816
1279
4084
56
7923
7610
2759
923
3867
5923
9624
8730
7876
8968
9729
2142
1025
715
5585
866
5615
2726
6720
2134
8369
9032
9933
9149
5880
2845
6231
209
3711
9181
516
2343
8113
475
5313
3676
2007
9037
119
9198
3138
8043
5462
1015
1793
2304
4689
9812
2272
782
9589
2629
4445
7822
3911
7533
5720
3764
2233
3432
1574
8177
409
6700
9858
9619
9415
3800
961
8839
8464
2170
7952
6239
5132
6813
5308
2718
3296
511
9902
943
4304
8928
8001
2422
2677
774
5553
3022
5399
238
2194
8018
7367
8445
4346
55
1452
8564
9548
8246
6904
1522
8642
4616
2469
611
4694
2442
6050
438
2301
463
1284
8781
4113
3749
8043
6717
1929
4447
9730
709
7271
4146
5778
9836
9517
8188
1812
499
3501
6446
8545
4137
5724
1898
7560
9757
4338
4951
1530
6846
8577
8913
3670
8095
4176
9150
7724
9286
9859
7851
1744
8387
7160
9829
6574
7886
8928
3876
9332
1641
8904
7474
9392
773
3011
2793
7910
6032
8310
7114
9214
4827
1375
1849
2665
6282
2835
6102
4382
9221
1619
391
2965
9020
4314
7456
2670
8263
7301
1029
6831
843
960
2470
6265
2936
2441
3257
4934
2079
1507
358
7025
8865
9738
3915
5009
6275
9389
2128
6179
2558
5837
1877
3203
8498
6592
5159
4968
4411
5538
9617
2953
315
8026
3791
6208
439
7412
2382
1433
5486
8768
6448
8470
4036
9766
6043
1187
3053
4563
6545
5025
9060
5045
2474
481
8283
4032
4365
2494
3581
7690
6222
6983
8639
4617
6193
8264
502
5479
2988
7461
1954
1167
9563
370
3399
1799
6685
8466
5900
6089
6796
7274
6636
5408
7994
9968
138
3723
8214
9461
9154
2113
5054
909
555
1570
3647
9447
5768
8742
856
9757
7870
6628
2860
2874
5039
2561
4437
9394
6340
2483
1894
2243
42
1264
5689
390
2004
5320
4552
1058
5278
9996
9399
4333
9441
5993
3229
7536
98
3477
9700
5910
1286
2325
518
1008
6240
2072
1863
2168
9930
1988
5042
8464
1234
8203
4940
2279
9403
4777
596
7911
4965
2525
4348
3118
8343
258
865
9958
5161
9336
8565
2227
6638
5028
6974
4873
7310
1873
4488
1176
2785
2417
6197
3285
8471
4596
2085
4502
1765
4131
2192
2121
6987
2858
9136
2625
8400
2544
7100
3151
7630
5092
7663
6201
6107
7717
5288
6777
2412
8014
4634
3877
7374
749
9091
7510
5183
8959
153
9127
9686
7626
5808
4540
4339
8357
2537
1996
8401
5608
21
6109
4232
2060
2039
7275
2959
622
9047
8900
6655
8069
178
2451
7635
4445
8319
4198
7708
3888
5436
6191
2512
353
1335
3748
690
5060
4202
3027
2685
1565
9133
7253
6697
3251
2863
9501
5057
2033
2463
4254
7227
5737
3940
8134
7014
9941
3597
5339
914
412
851
8817
7001
7709
6698
8981
8268
1466
7302
2776
1112
3012
2747
2651
8087
2783
3724
1556
5058
5442
8597
7227
916
4750
5972
7491
7578
1784
5842
2680
9047
3509
6016
9057
4276
4657
8796
1922
2916
9964
2531
8082
8326
6769
5504
4851
5380
2083
1843
2291
6072
6455
9421
7422
8382
9561
2839
9742
6644
8140
2306
6304
2685
8865
3305
5844
3526
2162
7202
3521
3296
4876
4340
7442
1308
3703
9283
4961
3556
5412
7110
4591
2246
8722
5770
1325
2924
3564
863
3193
4486
578
2592
6553
8106
8083
8848
8381
6577
1668
8656
484
2658
1791
6653
6574
5404
1307
3430
745
4877
9348
2283
1931
3984
6007
1024
8074
9779
9517
4353
5435
8614
8353
4673
5573
175
4319
4795
5985
1099
7562
4313
8561
4895
810
2
3226
1485
5057
1069
3375
7889
777
1940
7019
683
572
9141
5898
6135
8302
626
7221
72
7899
6248
4793
3875
6249
3948
3491
8327
5929
2385
2922
4795
9184
8135
2008
1312
2524
5565
8438
821
1542
5431
3956
7274
1331
1946
7122
860
21
3652
9181
2654
7764
7993
7561
7593
6101
7417
4056
6586
4933
9885
2500
9994
8821
7680
5663
3355
6273
8714
9252
4573
9838
1158
9769
7345
4688
3494
4772
6709
5189
4509
1399
510
1474
9450
5001
3284
7096
4644
7394
407
6898
6113
1427
6191
1421
4833
1056
1281
5860
3431
9835
8333
8151
4039
3119
5604
7848
842
4117
3191
2851
3967
2038
6891
4871
1261
2445
3689
6580
2803
2712
8962
2963
5248
6315
2175
2940
6734
9729
2886
9561
56
6545
7496
3461
3357
4137
2200
1151
7565
3097
4614
6913
5664
734
1162
5048
5590
2729
2076
2223
6809
5435
3743
9436
4334
512
942
5687
811
3046
5358
9667
2690
5848
5156
8586
8379
2507
1104
9369
2608
388
9734
3045
8706
9267
9789
4696
58
2769
9857
1324
457
1090
3795
2131
6720
2566
5088
4336
3404
6610
9086
7638
2665
6981
5891
5676
6135
6426
9408
4601
5530
8714
9291
6625
1547
3227
7482
1692
6332
8888
4843
6703
889
4990
1953
4282
890
593
5592
6877
7173
4697
6169
9048
6640
8044
3946
957
9652
2761
6909
2724
1677
7678
1496
5595
5550
8375
2996
8568
4945
836
207
7468
3356
7189
7693
1510
4751
8148
9467
3937
2506
3008
1812
8507
2780
3457
4780
9747
2133
8909
8618
6973
1037
774
8114
1910
3342
1533
2512
6399
8284
7255
6785
3784
4726
9594
4763
3066
2612
2485
1613
6688
8399
1434
5953
5203
2368
136
7230
1777
4176
313
7435
5898
6095
1220
1325
3990
2273
8048
5921
6694
7234
791
5141
8277
6346
6578
9888
8363
6668
4182
8370
5967
3816
8795
8726
3013
9632
2453
7285
6907
5160
5345
692
2092
1463
2798
1997
1552
9130
2837
3259
7696
1399
4646
1918
6857
1998
4928
4367
4253
2124
7405
6094
9840
6761
2184
1559
3925
1474
4972
8819
8326
7681
6538
1450
3546
2648
8438
1445
2374
780
8015
5938
1523
1086
5129
8658
8871
5333
2009
8636
419
2231
4236
9668
3336
4647
9092
342
5095
808
1136
2300
8836
7103
9303
4480
3878
1062
1361
4731
1326
3373
5042
5419
1937
8411
5652
1251
7747
2275
304
4316
2690
4258
9640
6041
8508
1428
9684
5065
286
6294
5271
5990
3819
9558
2413
4298
8837
5462
2899
17
4154
4752
2515
8441
8494
2867
363
3750
9905
3852
4889
3682
9997
3616
2389
9457
8415
3461
8203
9747
5631
7441
9715
1331
9981
3178
3263
7068
874
4220
9217
2300
5296
9081
8470
8880
7679
5066
5586
926
7798
3988
937
4866
1018
6086
135
7248
6853
8351
2638
6136
6254
8796
6906
24
8896
3439
2194
6315
2554
6603
3900
5903
1396
2796
5629
6037
5816
4131
9949
1537
4996
8671
9427
2593
1755
6439
9634
5434
7538
3460
5407
3117
8158
460
6718
5289
8215
7017
5112
6026
3577
9608
2971
6752
8840
3708
7518
6026
9101
3139
5152
3169
689
1841
8556
2881
7396
8808
2874
6770
5387
9305
9605
3525
5444
388
516
3866
7671
8812
9896
9582
5819
9206
3185
8001
7009
3327
2925
8661
3393
1037
3534
3075
9056
3598
8631
584
8635
8861
2003
5773
9954
2483
7074
6676
2787
7609
7760
9502
866
9500
6371
4185
5379
7962
8978
9095
4
9496
8653
1898
4905
726
7101
2603
757
2426
2792
1706
1441
5961
8400
9967
7325
900
6634
1951
6081
9935
7558
6234
1038
8829
7504
993
5605
6247
6353
7238
1507
3195
4962
8251
5241
8209
5359
1132
6596
553
276
4089
5901
6192
8663
7979
511
8418
6033
5384
5503
9753
8058
5042
717
4851
2272
6409
2535
9826
5540
5937
8004
3900
9425
7838
6260
8851
4489
5372
465
3455
2670
1947
1073
4423
5674
2103
1131
6383
268
9077
6756
9036
96
8410
7253
4562
569
1654
6587
6446
461
2317
6074
8975
7117
6086
2127
9983
2624
3821
8241
608
1083
2403
8098
9122
4703
2293
6776
1873
6462
6314
258
4187
3963
2853
9401
8462
2750
8091
582
6096
7921
5150
9930
5401
987
776
7533
7226
2806
3636
7718
9441
6174
5878
6628
6212
4712
7210
5991
8235
5116
3273
2974
4570
5969
3817
8014
8412
8244
1772
5643
267
7253
8952
6550
4588
2206
9287
3107
2440
2064
84
3558
5124
9099
8486
3962
146
6458
5066
3549
1520
8729
7272
91
6414
1765
5960
6982
3054
1646
8205
8015
7588
2379
7855
243
5757
4346
3287
3349
9980
3698
6515
5156
4510
9911
4633
1289
4959
2969
5976
5231
1798
9626
3354
7439
5803
4874
9335
3558
5593
5169
5523
7414
7647
6232
6486
6566
5360
1188
7276
4455
5530
9200
4211
340
7668
4165
7970
4260
5376
1529
8586
5456
6832
4210
9300
4699
9876
9285
2713
8115
7378
7632
9633
8995
3759
8400
5091
9314
7641
1999
9163
6556
8647
4333
6409
7530
6264
5098
790
6208
472
2510
4674
6324
641
5477
4521
3014
8750
3594
2116
3280
6539
8863
7771
9691
9464
6070
4488
5115
3004
1264
2807
7608
8822
9439
4905
1019
6031
6713
3544
2177
4684
1468
8037
8687
5247
2904
5357
3378
364
158
7178
6161
4201
8883
1333
2498
9503
1856
681
5557
6830
8714
3540
4401
3373
249
4471
4585
8654
3511
9148
875
5151
4566
2166
8965
125
4238
1684
4836
4163
259
4608
2650
337
2495
7108
795
3448
8561
9308
1508
7729
7457
2950
8041
6269
7390
2566
1066
567
6407
3894
5681
1686
8082
6795
6362
7551
3724
7219
767
3111
8062
8666
223
8133
6776
4139
491
294
4476
6083
7677
3546
5930
2050
1029
7724
9236
2395
3905
8480
9885
5723
1816
8612
9474
7830
2179
2825
9525
6412
3208
7371
450
2251
2005
3419
3153
8046
437
3822
2791
9795
9362
2334
3480
8299
4216
2014
8845
1130
1826
731
4525
3694
4323
6526
8892
5212
8450
1454
285
2470
3379
7139
8357
7720
5678
3541
4142
6514
4319
803
7060
7776
7689
9183
9776
69
1831
7126
606
9719
1969
7390
3341
6707
8567
7688
3058
9569
3405
9332
4537
5602
7539
1732
9642
5734
3536
4825
4676
7642
1627
5385
3624
7438
1493
1683
7845
4021
2742
6985
8267
4341
610
7003
9966
1535
8840
9573
4313
1384
8007
7038
1132
5926
1757
7825
6852
998
8446
5145
1734
5818
2941
6326
7128
3937
8634
8524
7291
3694
2360
1034
5368
3786
1530
4792
6070
4692
7721
169
2853
2615
4724
5504
2395
8485
6597
3007
9369
5103
2716
4011
9513
454
9706
4987
6758
2140
316
3087
2903
6292
5506
990
1657
1304
4539
4791
1560
8088
9775
6025
2234
7168
6569
9326
9241
211
9774
6722
1371
9076
8286
1410
7360
3187
9254
6063
1127
9188
2128
9233
9916
9867
8968
4008
4610
4276
5435
7086
4825
4047
3422
9337
4556
3832
5528
5084
5499
7124
2381
4637
3248
200
761
3345
2431
644
8789
1076
8206
541
2680
3957
6431
6936
2189
9373
7751
8225
5165
9936
2252
459
7961
6844
7023
7123
9511
5550
6771
6301
5782
8645
4234
1392
3007
3310
523
2029
7450
3534
4033
5674
4250
1310
7891
3774
486
7008
5147
3237
2181
1456
486
8018
8773
6822
6423
1524
9624
6072
1336
657
7612
285
4030
9296
6118
2332
7031
6867
4506
2402
7411
5377
3033
8594
4252
7217
6391
9638
4468
9314
3191
7140
1482
7576
9558
2477
4040
8240
1377
8735
9099
9573
1972
6969
4704
7643
1825
7662
7976
2025
8456
2627
7848
7876
5865
5699
4623
2550
7987
7587
9732
6845
6968
7871
1372
2287
7215
8018
245
1563
1621
3285
18
2203
3314
3647
3332
407
3220
42
4801
8083
378
7638
6787
6568
8318
9431
5535
3359
7263
9930
993
473
4922
9189
2945
13
4709
8315
2356
5177
7657
303
5041
4873
6409
5248
5997
1846
7747
5955
8294
5797
881
7135
9369
3744
2092
4625
7505
3554
9103
1119
9933
908
19
4698
5580
4837
3868
5820
1223
9838
1263
7489
8267
3043
830
7411
3217
3645
3090
9405
4396
8388
5092
4017
1247
2402
5544
9301
9000
1219
4758
7479
7933
136
9750
8017
8801
3563
6167
2953
147
2749
1933
79
8116
8043
5157
4329
4147
15
7222
6796
2902
7443
5573
9440
5111
5808
4452
2966
9513
6388
1497
8358
1813
8098
4871
7936
6933
3092
4267
692
6172
1147
693
3438
1473
8647
6641
297
2214
2466
7569
6868
3465
5590
1641
8769
6742
5151
4038
8138
7335
3627
5788
1615
9337
6542
7482
6698
5612
8179
4364
52
1943
8396
1245
7072
485
4570
1543
4853
4944
2536
9881
3737
4360
8322
1091
8360
9008
3187
3105
3124
5494
156
2658
9302
637
9744
9460
3251
4681
9260
9293
9755
758
3476
9800
2586
6804
9272
795
4193
4259
5142
801
8511
6920
7866
72
7832
9849
6784
5785
9784
635
1481
1296
6737
2917
3227
9415
9631
7664
1475
4211
4781
6781
7447
6010
7649
499
7526
112
8082
9220
1776
2717
7786
5435
9170
6444
470
3749
57
818
3626
8297
3656
2361
7169
5668
6773
6233
8786
3029
2941
9378
8671
9394
9656
5176
7543
7094
5927
6251
315
2888
7834
1633
8830
7064
5918
3859
7221
4488
995
321
7806
884
1964
9651
1740
8352
6240
317
8112
7437
7741
1053
5620
9048
3756
6260
1794
9407
1695
8655
8337
7025
8039
4354
4351
1104
9603
6624
6122
6661
5842
1496
1352
6881
9065
6175
438
2108
6976
471
2669
9020
999
4905
8097
7139
1575
9172
2020
3876
1843
4545
7224
9172
9644
5170
6785
4506
2404
4471
9912
5090
2506
7837
5884
2628
9572
6484
3874
3931
1451
5787
2350
757
8672
6586
9914
5750
5852
7979
8515
7081
4149
8453
2003
8372
5485
3751
8392
391
4757
5278
836
8273
2670
4211
6430
6159
304
9748
4997
418
4947
5869
2245
5772
9291
355
5506
3174
6369
7037
4401
4993
9452
1551
9750
5159
3054
8756
1000
109
5914
9575
3633
7032
1860
9550
5458
8328
1697
852
2691
9382
6301
2418
6151
5429
4204
2985
2094
6472
344
222
4868
544
5737
6370
22
192
3426
3597
8725
7359
3784
4775
1252
3673
2926
6258
9932
9507
3947
3191
718
1033
3053
1036
6920
5701
6119
2063
6161
7230
5286
9554
2222
2155
8145
4963
6951
3506
5263
7110
1284
8674
4930
9425
5920
4329
5601
8036
6176
1811
7827
4067
317
7040
9879
7921
764
3632
6017
6058
2815
7885
8943
8686
3189
581
2537
3269
9548
2419
5015
835
9463
3961
4796
2586
6586
188
8528
1718
594
2316
3068
3545
9074
9151
6847
548
5704
7481
3085
2302
1358
6777
5222
7540
1212
9427
373
6349
3802
2741
7743
2969
7411
1769
6331
6886
8198
3654
5601
9422
774
9091
5067
5920
1697
8394
2840
3113
6798
1556
5599
3087
2655
1878
6401
5594
3702
3032
8231
3343
7444
3246
7658
3642
4381
21
4242
1288
871
6923
8422
927
7984
4571
914
4634
5183
3028
2327
6916
2691
7430
4012
2512
9337
8792
6706
4419
7001
9912
1221
9647
9215
1552
5758
9452
6119
6881
3061
8357
4545
1151
2948
6493
6405
6345
3751
8044
8576
595
7424
8330
9884
4434
2279
3206
5773
1891
1246
6035
872
6280
1970
5296
4574
8800
8941
2962
6534
3442
9081
417
4473
3318
6975
2620
3751
3392
1037
4057
2663
602
7766
1581
3723
1004
324
2852
882
4315
8200
5246
4231
5115
8098
439
2134
8450
684
7936
5359
4779
7984
5615
1251
9219
3562
9056
8635
4324
7497
1958
3320
6716
8383
2771
9014
8953
407
8831
1785
3811
6
6840
5129
726
7978
2551
4778
2922
8863
2123
5268
7425
8928
5588
866
6860
1531
8877
9318
1082
1037
5815
4793
4190
5501
9647
7343
8716
8149
6315
169
8385
4970
6646
9140
7100
4028
4389
559
7068
9465
5893
5819
7783
5261
4916
1867
3267
7556
632
1898
37
4287
7903
8379
3141
6581
8149
5788
6458
161
4348
9492
3191
9769
6635
107
9041
5247
7205
9225
5964
3936
6548
4134
8849
5465
1234
1729
4414
9802
5444
3548
442
867
8179
7540
7059
2874
9993
2335
6742
1871
3749
8542
8186
615
2122
4962
6970
4564
1178
9467
349
2406
7530
3355
7060
6026
1603
2232
1263
1264
4293
3425
2044
7403
119
9224
8941
802
2559
4574
2597
7363
170
5036
7023
8823
6537
2541
5578
9905
7465
1673
9093
3136
3437
7836
963
3699
602
8374
4459
6540
4847
6731
991
3805
7199
2554
887
4911
2652
7803
1962
6706
7089
1778
5752
9647
172
112
614
9257
9222
6120
5782
8097
9808
3279
7315
6057
9149
1948
5958
5600
2118
6464
312
1980
4798
3743
501
1414
7842
7228
4233
7055
2316
1107
3722
2801
9205
7679
3985
4848
6132
5596
8566
47
9656
4679
6295
494
2205
9489
244
49
3134
1954
7866
6589
7336
1066
4155
2491
9927
643
7911
431
672
147
633
3554
6009
9870
9007
395
2376
2648
3303
9388
9367
23
6851
6104
9233
279
7081
5443
1916
3335
9690
7762
9891
7952
2717
2114
5150
5078
6327
9732
3824
1511
3080
1733
8781
5601
6549
7580
9046
7616
7262
9821
4051
3573
2108
9419
3403
3442
9257
682
2931
9969
4459
6801
449
3301
9550
3326
7355
280
1773
5076
881
3043
1725
9664
1508
4508
4022
7241
1889
346
5999
7430
8606
2308
1253
4905
7200
2151
920
6169
4855
7638
5234
189
8534
4508
36
4
610
7229
6078
7554
5207
6666
4427
2485
4338
2915
2695
6262
5262
8215
2670
5850
9998
2775
6899
7448
1380
7033
9145
933
1996
7801
3137
3883
8
5961
9713
5480
3000
8776
269
8595
2933
8977
821
8217
3211
5626
5019
1062
2225
1373
655
3935
8086
164
9865
9579
2074
5885
7042
5682
4950
1965
207
2270
4329
2001
1243
9166
831
6255
9871
2410
3104
939
4753
8576
9891
5494
5687
8428
5565
6176
2006
1255
1306
9662
7675
6231
3143
2327
9957
9412
9049
3672
7821
3754
1901
7111
1876
170
1181
7397
3879
9323
4108
9325
2609
2110
1390
5161
6478
5775
2135
5827
3927
5287
9839
3689
1294
7758
4782
1018
2407
5598
2985
3693
4178
9251
4697
8000
5969
7023
3093
7390
2890
3130
7148
7258
1402
9030
6961
1992
8356
6976
8115
9227
7429
1027
1991
2233
2869
6022
4676
1690
5405
998
507
143
4767
9886
8721
2784
838
8994
1707
5838
91
5820
3301
151
6401
7549
5423
8007
8302
1157
9476
3372
246
6622
1592
8242
1717
3330
2701
8796
6265
3214
2418
7220
4602
3262
5289
5706
6711
5271
4563
505
5054
6195
5851
743
6616
4487
1819
171
687
2593
543
6664
4876
7101
3188
1528
3201
9719
8172
3748
8816
