2280
166
3435
9592
9907
6535
7731
7339
2247
5902
6401
4088
9346
9699
2276
1804
9406
7178
2824
9633
7579
615
3032
244
3413
6302
9709
3295
3077
6871
4004
8595
2484
6651
3501
9108
7881
6701
176
8177
2835
775
7226
4094
5523
8784
5941
2960
1393
9703
613
6052
8975
6063
6095
7500
2618
6663
7172
3095
7692
2933
7179
5372
1887
7422
8685
8915
2844
7380
42
8896
1442
3661
3849
3901
9138
7500
3852
1986
2342
7918
9394
6228
6962
8419
8213
2023
8818
4854
8372
6705
3459
2763
5036
4301
2463
3957
9023
1225
9728
289
1686
3692
7669
8626
4338
647
434
1049
6798
807
7425
1329
8033
8852
2919
949
3168
9530
9138
1951
4288
785
4142
2445
5353
2331
2935
8850
2694
6713
696
8934
7352
7178
7490
299
6971
2866
9528
189
3328
8851
279
1157
1833
826
3747
955
563
1624
701
5429
6621
2539
7649
2768
8296
6169
2203
4201
6023
5801
8057
8057
5365
6429
3964
8107
805
5648
1032
7771
7508
8392
8747
3709
2444
4280
8826
9463
8338
8693
1399
9804
2431
5491
9599
4470
1691
7115
8400
9151
2421
5867
9783
2493
7007
5786
6215
8583
8902
1734
2022
4568
9888
9932
1
3694
3310
4099
6720
1135
2993
3894
4420
3290
8681
2348
3037
165
3944
1558
7289
712
7892
6356
4614
3637
3788
9876
6856
2019
8834
6952
4357
3622
3351
5907
7678
8220
7732
6000
7913
8086
6644
9918
2137
6321
9583
9228
6927
6640
3825
5997
7242
5512
8058
5352
7065
9800
558
1408
3201
4482
7596
1450
6699
5898
5820
3488
7317
6139
6914
641
2824
6880
6255
9426
9289
3398
5606
8597
793
3707
1548
3141
2487
8610
5384
9323
3910
6039
5499
704
9641
1481
7593
7984
2634
3385
3397
8423
3002
4558
6171
5467
5042
258
7942
7445
8104
2204
5282
6413
30
8970
1179
1713
9413
8507
1717
6225
2191
7895
1365
11
4737
9692
7836
2478
7687
4438
4804
8093
545
5161
4771
9874
1467
6494
6157
5676
9195
7928
566
8918
7235
5490
6228
9909
1143
295
8051
2718
4376
2717
9954
4130
3007
3038
2570
2456
549
1173
8975
8181
7151
9458
5695
938
8615
9978
6056
3225
6149
2974
9462
805
7036
8069
4682
2694
5169
4873
7974
3798
5863
411
532
1243
8854
7780
4295
7745
3194
2746
1241
7747
1399
1259
9027
2342
1497
2120
2635
1011
2250
3761
4087
2222
4237
9737
993
8151
7368
1846
3763
2893
4078
855
6081
8298
9642
194
6789
3647
3448
7849
2790
6972
8765
2552
1746
3868
8407
3486
4938
11
3726
4678
1405
6197
8042
2257
6444
4029
3662
3889
2493
5318
1011
9780
1740
3746
9983
2187
3611
20
916
2278
6713
9652
1109
4719
6433
7855
163
9775
6905
4007
1350
6417
5755
3022
3366
609
4705
635
9962
5743
3865
5847
8151
9558
2696
2279
5290
3284
3755
4598
4546
5718
9208
3901
4404
3266
5555
6098
8097
3744
3293
9819
3157
7813
2294
6125
4582
2189
1299
277
9613
1028
5339
450
273
1170
5355
4078
8174
6897
7385
2215
5301
764
6550
7486
3133
9669
2909
2778
967
3683
2360
2026
4703
5719
7633
1126
8110
1049
4486
9408
3725
9092
870
4989
9044
8362
4296
7818
8832
3781
7786
6508
5890
9532
9799
536
4820
3086
514
6188
2359
5822
9855
1544
6665
9322
1393
2732
3794
3210
6542
8256
893
2514
4126
6186
755
7460
3330
207
3682
6261
674
6585
5725
4138
9055
1953
2990
9167
8199
4474
6215
9891
9894
3274
5509
6964
5897
5893
7957
5122
7263
9511
1553
1811
3544
5086
4019
4899
4239
914
5162
453
6084
2514
7402
298
6258
3197
3902
2396
7695
6665
7433
3080
658
3011
5162
5639
9486
7363
9709
5095
7053
8971
2557
5386
8216
7261
6984
1355
5954
9558
6252
7496
8565
4027
173
6688
3892
6702
9016
3771
1311
6765
8577
5264
7925
8023
2553
9351
4324
7884
4332
5036
348
6304
2038
3036
8321
9147
6277
6176
2367
8096
8858
9139
2648
8856
5065
9057
2361
8042
8528
1870
2282
2186
981
9919
1668
7707
7000
153
7822
1250
999
6229
9568
1289
4367
1997
4632
5724
6544
2182
458
4323
586
8681
1090
5229
2404
2111
5845
3525
507
2105
645
788
871
6442
2244
1683
8873
5329
6800
9402
2849
5302
2109
9242
9869
192
1616
2436
6987
6177
1767
8068
6175
5328
9462
9533
2736
6976
8716
4370
4876
8417
2676
4014
9084
3427
6935
545
9395
4435
9727
2520
9632
7876
4215
5688
6642
2843
4078
1286
3099
9830
5002
9446
157
9433
680
8958
2049
1831
7730
4565
5703
5850
314
1342
5800
1600
7859
3243
7831
3554
2639
4320
1894
641
7074
6438
7012
1807
9413
1048
1876
2616
103
7917
7833
7515
2238
2946
2157
8248
2891
3283
2801
168
5099
2710
2383
7828
9402
2645
6299
227
435
470
1256
6531
9666
3400
1494
9235
1386
8124
3849
5130
8162
4350
38
8024
1610
5982
7254
6936
9627
5696
7165
8350
8444
2268
3908
2179
9730
3826
5490
7353
4559
7742
5881
9261
2075
9315
9405
7465
5056
9640
5088
6355
2671
1180
8248
7957
6128
2023
8354
2009
1398
2814
8431
1537
2769
9970
9484
1729
7229
806
2592
1546
8760
747
271
6371
9201
1051
1324
9717
8764
9886
603
1156
274
6395
9699
5637
213
6479
2002
1025
7265
6083
2523
7909
3565
1917
9739
8226
3729
5062
5674
8567
2178
6707
2012
2585
2233
7234
6439
5149
7953
5475
303
7282
2847
3984
3788
6094
3292
4443
2413
4355
6238
1123
2262
2733
7733
7602
6693
2506
6433
1413
5539
7687
512
5097
4741
1668
8629
2558
1874
7395
6308
6427
2831
9890
5562
6191
4022
9905
5210
9295
7878
2210
2130
560
8979
3630
2844
4003
670
8302
6496
4056
8767
540
871
5328
6174
4006
6218
8435
4882
3963
7657
9738
3713
966
7911
6827
3830
9237
435
9183
2352
197
8705
3441
7222
3947
7271
1189
7833
1729
6324
3490
1746
4315
4698
5661
5995
8229
9580
4660
7146
8987
9779
9700
3271
2644
9899
6520
7102
3692
7050
7662
2272
493
8976
4663
1284
3241
3945
3003
6651
7591
9040
4535
9537
2967
7086
4613
3407
1251
6768
5669
1950
8709
8982
701
6022
6351
5784
5242
3540
1467
4547
1266
5834
8047
2225
8984
9408
6684
3095
5483
8504
4068
5735
7132
2207
2885
9702
8314
9952
9526
2904
3339
6978
333
2935
5961
6322
5851
1107
6774
3195
2213
5459
6638
9265
6992
6809
7064
3470
4407
1444
4136
9108
2332
3951
4452
4928
6585
3623
7537
5632
6146
7770
9785
1995
5369
1562
3211
3598
5180
7264
4224
6760
2495
8622
2837
7451
4642
6221
6890
6210
4240
4037
4357
434
5491
7579
2980
8377
6262
1316
6078
307
6313
8376
8468
2844
1867
2546
5369
9248
5063
3956
2763
5053
6477
1559
509
6010
3147
8223
4546
6897
7080
1453
5176
6151
9758
6239
9903
1949
786
4882
692
9343
560
2952
831
1401
2919
4900
3685
9594
9631
8241
9899
4256
5682
9218
9736
9619
7774
1717
1301
2526
3094
4369
2611
8503
7647
543
8825
3632
9022
9797
633
8982
9036
7084
9358
4551
4995
9843
3189
5921
6215
4172
9316
3989
3044
6293
1243
8138
15
5857
3558
1101
4876
1621
2716
7766
3404
8719
1847
3638
4721
1263
4016
1517
8000
8442
8054
8041
4288
691
4123
9624
853
8218
9419
7486
1428
7649
5338
4386
6515
3257
8313
1523
8863
5612
1397
5032
5048
883
3612
4692
4077
9719
1212
184
4816
260
2042
3267
9397
7354
4860
4437
1452
6077
9220
3681
9289
7069
2313
7968
1052
9904
9715
8130
66
7578
9459
7440
5815
1967
3613
5133
8502
6239
483
7371
8672
9632
7295
7865
932
650
6220
2010
5728
2587
7986
5969
3365
2074
7068
9800
1280
2809
1000
8208
2218
4788
6314
3219
7758
3239
8573
4085
4674
2507
6983
6329
4388
9024
8536
8288
7586
2183
911
6332
9510
3014
345
7475
5932
9903
7895
2686
8642
5450
1178
7921
4075
3006
542
1877
4735
4239
3088
4161
8835
5281
4958
2552
4656
970
7401
5371
6435
1462
6265
9743
8992
5684
2446
5577
3572
3214
6654
6246
6694
2566
3583
1079
1128
9947
2899
3258
1216
6955
347
8804
7437
818
4122
4874
9961
2209
2295
4590
1322
1018
4670
3190
5124
455
2756
4009
3183
2347
4996
8835
5184
2752
3627
7288
1590
5071
9820
1749
1284
8655
5697
9874
6630
4756
6656
3667
5041
2889
2149
2014
1148
8088
7425
4439
6405
4885
3791
7734
9649
5563
7519
8282
9956
8782
1121
3864
1433
4704
6543
3003
1695
2367
295
3647
784
2891
8260
7817
1278
7925
1064
9534
9756
6995
6296
1460
4887
6369
4020
7285
8736
8401
7185
4207
1318
51
8165
5241
5588
7263
6255
4993
677
4127
4768
4224
4463
9978
9818
9598
4675
8827
5779
6610
3968
3376
8358
3778
7758
8190
7046
2233
6350
7634
9568
2806
3643
1939
2668
1697
9964
6531
7919
3208
7946
1651
2145
6296
4249
1462
550
9415
708
7806
8746
4126
4969
2067
2318
1701
5774
7090
2730
5878
4799
5970
6654
5923
3430
9185
1769
5555
9621
2189
4725
6679
5874
5183
9037
5323
3184
7682
3403
4664
1126
1282
1202
167
1502
5759
7189
800
924
3792
7475
1904
7176
8644
3936
825
9547
5107
6433
9283
5058
3124
2963
9072
6594
4232
1368
2478
1432
8179
7471
9397
2075
5803
9135
608
1937
3800
7840
4280
4587
460
101
9420
1565
6300
8954
4141
990
364
5127
5798
1016
8809
4238
1433
125
2016
4839
8883
7670
9548
9940
6354
8905
2413
5603
9869
1671
5283
3841
2353
4926
2185
1349
4557
4194
575
3120
9331
2355
4048
6655
655
9739
5219
1882
8243
4790
8508
8173
7329
334
5154
7776
1554
7571
1548
6900
1891
8595
516
1549
2335
2891
685
9911
1399
3354
1505
7702
9263
350
1363
446
1730
4990
1652
571
6885
4195
5777
6382
569
3380
3801
7989
4906
8253
6507
4118
7620
8346
4078
3128
2918
7573
3915
6685
7583
6858
2101
2144
4900
8964
8345
7751
9155
4054
8432
9205
3250
1896
5441
4239
4273
3531
8499
9528
8782
6523
7329
2204
967
2224
8966
6101
1049
7345
1543
4622
7463
5670
6640
8433
167
8503
5878
3823
3559
6967
9052
1708
5213
6279
8561
4227
2091
280
9607
9166
33
1185
2415
1722
7613
5833
5967
7018
6637
1297
5397
9483
9013
9185
2469
4159
9148
8573
7918
313
913
5492
6955
19
1323
4901
9398
6591
910
1151
6295
761
2553
3315
2330
3509
9468
2152
4942
6714
3382
6459
6713
9850
4637
464
7289
6077
9591
2345
6437
281
1221
274
9474
6896
7472
5511
3362
1974
3499
9459
4151
542
6920
3862
5942
6976
9398
5329
6054
3208
1208
1665
2007
6286
1249
4870
8191
8846
508
8287
4095
8020
9224
3140
4517
4550
5952
992
6267
6157
1480
5705
2060
96
9779
5149
1431
4015
7010
2554
9132
8906
231
9097
211
556
4151
1368
9820
2391
7838
9668
929
4317
4349
7584
8055
264
8846
996
6691
6567
3800
2404
5210
6325
4766
9051
2353
8439
5521
4885
1219
1906
8086
8694
321
8599
9346
9930
2403
7133
6098
2330
653
4521
3624
7224
2605
3515
2991
1143
2480
3464
111
3241
5492
5584
1404
22
2216
3596
2521
631
4960
7030
682
9420
4901
8148
599
784
3497
7970
9036
6599
9096
1355
8429
7728
3802
7108
1975
3501
3061
8565
9666
4972
5455
6548
3666
3026
6000
9296
8173
4035
2470
1768
9959
2592
323
3622
7513
4237
545
1419
8032
8526
1302
8519
561
4141
546
7237
9578
2747
8597
8081
6868
8113
9518
8087
7445
9025
4654
7866
2705
9342
9098
7485
2241
5444
2047
9441
4828
3286
5264
7036
3969
8658
4540
2818
9303
7075
3371
6627
4971
3603
4966
8865
6937
8491
8742
5979
5926
6200
5588
7483
8650
1932
9968
8377
3723
1486
7581
490
3684
6798
3434
7529
8868
7578
8908
2479
643
8774
7318
7410
1120
9499
6507
7080
9173
5951
1098
998
3756
5196
6279
1129
6011
2944
1003
16
1018
9329
5298
2884
7622
4538
8274
9381
4510
7191
3979
2115
4794
5465
1978
6390
4811
614
951
4442
4797
7312
5295
8410
2873
9152
4684
9303
9480
159
9903
7542
9778
2641
1872
9188
6084
1006
1116
4054
2576
4078
3854
2241
5727
9457
7096
6146
6497
3144
1184
8060
9684
8499
9160
1804
4307
3176
53
6330
5750
2365
3489
9918
7431
6002
172
4749
8069
2878
6605
9695
7329
7780
135
5181
6438
3057
3463
3244
7045
8901
3769
7713
862
9036
1578
3616
6236
6840
4216
5973
5703
2685
4997
4654
2237
5528
7531
4963
570
3501
473
6131
1683
5723
2379
8492
9747
6702
1129
2279
653
8834
3366
7677
480
7470
6280
922
1656
9764
2311
7933
6705
7156
4094
345
5511
6216
4463
827
1769
2751
6563
2263
8395
7561
9167
994
2123
796
322
550
6555
6881
7563
5990
2717
9294
9191
7118
6781
1041
1287
2709
1528
4149
9553
8866
8282
1348
5661
8
6181
4890
8192
2960
1949
737
2181
913
1281
2702
9575
7759
5140
1400
8539
5549
4521
2960
6682
1440
2813
7281
5149
9233
7374
6342
9233
5390
5834
4162
5898
7151
6434
5424
515
8480
9325
4519
1731
287
3161
2730
6539
2676
5436
3274
3260
1720
2936
5688
5622
851
1981
1802
3372
9798
6137
7993
8131
6162
1963
9685
8200
1459
7957
1382
4657
6108
7695
6208
7163
528
9847
4577
1555
1194
2535
5243
8737
10
5311
1017
5151
5181
7889
5951
4311
2471
8396
3010
8330
9632
3952
7889
9773
7160
7456
7887
4477
3368
1942
4862
3187
8839
9696
7354
3907
7701
7336
1567
4878
3768
2449
3447
4024
9216
7421
5348
9892
6217
9468
4678
9723
9821
5374
2554
3707
2195
2554
5440
7932
6152
3703
5447
3918
264
2999
6647
702
7833
692
3370
3351
5733
6530
6584
3205
5218
2372
1789
2581
7967
9323
6169
7097
1277
7849
4149
3032
7895
3444
3501
8369
320
102
2254
4591
7064
7841
1756
7624
6442
5407
8096
6736
6773
1031
2958
6731
8869
7228
8303
5536
8877
7135
8127
3657
6260
4277
3828
6902
3369
5588
6537
4881
5508
3318
5447
1004
890
3504
8207
1494
6812
3453
1814
2749
3069
819
7357
2542
3758
9367
3516
8552
6056
3468
8923
5246
5285
1846
9693
6427
4396
7261
3673
4479
7687
4189
7014
2968
7826
3130
8434
5388
4275
3873
1983
4290
5072
8842
8187
6865
241
9066
1882
9072
2659
6148
5634
9245
2726
4751
515
6281
676
835
6337
6032
9599
1229
9711
9142
693
3794
330
285
2018
368
5903
9972
7491
288
1386
8569
5538
984
2268
9950
7107
4605
8503
649
5642
4933
3482
6774
4070
3386
324
4136
3454
1115
5414
3180
8807
5965
1258
1982
2927
4158
442
3173
9417
8746
3326
1785
917
6390
1590
5781
539
8010
8016
807
6852
636
4950
8181
5062
9399
5863
5818
2458
7979
9296
2189
9595
9438
5463
1698
220
9231
1092
6170
1702
3483
4509
134
3886
1465
7628
2473
6224
3648
4510
8059
6650
7448
619
7289
1158
7133
5742
6106
949
6176
8816
2733
8485
8649
6821
5726
7647
2871
4194
1847
9071
2375
2104
4755
865
6211
7826
798
4500
1793
1352
4552
638
6476
3310
9864
7164
6273
4268
5613
2420
2688
5706
4688
4297
8114
2407
2293
5642
8569
8358
7776
7720
8659
2486
7589
6881
1336
1869
8584
4142
8115
7936
6850
3381
3934
977
8021
4684
3829
3222
2391
8987
6637
7490
2762
5740
9005
1282
300
5410
7866
1894
5178
2115
7921
5305
6575
2100
1278
6463
9723
1135
3529
9771
5422
9123
9616
570
8116
9849
5791
4175
5803
5902
3036
2812
1967
3282
447
8682
6086
731
2814
373
3767
9990
7976
1206
6230
1596
5063
3214
6282
1053
3336
5820
6976
1148
3399
4012
2600
8391
8915
7805
4797
8465
4464
8060
3715
1309
6540
5426
3016
2153
2649
6423
8908
6661
4377
6497
1773
9391
616
333
1083
5324
4755
5496
8507
9844
6726
3547
1447
4475
2723
6865
4290
3976
3455
7927
6682
3780
8918
6383
3686
7152
8511
7904
62
8355
8954
6045
4297
3839
2437
1088
7025
8383
94
3043
420
7775
9539
9211
1316
6872
9893
626
2558
4326
6331
1727
56
152
9635
1444
5763
3620
9667
3844
5999
276
7501
431
8414
3633
3537
8923
7824
3066
7373
625
3246
2385
5840
3089
3219
1602
4140
1202
2148
9857
3289
4602
5329
8591
3222
9079
5987
4729
4010
6872
9557
7453
1433
4842
5535
8809
6290
2019
3613
7138
357
3269
734
2190
8226
7327
5224
30
8252
5942
1673
3980
9933
4475
7641
141
5427
9818
6859
4418
2888
8814
1042
1137
5887
3300
5168
4251
8346
1690
5242
6986
6729
6291
183
3305
7533
827
4727
848
8682
1586
7600
5418
6810
1062
2964
4884
6543
6785
7839
3317
2912
1980
8348
693
7205
4495
5366
9019
8414
3062
1692
3398
397
801
9966
3928
5908
2520
6452
1978
1353
4601
7870
4736
4054
9008
2134
6251
6940
2513
3826
8932
4808
9013
5717
6571
8750
1199
2133
3581
3586
2282
647
43
4645
865
5238
6573
4188
8602
7443
3538
2957
7760
1735
6850
5907
2939
6131
2835
3553
3742
7208
8165
178
4781
2051
4186
558
6697
5280
2180
1801
1418
6767
6605
2934
1464
3668
845
6217
5541
9544
2732
4410
186
6957
6757
2118
7597
9151
7426
5727
9804
2598
7610
5315
4136
8680
628
2874
6673
4188
150
6809
6378
5832
4750
7971
8105
8283
8556
2063
3390
5223
4267
1685
940
1479
8539
8274
6233
223
5308
5804
9806
672
5368
3743
2651
6682
7005
7973
1771
7180
1893
1092
5086
7527
517
5601
3577
7760
2207
4658
5815
9125
3523
3265
6074
2311
1369
3133
6786
8021
6244
9883
2585
1993
2403
521
3096
8252
8905
467
7242
6340
2999
6703
9627
9502
6819
6146
9068
7351
8392
9669
8550
7428
5369
4163
6392
5377
1362
169
2815
1526
9262
1552
8160
3462
2703
1511
9621
7617
9773
9544
9874
2298
4654
4877
3364
1026
2382
444
1605
899
2811
8926
1854
4825
4784
5485
7049
6106
6780
2603
4769
9287
3950
4863
1016
9338
4880
747
7541
5071
1597
6041
9177
799
9615
2740
5420
616
6201
8866
5737
7272
8446
4367
3282
8360
5837
1637
4081
4742
7450
9943
1565
3706
2666
2973
5829
426
4202
3850
8124
6889
7563
6857
3953
8314
3182
6086
2969
546
313
9625
716
2219
5204
2716
7993
3477
5171
6718
9126
5928
1871
6113
1560
5700
1955
4269
1371
5001
4432
1175
878
9315
7438
2444
6911
4956
3839
3720
63
5349
3505
8180
5569
4768
161
9867
3940
453
2086
2893
4842
3956
6785
8156
2052
730
7727
516
6861
5196
1864
5240
704
3024
1255
2583
8182
5500
9846
9758
8608
6246
630
4039
9549
3642
2792
1390
3800
6810
3131
7268
4754
6879
4546
9357
903
5198
7745
5188
144
9718
4564
3423
6324
5174
1276
1453
1467
2172
1031
8299
1553
6855
1915
3382
7892
9854
5391
58
714
8233
8693
5209
8385
7101
8248
9288
7492
8822
574
9235
7367
4732
4762
9409
8992
6520
8609
7474
6386
5664
9110
2548
8087
4846
2468
3541
8361
7679
5768
5843
9933
1815
1401
8512
812
3665
6533
1793
5919
3716
5497
9861
5431
2834
7388
6258
2343
5306
2553
9738
8862
6989
2391
5358
1989
5805
8134
473
4865
866
2312
5629
2533
2390
5578
6363
9399
1840
7102
9083
6605
3918
8070
6732
3236
315
3519
2805
8189
6096
2856
5434
5012
4711
7245
5034
9294
4810
596
6453
5503
2506
2403
9995
310
2972
7692
2112
3877
7229
8967
4716
5536
5398
3818
3790
6513
5099
9975
4400
4278
9022
5634
7637
6712
449
5598
9055
873
2920
9779
638
4169
1340
3053
9715
3812
155
8676
6466
1035
7053
3396
1734
158
6386
3913
2254
4291
8503
6648
5205
5158
6808
2076
3151
7021
7871
4844
2096
3495
1498
5494
3495
2800
8763
2202
6487
611
8089
5477
5558
8157
547
5369
9565
8314
2773
7237
1936
7054
3203
1622
1065
674
322
9178
5181
6344
9014
2716
1968
9341
7686
9089
6932
9083
7804
7774
1756
4824
9304
6244
5438
126
9364
8441
5399
1128
8418
9028
105
3829
9362
5093
7712
140
3664
2191
8882
333
8682
7411
7988
6832
3231
697
7225
204
3746
9965
8693
1462
4110
2036
4144
3523
612
9050
4183
5292
2303
3066
1356
8270
8985
2841
2237
6858
4262
991
7154
287
6174
9011
7376
5298
824
2961
6474
296
7538
6011
3208
5680
4957
1354
3023
1552
2597
6927
5808
234
4223
3146
8685
6362
5595
4853
3429
5727
616
9103
6609
2595
8743
9697
4903
41
5559
4702
7804
291
4623
763
7303
6860
315
6473
6448
4328
3342
6971
3751
102
7334
6472
161
8544
3084
4447
92
2015
1402
3810
1892
4317
6840
7265
1519
3112
367
3075
5314
3216
8190
1635
1335
7582
1755
9077
7142
7984
5313
7923
4415
1573
3831
7961
7610
9922
9890
649
8102
8638
4113
5404
9358
4160
3926
5414
8922
3539
2804
133
1553
148
6211
3941
5099
9192
1360
8642
1781
5612
6578
3564
4414
1882
7352
4704
7390
2068
4094
265
39
129
463
1042
8163
2305
772
1126
6765
3279
5002
2342
555
4306
65
1431
4041
511
4240
2694
7617
9727
4662
7880
2070
7273
6876
4994
6689
2924
7639
7665
9906
6874
6745
5159
9768
2916
5143
1508
4043
5310
2261
173
7590
1343
9660
8155
1715
424
4062
3586
5727
5630
3041
6412
8748
2614
3575
2098
3797
4748
1327
9798
1372
1583
2835
3424
8495
9148
2450
7603
9338
2998
8328
4027
1638
5759
3914
9174
5486
5366
2750
6220
7170
7229
1286
748
1700
7653
5517
6116
8512
56
7994
6092
9209
7779
7090
6080
6047
7198
842
6985
9964
2410
8505
5910
5517
933
5708
7196
238
701
1444
4983
238
1055
6090
6364
7554
1866
2738
2477
1781
6549
4845
2759
6141
2282
3416
1180
7881
2846
2674
4936
1606
5901
3083
7314
6993
823
3288
6977
5447
1585
1028
7976
1560
4505
4992
1856
6505
410
9098
400
6553
967
171
1051
9243
6200
8826
8023
6259
9743
5951
6309
1580
5142
9426
2834
2933
5958
4242
1321
140
5014
2161
4114
1938
8622
6396
3275
2559
9607
6393
578
5166
4642
1945
9916
2569
4369
8701
1557
1631
1142
2965
6916
3394
6214
8162
9194
797
1241
2269
2008
402
3936
2993
346
5106
6180
532
8099
8118
6247
8899
2006
5930
1625
2683
8958
7689
2490
6051
507
8804
9718
7142
6409
3995
9570
6000
4463
8590
5330
2078
4081
1117
7268
967
6083
3100
6748
6697
4298
978
2765
9228
8032
8257
3921
3476
9444
4800
5286
386
2812
6851
7189
1689
3528
2444
7599
4670
7268
507
8998
3288
4250
4721
85
7719
1521
9010
973
1458
4454
2969
7181
1912
7909
5093
1182
2408
6564
5521
2488
9628
3980
290
9316
9952
7301
7497
7984
8257
669
5384
6152
8944
6293
6081
2423
6309
5065
10
761
7585
3209
7341
5276
5595
3912
9324
9267
5788
3248
3554
8550
8935
3568
1172
714
4880
8852
5798
1848
3821
3455
2730
9101
3033
2344
2627
1902
8837
5326
9639
3269
7722
4232
3219
8460
3770
6670
6649
5157
4708
7262
5013
1939
8917
6460
9725
3145
7628
4569
742
5933
7830
8670
3443
8377
9784
2933
9529
3198
5323
596
4830
9045
8674
2408
1631
3763
6951
5242
5953
4247
9827
4192
5935
52
4412
1330
8754
6454
536
823
7487
9555
2112
3212
5290
2335
2097
7633
7560
9451
4988
1952
6786
7484
8652
6475
3061
6931
6103
8928
6278
6831
4318
3835
1220
2763
5359
9321
918
5700
5610
9108
2147
7356
5744
9392
9536
2948
2566
4336
7763
3226
3258
8294
6599
8334
7037
3126
6585
3058
2910
9365
3054
7902
6664
7891
7911
1598
5521
3666
1789
4441
2083
3666
1735
6973
5512
1883
4922
4332
3646
6422
560
5885
9290
7848
1073
1457
8729
1676
7822
2083
2241
700
9037
6843
6341
1996
2750
7535
9672
5763
3899
5286
313
3191
2062
3307
9485
2179
5629
2746
523
8567
6385
7338
2992
9725
8693
743
2083
1955
6713
2763
1458
7226
4629
7976
2059
4474
411
8084
2263
9487
4677
4722
4624
3125
2478
2169
5636
3035
7517
2035
9361
9495
4155
7844
2432
1926
4982
6293
495
7358
3982
9756
982
8402
3740
7226
8156
4017
2371
9344
7265
3835
2798
607
8139
6625
585
9851
3567
1224
1884
9851
7317
4442
9634
6543
7231
1305
9768
6286
7570
9232
5664
940
7234
2025
3605
1412
172
3140
1865
1928
3148
6522
58
9474
1039
7071
3796
7349
2115
8525
336
5
3579
1603
7977
7584
2207
1738
191
7927
400
1023
1861
3245
1288
1265
2853
3771
8448
9625
1363
9038
3611
7665
2734
5566
5264
995
3443
6859
2885
8319
7980
6550
7462
1128
2406
7433
2549
587
1152
9972
5612
4685
9775
8853
9918
5265
7182
3875
891
1154
2483
295
9682
9011
7517
5080
6417
8913
9497
4002
7767
8529
9620
4114
2939
8219
4475
2496
182
3395
1374
5145
3530
3088
3811
3431
1526
8186
6934
6480
6482
5925
6542
5960
6885
5957
3163
1332
9286
9404
556
4892
9695
2055
4285
9836
6829
2178
9533
743
6116
2387
2445
1561
4160
346
9012
2023
5286
4530
3088
9365
7128
6580
4024
420
8104
649
8732
6885
4212
7322
782
3535
4671
8966
4506
8857
6817
9679
8239
1764
7652
4977
770
264
6687
3424
9672
8874
1520
1021
817
1863
9314
2820
1844
671
7055
4102
8357
2960
3550
7134
6580
414
8797
1585
9471
2348
8666
3175
5159
3530
5211
4193
5200
5420
7294
5318
9649
306
4474
2174
5804
1561
1268
41
4136
1357
9342
8573
1657
6745
617
2283
4001
2349
4812
2413
1040
6395
1501
5166
4359
6766
6843
8278
8395
3447
2238
7872
2196
6005
1735
9609
5413
5216
993
295
822
1154
3049
9908
2572
5987
8857
5910
1291
848
2687
1165
3634
7880
397
6776
2900
5906
9418
3172
7639
221
7366
9570
677
4422
506
7747
3696
672
637
5634
6067
2067
1636
15
2899
547
3489
9476
2036
1596
3388
3701
8872
1223
4335
9497
3218
7788
442
7679
1145
4388
2072
5791
4328
3753
5257
1487
7474
8396
4430
1070
9106
9123
4483
5777
593
8525
3254
6391
2769
1619
326
8442
2198
5901
7814
7589
9749
1390
81
9756
164
1566
632
9581
5600
9746
4791
6626
8958
8489
4837
6271
2121
3109
554
3518
3722
9348
3947
3556
3750
9483
3984
9951
5201
3742
5127
1759
2560
1662
162
2783
236
2911
4219
7455
6450
8261
8935
6846
2280
6619
5944
7817
6970
8991
7133
9898
5538
8733
36
6959
5142
5735
9648
7305
9916
2542
998
9037
1704
4527
8912
4715
949
797
5812
8552
1490
2774
3711
6970
1972
8821
1275
1007
9786
1140
8848
8363
7902
6012
5367
6124
2727
2859
5593
9755
7883
8512
4821
6626
3985
7605
3505
2756
6724
9786
4040
1533
6436
282
1650
7368
4407
5356
9905
471
9021
6009
951
8370
9473
9684
9365
5327
2651
6299
9919
2458
2130
9641
9387
7361
5855
8597
6568
9023
572
3914
9787
227
3548
3092
8708
7468
5780
7076
2431
2211
3239
3376
3703
8421
3199
4522
2213
11
7607
3227
4070
9624
262
588
2378
5631
2373
2081
6856
4431
9826
6435
3616
6204
3181
7128
6329
3946
9407
8960
9688
7032
1291
2463
1010
4567
3037
7714
9976
1862
8271
624
1473
3148
4122
7550
4119
8417
4184
8575
7543
56
2136
454
555
7277
3276
5306
8341
3415
9565
7109
4161
9178
7774
3784
301
2589
2797
4799
2613
9891
8998
972
4630
4055
1506
9251
6213
6793
6909
6466
4072
7535
5204
2042
161
4810
9421
9182
9227
4519
3697
3847
2253
8110
6404
4929
4636
1322
2342
9110
8030
8421
4193
8213
6376
6863
3378
3311
5736
1740
1125
8909
7871
3288
7722
3281
3942
9655
3924
3784
193
1692
351
8041
7489
9958
2193
1261
5364
3170
5897
7483
1847
8385
6228
3198
6075
7448
8799
5221
1013
9470
7735
1031
8688
7317
9580
3328
7245
552
8036
2733
938
6445
9003
832
3633
4134
2488
9600
2295
4826
2316
7585
8757
6332
4035
3051
7155
2181
3468
4329
3888
8226
9189
1953
2783
300
7632
9291
2027
7504
4130
4527
1114
1371
202
6576
5088
1252
463
8591
1723
8950
8273
6925
4859
7688
6898
8016
6868
2346
2206
2561
1004
270
4341
784
7040
9841
9081
2533
9619
7621
3858
1956
4790
4268
2191
6492
7218
1731
7464
2172
4786
7688
831
3602
2670
570
6084
2466
1986
636
5303
7439
9566
2373
105
2025
1638
5015
6779
8323
9786
3225
7896
5375
944
1460
559
2937
2188
2071
4168
9613
8145
4583
2807
6853
7922
7366
46
5971
8482
4942
3149
5016
9529
6218
1205
1279
4999
1842
2027
3608
4371
9602
40
4516
6973
2981
6124
6378
6482
1811
7890
533
1357
7364
7519
154
2682
6864
3684
9481
4438
9509
2963
8991
1090
5427
3215
4853
6471
9879
3052
154
2643
674
6405
3352
7281
9686
3148
5829
295
9100
4108
1896
4793
901
2810
2485
3914
8747
1178
2503
3299
7971
5694
2441
3196
7890
6249
4385
216
7849
8162
6490
4877
5950
8980
2541
9472
6792
7666
8203
4143
7767
8728
5530
6024
9277
7020
8377
9304
2285
5716
8913
4941
1055
2193
3034
7356
2157
2088
631
623
8509
6465
7119
4934
6346
3465
3049
1982
2065
4258
5731
4511
2182
1867
8431
4048
7073
730
4363
277
2793
6309
2139
2488
6154
7792
2613
582
3462
7360
7817
7024
7270
6910
8763
129
6811
8632
5582
2016
5029
4833
6879
1307
9038
8601
4539
6563
3428
439
7854
6887
2290
7042
7897
6009
1579
6159
9455
7405
5826
3797
3516
4527
4520
4764
1987
8339
7698
5508
2146
2216
5271
8418
4388
9894
7859
9589
1187
5911
3547
599
9591
1650
9822
1519
8192
8434
9027
8851
7596
3605
3669
6314
9077
9568
8872
1136
5402
6864
7670
2546
2472
8587
6379
3097
9525
1157
185
3140
2298
6303
3801
2302
2298
6185
431
5279
6515
5528
3432
1311
7759
5491
4083
3700
6519
5223
4233
7100
8757
6763
4266
8854
7973
4318
6262
843
1688
9787
5732
4315
8276
7006
4274
6673
1963
8705
4746
2472
6069
5376
8333
3751
5613
1707
4976
3479
2214
5833
1455
8166
3208
8008
3298
708
8811
6739
4859
2475
2334
8973
3576
4779
7109
8586
5035
7491
7085
3229
3571
8604
8380
6508
3207
3071
8794
6128
7519
3847
7286
5848
7327
2401
6007
8348
2401
7888
2144
8431
5534
1997
8862
6702
2073
1339
273
8742
5127
5000
3252
4370
4030
6736
4795
17
7145
8588
185
8694
1766
2616
891
2585
1917
786
485
8395
3277
5997
5238
4983
5748
4709
6458
4947
9338
3454
5388
5798
6363
7189
6758
3715
9775
6104
4855
9492
2728
3521
8463
34
4680
8637
346
7792
3132
1227
2214
9480
3624
496
4355
4189
8576
104
5303
6000
2465
6727
971
3550
6058
4829
8821
6373
2746
6887
3906
6695
4487
6514
992
504
5928
2939
6021
3938
7872
1026
6000
9624
3175
4957
7562
2039
9863
3129
344
3320
816
9035
2400
9297
3752
9524
742
7356
8995
6467
1106
480
5546
804
463
8299
6091
2342
1074
6609
7694
1371
933
8622
5775
1720
8847
8119
3644
1996
4530
2367
8188
7086
8225
2165
9578
6462
7900
7995
3357
1006
7738
8865
1814
1658
4833
5760
9926
5618
7956
819
7417
1096
3322
6655
3794
6085
6039
7939
9427
1654
7449
1482
1754
7507
4033
269
2019
992
3612
7734
5486
5693
5789
4224
7870
3096
873
6506
6507
5650
4223
9642
949
6127
642
3902
8597
3719
8260
8317
8689
8393
5537
732
7980
5664
8420
8045
6504
2733
202
4194
8249
5843
5089
7984
2167
8546
7501
4414
3615
3195
9591
5948
8167
3587
1474
4496
6860
4307
5436
4155
522
5531
397
5530
3575
6167
303
5129
556
4329
745
4835
3969
2070
4346
7620
8644
8893
8127
9775
8054
1362
7009
5515
1970
7129
9982
664
6715
7597
2738
6512
8256
6576
6929
2680
703
1245
4548
5525
9907
1385
7086
8780
9387
3608
6154
8578
2937
7980
7379
8242
8324
4264
8495
4189
2491
4227
2041
267
5157
1912
2490
3823
1722
9466
3219
7545
5335
4325
2601
7253
2802
816
7709
8481
219
9358
503
8477
1483
1987
366
6010
7004
7348
1351
884
1605
2679
7544
6284
688
2490
9256
9966
3993
191
1045
130
7173
9717
1553
3358
3629
1074
6345
8712
1733
7900
1299
8952
2382
8151
9140
4140
6308
2824
76
4758
2836
2024
9887
3472
2750
2149
2384
1808
7427
9235
43
2966
4588
5743
783
6914
5558
4563
1383
7282
813
3589
8692
7081
5636
8987
6297
6412
2399
5833
3250
8101
6845
9579
5281
5899
869
8270
790
8073
3371
104
731
7226
1007
200
9882
4694
9811
5576
4251
2149
263
2319
765
1731
6915
8691
1056
7261
6656
6667
589
1639
675
6675
9251
8127
8823
5625
3439
4988
8326
5284
7399
8753
6452
8452
5891
5774
2984
292
7528
7541
4727
1724
7378
2202
2447
579
1662
2307
4637
5474
9553
143
3403
1524
1065
9043
7578
105
9230
6079
9319
6970
4467
9488
7677
4790
895
8798
5592
7963
6755
9173
6961
929
7976
1794
7563
3744
390
3427
4808
1266
4835
7617
3656
4050
7238
3913
7840
1140
2711
9557
2899
6174
9189
2586
5359
9956
2707
2299
2327
7554
6432
9434
6664
6626
6001
9070
843
7357
5565
1137
1334
8814
1045
1040
1903
6402
271
854
9486
9340
6366
9858
3469
2021
7679
5636
831
1104
3057
5559
7050
3931
6066
3416
2370
5042
2819
3236
4611
4062
8071
1392
8395
1739
5581
978
4483
9079
9975
125
2504
4854
4263
6778
3353
6706
9061
1089
4191
6991
655
6183
1508
1277
5006
449
9537
2950
1888
6263
9273
1016
5944
9700
1387
1597
2798
7098
4168
981
2868
6882
9266
3525
4038
9697
7612
9705
3197
8566
6820
9253
2816
2671
6777
4153
2727
4604
1707
9154
2318
8187
7646
1901
3203
8834
9530
3159
7548
2316
7187
2241
4152
7706
4799
6591
7536
9403
4361
6830
2617
726
9602
6197
8185
9236
4910
6869
2499
7979
562
8538
8209
5508
7608
4708
4189
3726
892
3935
5436
3740
9351
9213
3175
7881
2853
4534
6135
4060
2421
5702
4525
4534
2844
3509
3564
4680
6007
8483
8612
9314
939
2258
6555
5590
9322
7774
9433
91
5173
7991
7840
7646
1480
4143
4182
5970
1719
8943
4737
72
2707
660
7950
4330
2040
2999
894
6225
4550
3530
2526
3638
5562
8477
4465
1333
1721
657
556
1998
2553
3204
8254
5846
4747
3211
2425
1978
568
4062
5025
9795
2487
1388
4480
3125
6009
6511
1044
5633
6705
3787
8934
5339
5667
6544
9400
1846
2632
688
6826
1274
6651
6330
2568
1496
3555
4787
5572
2804
4478
9046
5499
8737
5958
1795
631
5579
1138
6803
5985
9342
396
7532
5200
4980
5946
2783
1682
6219
4508
1391
614
9636
5313
3388
5012
3592
1989
3373
7642
6693
1851
7213
9028
1366
4163
3676
150
5553
9641
6406
3193
9946
6474
6320
1664
9669
787
8654
2613
4121
3799
7666
3701
9823
7389
2464
9109
5498
5908
8204
8368
8624
4180
453
4334
4647
3939
5915
5122
9115
7552
763
6672
875
8895
2763
9097
3395
1186
1473
3908
2196
6880
1886
2475
3104
1940
8040
639
7442
1445
5781
489
5642
7261
6179
7023
1942
7017
1300
6191
4700
6876
3815
1018
9587
8816
1378
1360
1042
1194
4795
2868
2816
8665
5814
5739
8619
9658
4232
6439
6948
9019
715
4234
295
4746
9434
9817
5592
2873
1580
5232
3321
8289
6093
348
9496
2288
9480
7096
4949
5857
417
9687
8642
8726
2622
1418
4371
2244
2262
4383
3924
3882
5906
8919
2378
1391
9296
5042
7153
4312
2838
1610
8757
7043
5267
7560
3117
6212
7505
8518
4337
7865
6519
4146
3996
5515
11
8700
6540
2244
6821
973
5574
6647
8334
7140
7719
3104
7735
1981
8070
5033
4646
6416
9429
4022
955
3876
2053
9903
3969
1934
105
4759
2705
9034
2995
5373
8144
2596
5035
4366
8440
7396
1502
341
1476
8788
2563
7633
1012
1759
8953
3585
8465
2055
7676
9182
234
6003
8342
1269
7965
9827
8594
4848
6722
1058
5436
592
6801
1239
1700
5496
3940
7784
7569
9337
7799
2252
4178
6646
4347
9802
5647
8355
7242
1699
6127
8127
4708
6281
7091
3883
1832
2923
2735
2726
7263
6734
6729
374
3699
6537
5018
5237
989
3117
7361
8326
4363
1791
583
5618
1007
9604
1197
6244
1557
7608
3233
7549
9085
7754
3184
1620
5830
5687
3109
5406
2780
5762
5471
2741
9320
1213
7345
1641
742
5559
3235
592
260
8450
4742
5243
3734
8527
3653
9670
1302
2153
8727
9339
5912
9514
4816
3125
8524
7102
5319
6156
2045
1138
4243
7441
5622
968
3102
39
4724
3979
9564
9852
2567
3497
9764
515
6930
3969
7085
2672
9570
8650
5412
4255
1003
5086
2857
7489
7277
2290
6458
3540
4246
7699
9927
8045
4897
6670
7861
8005
3180
4235
5550
445
2375
9047
7493
527
5784
749
8423
1683
1132
9233
61
3563
9352
5673
7038
828
1757
5768
1538
1817
4474
8343
5249
7757
9803
850
8265
3541
3327
3613
5662
5816
9336
5809
7292
8644
8860
3319
3865
6
9352
5488
3350
1060
1059
94
2563
1115
5792
6371
1714
7361
3342
1396
1843
758
6266
5865
7439
4684
4500
2596
577
7920
7231
8827
3758
2436
7617
7444
4757
5194
2410
7900
9714
239
3970
3235
4364
9441
4811
6632
5182
7502
6454
3757
2659
5499
3889
8375
6634
574
8590
5380
329
9513
4271
9528
6254
5892
5756
2102
5745
9061
2423
632
9077
1134
9959
4700
9197
611
1
3707
4459
4326
838
8022
9411
705
5589
9951
607
6767
1024
5025
1500
3720
908
6589
8449
1256
4546
867
6991
2490
3874
8073
2148
5846
8072
6107
7962
4500
1574
9471
9037
8187
2049
803
5033
6155
3928
2118
8289
7299
7055
5455
9436
128
3322
9582
3194
1507
8100
5390
3125
2990
4944
8355
5699
907
5638
5893
6807
392
2399
8393
4423
7251
124
8665
4696
637
3840
351
1781
4766
4111
8227
6271
5462
8878
1310
7534
5051
1817
9179
6390
8692
4499
521
7765
6689
968
1679
1288
3156
8975
1869
6557
8384
7963
7018
9940
9276
8401
5215
1454
8916
8387
7776
4919
6189
2667
8466
2929
8339
8867
5374
3685
625
225
7856
2014
1771
8481
7564
9185
2267
3594
2222
8964
5959
9506
9468
9744
2620
4765
6922
1265
2313
4929
2506
2522
6650
6149
8270
197
2590
2808
7515
3224
5080
5117
9196
148
2463
9060
3456
8262
2674
2084
6689
2576
8364
341
1874
7282
1327
3034
4452
4770
7344
8299
9765
4331
8175
9584
6949
1569
3858
1642
9718
9794
6957
3228
7472
7112
112
150
4863
796
3100
7330
5786
5588
6067
807
8624
9965
5451
5275
7968
3924
1119
2022
3013
8925
4675
81
7980
6375
7185
8125
2676
6807
3205
9313
8945
704
8033
3771
5533
2229
2542
9191
9644
3157
8336
6125
3754
9893
2964
3013
9443
6011
8056
4277
4638
1174
151
7211
2039
5867
9520
5175
2584
2363
1827
432
1427
8576
4471
7926
558
6598
6906
7495
7916
3606
9622
3483
5092
9229
5581
2986
8464
5116
3201
1422
6501
985
2561
8707
3193
1554
500
8330
1430
6690
9099
509
1433
8683
8823
8637
6103
5955
1143
9671
5885
7180
1899
1685
6899
4219
8298
3264
1660
779
7692
6691
4364
8042
5141
75
2215
1712
8207
8859
6562
1839
6002
2381
328
9846
1059
2658
8523
5744
1510
5913
4021
5770
3953
7758
121
8722
6351
4794
4603
9435
4958
2393
1689
9628
9606
7129
597
6136
9158
6622
7024
8168
3804
4562
3860
3989
9952
8122
8350
8770
3342
4532
3862
1669
2990
9644
2908
8150
354
1549
9089
8448
11
804
143
4309
344
6897
1814
1647
1629
7223
116
4832
2508
915
6224
3898
9090
3977
3668
3227
704
5641
1812
8113
6836
3265
6031
7515
740
2588
7489
3872
1223
2200
8658
3416
3184
9557
8703
1240
4839
4329
5667
8011
7510
1505
4817
9020
5213
5586
241
2033
8034
7870
9268
3441
3864
4737
9510
2581
7563
5163
3424
8092
1686
1592
8134
5561
4337
2539
7139
6951
6074
7225
1343
9629
8174
834
6683
9597
3525
9130
8201
4454
4487
7877
7946
9753
815
9538
8613
3240
7834
7294
4913
2026
2924
7193
2928
5308
3919
5638
4072
7058
953
1771
7566
5434
2857
9961
1185
2369
3437
7573
8193
8095
4852
3829
6138
6126
219
6118
241
4712
1046
7610
2905
1790
6428
2991
9874
3109
1407
7226
2672
5226
7991
9171
5347
55
6795
6122
7080
29
6827
7319
8795
8721
1292
4383
983
6323
9249
7299
6796
3545
9282
1010
4172
5451
7548
6702
322
2104
2021
5260
1967
3190
7258
8277
7122
1414
7255
5178
3107
2485
7537
900
2333
3006
3540
2585
8966
5534
7349
9627
1388
5088
3875
7130
5933
1430
7198
8186
771
9833
3283
2079
8058
7943
8724
6644
8064
9292
5201
8027
4744
3388
8933
1295
9258
5612
8159
5270
5258
7136
3402
7122
4164
8591
2060
6390
6609
3331
4984
3238
3689
1276
5216
6711
9813
8948
7418
9461
255
7021
7053
8916
5417
487
5401
526
102
1885
5185
1834
2921
2143
5334
30
4440
3659
2881
2491
6540
5604
9324
3383
5992
3285
1645
1912
3444
1615
7456
3836
5461
1789
2832
406
2122
297
5426
4339
9525
3943
5727
5946
9316
6783
8428
8081
6796
2568
4039
8844
5777
1056
2511
7265
7828
6696
2320
4119
4266
1740
7338
7181
5476
5376
6286
3895
5376
2006
6165
8466
2524
1565
6124
1897
5906
51
543
1472
2964
2170
2449
6046
1717
9177
69
7224
9842
7001
1677
5431
5580
2576
4124
4603
7298
6203
7754
5034
2751
6643
4740
8273
973
5394
236
7675
8901
1296
516
2703
261
5190
2227
1395
2988
5379
1522
6527
8037
8236
294
4861
1901
2846
8058
8636
9522
6400
1720
8211
395
4532
7524
9026
6798
6028
8292
8084
8834
8585
4528
6130
4178
6638
8146
7697
4121
2947
8986
6379
9824
9078
3697
8907
9442
6459
9592
9730
9097
4660
1693
8774
6247
7196
3560
3210
9122
6222
8456
2697
7212
4403
1061
7436
8334
5975
9218
459
1
6701
9873
1696
8617
7561
1394
1399
4463
459
8746
2738
1065
6940
2476
7016
2184
7424
1126
3053
8989
3580
1307
3981
5864
9425
1000
8242
8591
9798
8693
3430
7576
9508
2955
7602
7844
8010
6652
9012
4407
2913
1331
5103
5016
4698
8825
8012
1505
6612
1393
4559
771
5417
689
2020
1482
3624
6445
4024
1816
8509
4194
9829
8161
8620
8539
6581
1491
8477
3939
5111
8671
3506
5881
3742
4520
52
5145
2407
8999
4730
1580
8643
4793
459
8286
7523
5558
2747
7368
9186
1518
6226
6010
3804
8897
5674
1063
1628
6091
5799
6156
3858
6747
5009
8126
8100
6111
3996
4399
5755
8110
9465
4141
2831
6641
4597
8343
6957
8703
5647
7805
3556
2723
4663
9315
9215
1148
1234
8497
1132
8289
8330
346
7243
5999
3810
1719
7555
6528
600
640
4222
1625
7027
2854
9109
401
8891
1520
6918
3881
7111
9072
6033
5485
258
3472
4306
5221
3815
1471
5161
7368
9260
8866
4950
1278
2267
2985
9343
9631
6026
8991
6132
4062
4844
7661
8825
8572
4337
3356
4146
8618
4248
6164
6014
1278
1621
7142
4522
7697
6158
3795
5239
788
5583
2423
3621
4300
925
9894
2718
4289
9064
3841
4463
8382
1465
5460
3617
1446
6171
1055
4902
1652
134
5647
6559
8972
230
5080
9322
6708
570
1762
5657
8201
2248
9646
3566
2031
2703
5203
4562
6392
3780
2600
6021
2656
5502
8704
1615
6691
3181
286
6213
5740
9252
7667
7096
986
6983
8843
4567
4417
8816
2960
9908
3067
7500
7577
7428
9417
5986
2868
3952
2922
6260
9563
8969
7398
30
85
3336
9335
2779
8540
5667
1253
9254
1350
8812
8893
8222
2834
9716
2045
5539
6689
3372
3694
4205
4111
9132
7486
2269
3212
8172
2714
891
9788
7727
149
6973
7591
5552
7495
4857
269
1317
1460
8161
1482
5936
2039
2206
1554
9653
4795
824
6601
2885
935
6033
9585
1144
4036
5665
4897
4026
3868
732
7679
4604
7088
1408
7546
4843
2021
459
3990
5406
8605
1529
5876
9704
9262
7882
3133
9566
6625
7234
3996
7027
712
4203
3029
8366
2253
6837
2118
4253
5156
6365
6536
5139
2700
5851
7201
9133
3783
53
8586
1986
2483
5057
2264
2808
9972
1288
3946
6339
8432
4102
637
4361
7799
5438
271
6689
9357
2443
366
8298
3126
6241
3612
6408
1197
8241
3298
7145
3920
6747
5102
3765
4411
2574
4922
6404
2799
6939
9626
1929
3519
7240
3986
1324
9959
4960
7634
4534
5882
1703
8367
3717
8742
107
5326
5520
5862
9783
3952
8420
9972
3569
4085
3788
1928
1347
7182
8671
1842
8743
9875
8787
1872
9547
9374
6304
8620
5396
1154
944
2134
3086
7627
4642
6889
1921
691
7421
7452
7296
2862
3266
3095
7579
1251
810
7952
1829
2728
3102
8721
3200
5081
9158
6184
3395
7172
6201
6395
5069
5844
1123
5429
1748
8167
757
1762
8662
5710
197
1459
6625
8610
3142
1150
8862
4925
1395
1477
3783
5612
5637
3057
5641
6719
3588
4122
3909
6905
810
9366
2337
6955
3123
2621
2508
104
1697
2549
5118
3412
3196
9838
3949
862
3686
2059
940
5575
3004
6507
8734
4461
7880
6980
1592
1465
6019
3964
6725
129
3465
3267
3891
2107
5621
7040
874
8576
2779
4870
8909
2968
1828
3490
5449
5319
8292
3860
666
5235
7319
648
1501
6225
106
7136
3872
844
2807
4847
3942
4721
8552
4677
743
2713
7660
8034
5011
4660
1559
6153
5255
8910
2499
6371
2296
4625
1509
5020
3997
791
4699
8270
7113
586
4001
7063
6581
939
7250
3914
2796
5099
9756
6928
6544
4504
3260
328
2235
3143
3144
418
3744
6859
9612
5892
5631
8016
2988
2391
9479
3623
4265
8881
453
3918
5999
6255
4011
9530
7114
4415
5101
4932
2600
1848
4404
8173
8810
9622
9973
4527
4324
1590
8492
3810
2708
5898
6993
3288
6783
4025
3981
4870
6887
2646
9526
1071
8601
9467
1846
7758
6962
7187
3178
4831
1234
3633
6982
7355
1672
848
2198
1183
7517
7975
5839
344
4733
4856
1443
3037
9312
7734
1540
4360
9336
8529
5920
482
1474
8240
5994
6506
8766
9321
2921
6994
4108
5727
4138
375
764
649
7617
9499
8952
8923
9773
3872
3278
4996
4249
7682
9028
3571
2686
5970
8624
4998
3478
635
3104
9024
59
6499
5443
6326
9566
4016
6603
4423
7508
7444
5514
6294
6043
9830
8425
3589
4202
8270
8344
3824
8502
6413
287
290
3249
4071
6451
1464
524
3486
2229
8929
6925
8396
1972
5006
6252
8172
6194
5468
7224
3510
8676
9754
167
3382
7875
9993
7418
7255
2960
2944
4542
4913
2437
7625
9983
7227
2198
5116
3943
8431
8198
4549
2501
378
261
4420
7880
6892
1863
5506
3674
6562
240
4443
5514
6893
2492
8076
9761
4270
3291
9385
2886
5601
6889
6059
5678
9331
492
2949
9515
8642
2742
994
869
4784
7819
2157
2342
9378
508
301
5998
2395
7890
9946
2151
2368
2390
6688
8883
8696
4156
5855
2738
7362
1984
8764
4736
8931
6377
1080
7755
8762
7963
2235
1602
4002
8537
5037
3400
5908
1382
7665
8328
2261
5852
1182
4579
7443
6822
8107
7397
9512
3112
3638
2117
2249
3262
7521
9995
3294
4242
3721
3308
1453
5863
837
5776
5541
2691
4999
4597
6516
1049
1762
3708
501
7604
137
7025
1610
848
2959
7177
6354
7361
4417
9924
8152
1399
5260
6497
2424
8810
1324
7953
5293
3023
5234
5091
8924
4461
497
2095
3047
9
5765
6574
1407
3309
2032
566
377
5351
9026
2404
475
6397
5557
2450
7508
3791
6243
968
5109
9893
2036
7294
6000
2359
5575
3216
4603
5964
9420
7610
5441
8089
4940
6691
2550
9227
3126
8358
4468
4112
1271
9258
2406
3824
9845
3460
1969
4745
2856
947
5866
1095
2198
9993
6296
4611
2521
9417
103
8802
2815
283
7478
3263
6333
6109
4510
8339
2944
5396
5887
8815
3171
704
1288
8556
8694
4381
1219
2842
3697
7861
5675
4981
1221
7155
8282
438
3659
8067
8180
8486
2139
4982
7834
173
7931
9345
715
3752
5442
1924
1853
8280
5496
9816
9012
1687
8860
4290
9645
1622
8273
3412
1850
306
6326
627
1627
7781
3953
4899
7748
953
9079
5086
6000
2087
2538
7651
9218
6974
4592
2187
9252
3871
3692
1720
5215
1652
2619
3654
1749
2721
9341
4355
2526
7603
6253
3195
3309
9828
4495
7371
9406
1969
7957
8871
1630
1619
8559
1784
8103
5449
5261
2365
8711
7367
9185
546
5196
8712
5110
6110
6222
1518
5511
2486
6744
5882
2941
9583
1556
3655
6361
4497
6547
4849
698
4966
9814
5811
6300
8050
2013
9294
2158
4669
137
4885
9165
2172
4223
2453
6082
6701
2411
5234
4196
3025
1870
3229
3132
180
9318
418
884
2663
2025
2125
746
5055
5070
9996
9303
7446
1368
5664
422
9808
1535
2445
7587
8456
1933
3889
6914
856
3698
6241
2121
6312
3780
4735
763
6621
3814
6216
5026
8083
6628
1898
9656
9301
440
2370
6850
1593
7164
6787
3338
8313
3741
291
5591
8076
8649
6927
2987
9827
8661
1471
9817
734
3548
7157
929
4447
7512
4510
5065
2535
3222
5291
5225
9837
1658
2745
2195
9053
7774
5628
8174
4701
1272
8858
4094
7914
8151
2804
2273
5105
9161
9744
9096
9785
4221
913
160
5038
5999
4616
7948
3977
5430
4132
8641
7098
6422
2148
1149
7640
1074
8862
2661
7919
5442
3496
8362
9416
476
4579
7383
3766
3506
6135
5450
4940
4888
2329
4748
7325
929
3642
2031
3147
6421
6089
5187
5041
2385
2825
4629
2508
9643
3837
9604
3556
4415
3535
5841
6184
6699
9312
2082
8327
3828
3321
1667
2667
7683
5232
2443
6896
8096
7207
3606
4099
8729
5439
7364
1093
8367
3674
5085
1055
349
1085
7663
1519
4709
1060
5958
3968
1049
1119
310
8344
5715
906
1656
7258
9250
4427
543
4060
8705
6308
6454
724
4998
3177
8983
3099
9812
5275
6074
7379
1469
4339
9321
3717
5031
4026
7517
3651
2169
3669
9670
8412
1235
8078
6555
9550
3368
4061
76
7413
361
2966
2593
6385
4334
5467
1682
4646
1123
9282
4769
1662
5262
9874
7735
8841
2521
4487
1978
5684
5360
5573
2968
4263
7864
600
3762
7945
9001
1514
7192
958
1242
9310
9709
9424
6904
7786
5927
7515
9410
225
6661
1810
660
9582
4413
5520
4030
6701
6897
9417
1393
6851
6781
8911
6213
7486
6352
8848
7610
6182
1573
7548
3065
6403
9901
3652
1285
9161
922
5902
3348
1694
8746
1909
6004
3500
3070
3389
8860
1169
1606
213
1584
3827
924
2293
3664
5650
9
1287
9534
9190
1255
3298
8170
7303
6741
1073
203
8588
8064
3426
2636
3979
2068
4698
6481
3230
8783
6181
2069
5847
9534
7820
4034
4154
1287
8272
3147
9785
4001
7298
6937
701
1636
3733
800
815
137
3243
782
599
6941
7323
5152
2444
9224
5444
672
362
4388
6380
1950
9762
9932
6994
8010
4859
9922
8769
2428
9142
8717
1909
3120
6527
8174
6184
4401
8671
4909
3909
2225
4767
6645
9886
5634
5607
2040
7961
7204
1188
7456
8245
5243
9095
8948
6794
7612
3226
3107
8911
2181
6015
895
8069
7446
2081
6937
3232
2160
5963
3526
5829
7208
8007
571
2623
4903
9342
8810
6604
9697
2766
56
3349
7585
7547
3882
2954
3581
2460
5564
8363
9035
1126
6365
1988
8400
342
8842
2400
2624
4199
6326
5086
7864
9059
2067
369
6835
806
5344
2305
3580
9886
31
6239
2513
7407
7602
6213
5329
6660
1985
3676
2002
8832
8586
727
2385
2578
2677
1229
455
7606
8355
6068
6420
3063
6147
1769
2346
5779
9104
7164
6601
2424
8587
3559
1122
330
6960
5487
4763
5046
8231
1412
4814
1120
3882
4787
2414
4841
5342
6026
3063
1117
1232
7595
2320
3592
1229
8762
9248
9369
9165
2256
5930
1838
462
3298
4983
559
7977
3484
4799
6439
5234
391
6115
6828
6001
9290
4298
48
5592
4236
8869
5248
5153
9575
2113
3145
7894
8792
1817
5547
2780
355
9654
646
2988
4788
404
7041
8415
8912
5201
7449
6358
1210
5685
598
2900
8289
8265
298
280
9415
8613
6306
394
940
4874
6511
7537
9801
1769
2750
5887
6456
1326
9395
2330
3296
3388
4357
3608
1951
9462
4706
6390
144
6504
2467
7445
2253
9840
6667
578
9950
3820
9849
3664
9870
6880
700
4515
2270
5300
8438
4940
3091
7160
1081
1436
4555
5925
3343
1559
7389
4418
8902
1415
4110
4863
6375
218
9616
8978
6407
9753
2149
75
5815
3829
6241
8038
9638
7248
7838
2349
535
8901
9928
8855
8477
6806
1992
2849
4306
1984
6431
5496
3687
7485
6360
784
1878
7173
7872
3747
451
9986
7073
3817
5153
7087
4473
1345
1777
2811
7658
3818
532
2560
8155
9184
4434
747
5788
166
9811
3944
2391
4700
4763
4763
4993
5533
2211
5884
6831
9688
7378
3568
9974
409
6235
6913
1435
1268
1519
9546
2745
6541
4419
1088
9024
7686
508
8800
42
2998
5591
1873
7082
2338
3685
470
2206
7691
7315
9219
6019
2773
9448
5720
3351
7359
9112
6287
1913
5155
8166
1390
3245
4203
8918
3898
8251
1006
2207
2520
823
1350
3728
2913
1900
8911
1866
9057
4594
1727
7674
5836
2478
5212
7930
1918
6392
4494
8749
4573
88
995
1369
5646
5914
7080
6498
1632
5393
4155
1616
6744
567
9146
322
6282
1361
5079
1180
4018
7841
7003
1484
12
9878
3235
8603
4950
4383
3612
5150
2207
460
8887
4108
2460
4309
6777
2858
4343
2724
3841
9474
6548
7949
9190
6371
3954
8766
9213
177
1386
5041
116
6973
1800
9918
7582
3855
3779
717
8859
9631
3690
5594
8995
2180
572
7985
7904
4132
9972
3689
8005
5450
1520
333
7886
7589
7964
533
7621
540
9472
7763
9550
9120
1107
441
5024
7658
2138
2665
7537
5412
5552
7908
3212
7556
68
2659
3937
3042
8602
4372
2954
5978
3375
7228
2230
6637
7133
907
340
4562
8390
6174
9069
9642
9408
1389
29
4433
6222
5140
9616
2464
3703
3695
2358
2848
6918
9375
2722
1001
7965
1961
4949
6904
4406
4558
2785
6991
5959
5333
6077
8406
4065
2707
1669
6783
8086
8269
3674
7143
3876
4581
9693
9385
7378
9424
8035
4108
3718
4504
7910
9165
6481
7053
2905
727
8584
6166
9061
1918
5504
6901
8260
28
6628
5737
1321
8499
1686
3469
3642
6577
176
9069
3068
3169
3541
3913
5434
1213
1146
8066
3697
5553
4842
5650
1082
5948
3242
3560
4516
7808
8458
6064
6462
8168
452
9634
7039
1673
517
5217
7010
6209
2741
3027
7777
5196
6005
3616
8076
6454
8435
4515
5622
3707
7837
6077
1949
5737
832
9113
4788
8135
6075
2475
9870
5311
5877
9282
4857
1206
7224
6956
4933
2717
4264
4505
5472
7696
7700
2951
815
6251
7288
7372
3595
7533
252
8035
7269
3988
8557
6685
4727
6248
9286
3736
729
5236
1755
2750
2957
9598
4577
8964
2823
440
3005
7171
5420
5599
4968
452
3831
7425
3851
9987
5570
9452
189
470
1943
1633
1606
5703
5826
6087
4511
8045
6178
4539
5913
1241
4701
53
7254
5916
1613
423
4151
9366
59
1582
4995
4425
2166
9291
6017
1900
8992
2843
7395
1467
4438
2226
9791
3484
2585
2663
2587
9277
9118
3337
6564
2616
350
2911
234
2920
4506
9756
908
5958
6496
3793
3515
8204
8035
1261
7854
5914
9113
4272
7250
3303
1734
2269
491
7487
6432
477
7100
4203
3824
8048
9743
2191
9268
6287
2945
332
8339
221
93
1046
382
3116
1875
6671
5135
731
1109
3490
5201
13
7886
8700
4380
1733
2303
8517
5883
6157
8424
5549
9772
8902
9455
7105
5523
6650
2048
4332
555
6157
305
4282
6683
7586
1792
488
7504
3898
5739
9079
2684
2231
6604
8480
3483
3919
399
3729
3438
7275
6338
7429
3735
2223
5864
5266
8447
9828
7945
4268
7959
2577
7162
8039
9161
7417
292
9834
3898
9437
2100
6302
3998
3234
9422
7829
2280
9037
830
1656
3053
9979
8349
1097
9268
1901
6877
6919
8348
8305
5474
6960
265
9804
9356
81
1357
7043
2341
440
8719
3352
8387
5899
6443
193
5466
7489
7878
9957
1009
3389
8252
7264
1072
3884
2583
8486
6963
788
2718
5428
1965
2108
4488
9298
29
1547
4395
8724
9189
4552
6598
1280
8925
7280
7671
6186
3411
8151
2041
8026
9260
8357
8798
7008
9180
1282
7701
1102
4894
7436
4888
8483
2192
1956
5877
6823
7055
8682
6279
6818
1578
9581
3376
9128
1349
7396
1013
751
6541
7066
7686
1873
3122
7332
8009
6988
5670
5870
8802
3207
7649
6260
4000
8800
686
4893
6182
8688
5958
2577
8149
2655
4199
7227
5475
4004
3696
3065
5739
6773
2572
2336
8881
6413
5912
845
6991
619
4979
7494
1040
1319
2433
9695
1064
2495
4588
6825
1983
5328
1735
2660
3657
8337
6768
2053
2019
8888
6738
8867
7019
6064
196
3180
5740
6594
9330
3076
1157
8720
7526
2989
3973
6625
3090
7410
3766
950
220
5677
2227
3371
8710
4553
1783
8425
3658
1473
6963
297
3519
4983
7307
5603
2282
7761
8237
4052
1491
6558
7311
8350
8066
4583
7093
9561
7207
1360
8044
6503
2900
1773
8550
5990
3079
8018
6418
8542
2023
8834
9655
4282
4138
7625
8237
851
7552
6053
3016
