8504
3840
5999
9489
5930
750
424
7971
7284
6805
1774
8543
7896
4246
4990
4797
5380
5117
5763
3856
4819
7421
3324
3508
4479
4088
7788
1366
7012
1756
3211
192
3937
5245
7514
783
1880
8235
7428
627
6805
4304
351
5843
9979
8824
5090
3915
2585
7853
7617
5283
5659
8046
6627
8509
9437
8780
5301
4714
8058
7185
5031
2089
7651
8621
1444
1085
5084
3614
6383
1226
4672
6539
5208
1612
6820
1245
9774
4868
3097
7163
4735
9888
4235
3760
6395
3734
7399
3387
1063
29
9369
9923
3917
7496
7747
8389
5168
8239
4281
7468
9245
6571
6905
411
5869
7838
25
8953
3079
5165
7097
8330
6482
268
9767
3606
8360
4516
7665
6169
5654
7747
4484
7334
6241
5152
8051
4105
6802
5929
5636
8663
8690
6283
7237
1172
945
9389
5852
4401
7023
698
8172
1327
5453
1145
8594
3653
9726
6090
3999
4409
600
8896
7105
1263
4551
4517
3257
9388
4304
2270
5473
4629
5394
605
5607
9641
1144
6189
3906
2087
7259
5661
6678
1613
7061
7692
4978
7919
3905
957
5430
7488
2350
2119
6513
4432
2114
4828
1497
803
5451
9732
7300
1977
7569
7301
3203
1119
3335
9537
159
4177
9136
6269
4283
5194
2670
2569
6153
3146
9365
3536
3689
3378
6223
3870
1771
6079
8792
6153
8069
8257
7834
9277
2241
9175
1747
4184
5870
4985
754
7231
9655
850
2480
5355
2336
8120
9995
1748
2652
2184
4286
4072
3580
2403
348
9255
3922
9839
876
3070
7555
8187
9710
5967
1867
4164
1356
6137
1355
6125
6972
8233
845
5582
4785
7133
8584
8619
2593
8929
5583
7583
8977
1720
7971
1590
8636
3352
8729
6404
3331
9538
7895
6373
4398
540
3623
1314
2080
9661
6814
7852
8841
613
5014
5289
6886
2022
1367
840
5667
4275
4581
6498
5040
9460
435
879
2801
3987
1077
3842
5055
1910
6499
4483
6604
5161
4057
5095
2996
5559
6379
3021
366
101
9222
8919
9746
6091
7698
1219
21
5392
4612
389
7712
2785
2511
868
3535
525
2730
2686
69
8432
8461
3544
4044
2442
3701
373
1914
1723
1815
9458
2847
3678
5281
5500
4555
1519
4220
1999
5980
5322
2494
3213
5893
6690
1195
9575
6971
3178
1628
3274
89
3363
5720
4665
4531
9571
702
6722
151
4318
533
9808
4191
948
7531
6989
8643
8967
3817
9954
5452
5495
8631
5468
8996
9019
4828
876
8520
4670
1838
5980
2895
1220
216
8697
356
8424
6106
305
5023
2452
2921
2186
6259
3371
7719
5165
0
5430
9693
9677
5848
9337
3061
2968
9599
6705
8261
5481
2955
7021
6933
983
7499
7414
2594
7485
8020
6189
5179
5991
3655
4079
4456
7942
430
4935
7738
6848
5845
5888
3341
7495
7557
1781
4811
5108
8459
6600
2778
2752
6328
6091
5781
6463
3474
9006
4761
8777
8903
9269
9445
3526
4513
7285
8885
1045
2277
9740
2168
3290
5334
3146
5388
4402
6790
1199
172
4340
733
3666
704
4133
2370
5836
1762
8920
4246
2799
9073
8944
9872
5942
4766
8532
1203
9018
5252
7422
1499
77
7733
3295
7142
8759
4799
7043
4000
2763
5229
8668
903
5654
3945
9182
733
8435
4400
2038
5372
845
5838
4903
244
4994
9176
2835
4799
1089
9641
4963
2981
2368
8100
2275
7531
2156
1080
3949
4839
2349
4465
2640
4463
3237
875
6029
3359
1430
2658
2141
3256
4109
1909
7490
9622
7583
6905
697
330
3630
6297
8073
7574
7239
8298
5163
2472
5308
253
4405
9389
8217
6462
9605
1815
4885
2426
5270
3497
9911
5117
4082
9791
6370
4073
5797
3850
6959
9314
8841
4505
406
7927
6419
2115
1112
2587
1482
1073
4779
2881
4463
9481
7827
7430
5981
8117
7194
7592
1118
5697
2892
9109
2776
4611
4401
3534
259
4678
9655
4730
2375
1230
5100
1735
7398
7536
8277
7483
6163
7658
2030
457
46
6029
9727
8190
574
7099
4406
8155
3145
4795
4727
1326
579
7866
4733
601
5760
8347
7115
724
56
5679
1348
6525
9158
7840
8947
942
3468
5143
8392
2903
2615
3517
5040
4522
363
8127
6240
3622
1643
7626
8013
2795
6791
9654
3178
6813
4562
5200
8911
3395
8958
6959
1987
6350
7335
2711
6982
3047
8409
9772
5470
5377
9342
4638
5916
9070
392
1827
7593
926
1943
4691
9778
6273
5576
2813
3517
926
9931
1846
1815
8300
6735
3105
8268
1709
5052
986
4530
2859
332
1741
6691
8890
6662
8292
2629
2974
7561
9773
7383
6101
2098
8185
7258
5172
9786
5889
1770
3280
7839
4356
455
8243
6926
7259
4772
1759
9337
7757
9867
4062
490
5294
7931
6583
3748
3282
4000
2701
5554
32
2094
8017
4240
2689
3321
9624
8610
3112
451
376
9492
363
1123
5548
1854
8992
6990
4070
3636
2339
4037
5828
9880
5651
923
2059
9484
8077
5649
2144
2984
2303
9392
1382
4708
3167
9715
7601
1939
84
2190
537
2732
9490
7982
250
7638
467
3663
6344
255
2577
1636
3424
3769
3648
5991
1482
5585
2616
3197
4379
7134
7040
1748
7206
7859
3734
1723
9522
5984
5531
6847
8839
3339
1739
7150
1826
9479
8570
5434
8376
4446
3658
6620
9447
7441
729
6497
440
9704
8071
5318
6801
5384
502
3883
791
4048
1978
2535
9808
7375
527
697
3255
2503
1498
5749
6024
6502
3752
963
6923
5591
6914
9680
6685
2276
3538
6271
8346
85
7584
9856
4296
5066
4741
3883
6220
9536
2288
4426
3679
6612
1078
3840
6283
5122
468
2489
5104
8504
3905
9487
5284
1084
3135
646
9718
2102
9808
6981
2067
5611
6964
9665
5650
4648
2576
8952
138
5159
6363
1415
6435
5537
7363
3064
6041
5232
6061
9692
8717
6832
6840
6113
2263
7201
8562
432
9094
3531
4661
246
615
2943
3546
1756
4356
4166
9389
6709
2163
9497
7456
9811
4208
523
6202
8599
133
8487
9800
6723
2789
7313
8611
9102
3016
9020
6354
8275
1536
7512
7398
8886
7435
8101
403
517
8193
4280
8015
198
5405
937
851
9154
25
2375
3022
7134
8033
1881
2009
5810
6202
3538
7733
3529
7516
3791
3425
4739
7193
6624
9511
2778
9154
7840
5206
7887
4959
1059
458
9376
4555
9644
2535
9289
5939
2888
3269
5091
7203
3242
7445
4797
8193
2180
9842
9638
901
4190
9107
5413
2101
4534
5069
2085
6400
2773
9845
2320
4272
8314
946
1718
6786
5717
3297
6074
9394
2594
1682
9097
2175
2431
8976
2168
5565
4220
7310
5818
9562
8671
9197
8747
6744
8496
5978
2395
2025
7576
6452
6330
4585
7553
4859
6604
7525
2665
68
4042
9433
1641
4537
2117
2903
8780
6797
7239
4948
4559
6589
2488
9228
8980
4642
2569
8886
4818
1379
881
9634
4700
9736
130
4510
3724
1705
7063
1736
8956
1748
2284
6206
9969
1518
3274
7041
2005
3937
4510
7704
9279
5923
740
2321
7489
7255
277
9794
206
8269
9770
2222
3414
7460
3980
1107
2095
3968
1514
3727
2993
7815
934
5715
9679
5269
2253
1344
2061
815
3056
5294
2258
1732
5539
8252
6283
2896
6642
6625
6089
5434
3547
9233
5049
8189
7436
731
111
2836
9354
703
3470
2222
6283
3405
3173
4098
2929
5240
713
684
8323
938
1179
5364
6249
273
7814
7216
2356
8071
5032
7680
1703
8319
2634
823
5430
2251
6734
6025
3834
8363
436
8336
4734
160
3369
8713
7114
9070
156
1419
841
3615
7614
4871
89
8933
966
3211
894
4408
8494
3233
2515
109
4973
4101
2318
2823
7586
9779
4063
4839
1754
6446
7157
9967
2510
3054
6461
709
5244
8193
9928
8243
1792
8098
87
6538
2334
646
1413
9991
2911
755
6834
4030
7814
6011
9928
6979
4990
3095
908
8568
2018
6783
3954
5407
3864
6453
13
9697
8170
1553
786
8312
4131
5255
2312
3767
7507
9861
4910
8137
5359
2104
3848
3366
3112
6942
2632
3682
38
8695
5
8960
6048
9701
2299
213
267
8946
4510
2454
1357
32
7532
4579
3485
1995
5839
925
5673
8395
875
6818
5778
7414
4154
3386
7144
5442
7489
5882
9694
8120
6911
8309
2026
8660
6786
6130
3787
4265
8453
4057
903
9105
7610
5399
7424
7378
7408
3938
579
7533
9105
1206
7709
639
7499
3165
8601
6650
2105
605
2138
8974
7597
6491
4722
3089
5084
381
6573
4222
2566
1101
2829
3737
8736
7706
178
5041
3408
1593
358
7886
2004
2440
5714
9049
1488
7651
1888
8059
5922
1680
6335
5470
2851
6900
1084
9439
1469
5656
3076
8885
4963
9367
3538
6332
3458
1262
854
1146
8306
2790
1813
5026
152
9726
2263
7783
4012
6384
3105
7000
7345
5702
4431
2890
1670
2486
8622
1315
1705
3417
9683
5442
7187
5273
1180
3805
1652
4632
1073
7298
8651
4110
1813
2271
3905
5818
4815
7533
8531
9497
1232
4518
8763
2389
6368
2519
7610
4772
8026
6849
6756
674
8432
1098
5063
3897
2300
2768
9001
780
181
238
6222
2099
3962
7159
3667
1377
2366
1758
7546
3201
2000
3672
8466
9119
1221
746
609
2163
7524
5964
8785
6423
7310
5471
4901
2666
6441
5594
5047
1550
7176
1088
4863
3051
8856
7790
6194
7174
3272
3376
3508
8093
5206
3411
4939
809
7794
5669
8002
8406
4434
5961
454
3326
6402
5270
6273
1617
3445
127
9104
1905
1020
6797
3891
9258
434
1097
4161
9759
4162
1926
6166
4927
5525
7690
6154
6679
2076
6125
9230
3985
7366
6859
8389
4569
622
3876
7549
144
2357
1090
7642
6570
4151
1130
8701
1938
508
8267
9878
4974
5662
212
8979
4285
7714
3810
4067
1404
3941
103
7051
8744
8340
3302
1716
5037
4648
6027
7904
4093
3852
7976
2103
9261
7084
7033
7954
8889
6684
4681
6851
5880
7458
6830
335
1818
9905
6127
3177
6814
595
7333
1501
1775
6626
9871
9349
4014
915
944
299
3804
7087
36
8316
6078
7023
3840
3493
9491
1972
3478
5501
2993
1793
8296
7487
8331
7637
9668
6994
5263
8568
4925
4934
3483
6002
122
8702
5840
4146
6904
7300
5199
7250
9515
2701
6896
405
9617
4011
6450
2521
4583
5785
2572
5615
5990
9622
5442
9507
2901
4097
8148
6794
9874
4301
8688
5512
3754
9505
5751
3676
8965
7871
6428
5768
4816
7230
8345
1200
8354
4279
4908
5966
4528
8553
3711
8336
3644
8377
4197
3679
8647
1977
9616
7420
6503
19
2720
1065
1028
1747
3670
7698
6141
3343
7542
8518
6376
4019
3707
7750
5814
6237
6260
4376
4564
178
2396
936
7070
7483
7495
6956
3070
6015
953
8643
7954
7502
6673
4985
716
4264
4946
729
3602
4376
8434
8448
7062
5024
9947
4409
352
5650
5950
3227
9447
4024
9912
683
2416
7968
2765
943
2941
8936
6513
5153
2726
5282
2118
9116
9076
9204
4575
1238
8922
8974
7106
7145
1631
1369
4364
1727
4166
5209
3151
6730
991
4366
6455
5438
9494
9789
1162
1708
5448
3638
9389
5323
5142
4018
7683
4117
483
2554
2016
7883
1463
7719
6204
822
9766
4945
5668
1436
9499
8614
5226
2970
8637
4458
6252
1812
3636
6309
9714
3014
4517
4622
6865
9526
9112
2930
5916
4073
7179
6080
2075
4174
4991
3828
692
4299
6416
9774
1973
7266
7986
5694
5155
8911
1975
9615
4252
9009
4382
6973
2697
9282
2373
5492
4656
7893
6751
8998
6726
5531
8112
8969
4738
6194
9653
8555
8508
7643
2064
9282
388
3286
497
6613
4559
8860
4049
4576
8091
5017
7288
8360
8788
7652
7630
588
0
2044
5711
9939
6388
7265
3127
1704
8250
7931
12
6815
6842
6219
2059
3219
2709
5357
4571
2653
3328
1046
126
2243
2445
1056
7158
5195
5558
8831
9556
1754
6355
4367
2315
2653
4075
2700
5411
4243
1142
7790
9754
1925
1249
687
4117
6019
1755
2810
9652
7853
2156
6705
99
4794
4070
3787
4268
9736
4211
7048
5082
2881
478
1266
3273
8151
5022
243
3769
5596
6684
9053
2306
4096
8757
410
1233
9399
5707
9600
3568
854
4375
9984
803
9018
169
3196
7551
6662
32
3379
8613
4055
5700
3962
9804
8437
1904
5448
2333
2056
8862
8014
4616
1684
171
8577
67
2627
9305
277
3155
8558
691
4952
8323
8488
3931
3529
2657
1606
3888
5347
8904
7247
2171
8794
8328
3388
8392
1088
1858
5195
7265
2276
3199
790
1638
4504
5553
795
2233
4477
721
5400
6886
9773
6694
6294
3264
3669
4967
862
6615
973
2392
2428
4117
8597
7217
9583
87
4478
7517
3913
3497
1315
7805
3962
7434
2930
156
771
8959
3530
2766
1721
1699
9746
6465
6521
7516
3268
9494
962
5529
724
5609
8883
9607
3585
6587
4674
7523
2695
7457
5318
3658
5455
181
2658
1884
6980
314
9487
5630
7362
3598
468
5791
3052
7896
5333
2243
8202
192
9413
9227
398
1086
6937
6389
4369
7674
9114
3839
5055
3267
9654
2487
7916
8571
3412
8030
1761
6447
3811
3964
1735
5925
1230
5485
8063
7662
4445
8056
139
2522
5451
5328
6493
5179
8528
7523
6122
786
6122
3695
3610
3910
1357
1685
814
3667
4100
7206
5150
4862
7218
9483
383
8919
7066
2177
2414
4663
5975
8464
2604
9065
4521
1228
7797
9381
9149
7556
5822
8247
9959
6744
7947
5214
1455
6248
5994
9473
1205
5352
2047
6764
4274
4863
7357
5960
1500
3695
8238
4056
8854
6511
3855
7439
1010
3075
6891
3552
6740
7677
1715
2269
2436
1517
5430
1073
4207
3220
8051
89
5307
6710
5816
92
6629
1278
8853
4572
4537
6859
4562
8373
8381
8392
4506
7762
9307
6938
9619
8991
5593
8706
5595
8760
7734
9282
3041
3713
6979
221
3004
463
9451
4966
1308
4003
7648
4026
795
7671
5316
1050
3168
6049
3698
7761
2896
5924
4871
4548
5425
2486
1807
2935
5676
7005
7216
5612
5470
9458
7053
38
8348
6839
2088
3772
9664
1460
440
2392
7652
2541
6498
2975
2554
7040
279
4300
2373
7355
9034
1237
1064
9386
1052
9343
2281
8798
5382
4622
9410
3433
738
9588
1444
7397
8311
122
1047
9188
8975
5676
2419
8418
7046
9743
7124
3143
4817
6638
6334
2954
2185
4802
5181
1167
6803
8608
2102
5344
6637
8220
4096
1641
358
3995
7417
4477
7547
1590
102
2903
2618
1690
1483
7211
5925
5836
8131
7162
2420
1291
7181
9156
8663
9262
8147
2152
2903
2300
6488
9143
1432
1674
4397
9287
830
4094
112
643
4952
4643
1105
3552
1165
4950
7138
2826
8657
5692
779
4076
7140
9590
5496
9359
7336
1437
7231
602
1070
4712
5329
3511
8635
5005
3805
4583
5884
947
2283
7147
8323
1413
5836
4371
7628
9219
5787
5524
8449
5587
5792
4706
8469
8885
1489
158
4961
7827
7973
7192
4474
3335
6871
9797
1867
1767
7267
6091
8468
1884
4528
10
8831
6609
330
8821
8010
8806
5563
8398
4758
5715
789
1375
1979
3482
2078
7316
502
661
7241
3399
9104
1023
3245
595
5708
3535
8388
2858
7148
9102
2498
2018
3505
6394
7872
4874
1533
9747
5172
5354
3734
7938
4239
8776
6874
7162
5650
9255
7770
6950
4382
2554
9316
1522
1671
5943
8449
9062
2004
1718
8439
4253
2725
4232
2476
5780
2753
3829
2440
6909
395
9341
5029
3715
2993
7776
7814
8136
8929
2026
785
491
280
934
2106
5621
9753
2803
4974
1858
182
2804
5273
172
5101
1520
8100
9747
274
7242
4014
1930
4389
1132
1542
4059
4976
7132
2578
6522
4112
5457
2991
9446
7341
7870
7334
4316
1031
4956
7815
6214
895
2231
1269
8609
5599
431
5886
7340
8327
6622
2293
8012
8469
5769
5549
620
9232
3552
4004
6962
929
783
8249
525
8319
1303
9500
8122
8966
5927
1041
4214
2818
7571
6673
4142
4014
8263
5661
434
2643
2997
3999
4616
9407
8506
4927
5964
4644
4383
8830
1061
1690
8634
1091
4275
5011
9653
6288
2469
8600
7974
7040
1207
9157
3214
5503
2344
1821
2718
3606
1961
8091
7490
401
6305
3559
6641
351
6046
9666
8397
6101
7671
302
1077
640
2381
6860
9130
3253
1935
307
9535
2358
5084
2186
2153
1668
1298
4114
5446
6284
7734
5395
3530
4447
3245
4802
5444
9889
5399
9083
3919
8958
8395
6161
9556
2852
669
8479
5613
689
3277
9322
6837
90
4841
4933
3083
9940
2082
16
9828
2835
5964
7678
4656
301
5038
4706
1733
1866
1818
2358
8696
4091
1079
7431
539
67
7641
5200
1824
1222
130
3713
2203
9549
9426
6411
4853
4003
5178
5163
3597
112
5919
8657
4905
1567
7977
5709
4250
8637
4699
1141
637
3649
6621
8244
6110
3347
596
1186
3672
4186
964
7324
2887
4261
4796
1152
3534
9493
4911
9144
9203
8678
6851
6192
72
3673
8338
6389
7222
8767
3694
4589
5826
3172
4594
7181
9569
7781
3763
5706
5672
3295
4117
9263
3883
8182
9498
2296
2247
3982
2773
6761
5516
810
6189
191
866
7775
973
5280
4364
2819
8440
209
106
2664
9609
8724
9624
4927
1065
1836
3508
7578
7162
1071
6685
227
2240
6406
5495
6546
8512
1556
4555
8543
9760
465
5050
5988
6653
6786
5010
4718
8476
6150
1594
2880
1896
5999
7703
8212
9258
5083
3921
5615
1335
5967
2960
7040
9619
9823
6128
5221
243
1388
2131
3593
8576
7050
7701
7326
1879
9277
8091
3203
1534
6320
405
290
3089
1073
5747
2073
7466
3756
1859
5730
1359
1186
5928
2177
4070
3222
582
4042
2323
2501
2714
1101
3058
9535
5175
6719
9455
9766
8251
7910
258
8834
7424
8880
9
7358
7118
5569
4254
7235
2941
8551
1160
1454
6792
11
221
6769
8526
1495
7652
4835
1027
8766
5704
2628
3539
7453
7753
2642
7926
6492
2701
689
3118
4416
3524
4170
701
1744
1353
7875
9668
114
2260
3783
5094
7810
2284
7121
2524
9614
8682
410
1265
6161
6616
8845
9645
5866
745
2276
6143
9880
1250
3313
9860
6484
3638
4330
3524
523
7375
8113
9291
39
1720
4351
3301
8889
9032
2333
4947
8021
5560
3775
5066
8745
3814
9197
8682
7579
1314
511
4108
4127
5333
5157
4293
1922
6962
3920
3047
9109
1957
6609
2727
4841
9112
1995
9785
7588
8868
5767
311
494
3924
5525
3441
3563
996
9241
1534
9636
5337
857
8576
9572
2555
5986
2390
6156
8525
2258
8795
1459
1774
534
5947
8078
3975
3088
4278
1672
3300
2628
1213
1886
5232
7071
3690
4362
104
6773
4972
9577
5394
8374
6479
4571
4551
92
1722
2279
5147
4147
3650
8776
4030
2309
4300
1032
5834
2897
3600
7496
1580
791
9689
7577
4992
5651
6760
3930
2134
1236
9897
7854
5249
856
8157
6681
7629
5798
7366
3447
3968
7751
6385
3801
2073
4369
3902
4957
3061
7394
7851
5304
1857
7077
9470
2451
4346
6116
529
9248
2880
187
5112
2455
6665
7605
2910
2049
9890
2005
8669
3008
783
9218
4669
8697
4708
4736
2179
79
6876
6263
7947
7293
4310
530
2721
7696
6016
8375
9752
5871
1404
3006
5501
2408
639
1119
7622
9432
424
5612
9652
6198
2590
3992
2136
4028
1282
4131
210
2515
5139
7044
9972
5802
1872
7490
9557
4548
8088
670
1121
4187
717
7072
8446
7140
5559
4748
3113
2545
1477
1393
271
9564
4527
9342
4056
6871
7767
4977
2189
7133
9517
1550
5338
628
3745
968
9215
1266
9444
2287
5936
6665
8487
2950
3820
6481
7893
5023
9099
560
7965
9094
3073
5480
87
8039
6111
4477
8615
3692
1416
5489
3263
8823
2353
1054
5567
3576
9538
6112
9384
4668
5993
4268
783
9459
5758
9345
8989
3468
528
9770
898
6767
846
860
8425
5142
7315
4370
3255
9337
8824
6195
1549
2133
4541
1469
1550
3944
4467
1792
9850
5611
6144
5753
3256
332
9877
2937
626
6055
3340
4210
6538
6609
9531
3678
6827
5121
9686
939
9178
5692
6129
8471
7819
4395
8482
3588
8672
7498
2549
2264
5468
9295
2905
9651
2534
9941
5928
9822
5865
6469
7140
5693
5544
4320
3068
3680
8383
9243
2878
6572
4388
488
2470
832
5405
4925
3941
6855
9211
8979
3453
8170
6083
4668
2440
7375
5054
3314
6713
7266
9590
8905
5402
94
8929
2048
9044
9959
3066
1417
6509
7527
2666
9026
268
1204
9750
5439
680
7083
2610
2966
9150
3003
883
1559
1761
9952
8802
6038
8908
5402
2461
9270
4483
2921
359
132
6152
2728
2128
5373
5689
7059
8191
5885
4566
278
4955
8325
9456
7987
2041
6952
6749
7775
7712
6082
376
3994
7224
7766
2870
2250
913
4978
163
9507
6080
6081
5275
7477
1428
8413
2357
6913
4871
1838
1465
9129
8224
2404
641
6371
309
8909
8702
1818
3981
5539
4082
9538
372
9941
1498
3782
2455
5840
1103
9759
4959
9770
6850
515
9852
8251
4404
7031
8678
4393
8408
4546
2280
2718
7840
208
3145
6456
1956
1408
6287
9901
273
6171
9160
4424
4573
7329
2419
2613
4425
370
3321
3860
7392
2421
7594
8317
9676
6201
5505
7185
6136
5909
1097
5113
7375
2126
7385
1342
9891
7909
5402
5492
7978
4682
4298
1059
1203
33
2361
8659
7270
2527
9905
7859
6762
4641
8595
9798
448
9273
2971
3820
1676
5191
8181
248
2772
7680
1001
9299
2384
1981
7266
796
4001
9698
9949
6825
1391
2393
8157
1711
3307
2362
4795
5515
6483
1290
5546
4843
9268
750
9641
8795
8409
4042
9937
639
7809
6330
718
6970
4879
5675
987
8921
1211
9735
2198
3120
7478
6860
5154
3470
2378
7976
9291
8559
4208
1395
2821
7326
5147
8441
9949
1125
3522
1299
3473
3491
4571
720
5259
5976
6659
3045
4856
1248
1738
6350
4007
6505
2939
9775
5725
6595
1465
9197
9750
6612
9236
8114
902
3141
6651
7280
9245
8556
5372
5557
3128
3846
8311
5143
8756
6881
704
3357
6542
7859
5283
3402
390
5707
1058
4695
8466
8466
9722
139
7903
3309
6068
6617
626
626
2503
8615
8188
9077
9866
1126
1324
3406
823
4067
4382
8408
1932
121
4945
7272
1387
8256
7495
6536
6369
4470
7093
703
4019
5576
3258
4127
2532
5310
2573
2411
6515
8704
5503
2211
5121
9865
959
8029
7121
3495
28
6562
4312
7995
3525
1058
3972
2147
4476
6836
1497
8369
9098
8975
1126
9976
9276
9486
8775
1123
8026
3747
851
7298
1848
5579
8661
8161
3078
777
3320
6039
1378
882
8955
3880
1645
5189
2692
2359
7531
6661
7600
1596
1396
2212
8649
2238
4327
493
6241
6381
7919
4014
2667
814
285
3265
185
2628
3252
933
8639
1527
2564
478
6726
4004
4687
6149
1005
8289
1303
5501
7498
8091
3032
3060
9903
7694
7378
2673
2919
3392
4158
2144
5567
7498
7729
6616
2417
2692
5119
454
5100
4972
9623
967
7120
3299
285
2007
1189
8372
5973
1361
7931
194
4874
1377
235
1085
5742
5038
8701
6832
8940
3198
7955
1642
6777
501
98
7318
1689
6270
3089
4666
5182
2964
3546
3609
2523
7309
1358
7125
4551
8644
1685
7941
1773
7089
8243
7870
1089
1735
534
5873
1980
2635
8091
8017
280
5644
3536
9695
1111
6498
8276
1156
2301
5927
3115
4186
367
1181
9550
1415
4915
5051
9791
3463
3607
1624
9242
165
349
4450
7686
5862
6548
4442
2395
2675
9938
2768
6654
4033
3853
7911
1688
9182
489
8277
5
8185
395
8298
3463
4015
5693
3770
8171
2318
6890
6808
3763
3591
5817
1968
4227
5029
1654
8721
5863
3829
1291
7414
1361
9521
9743
7312
2897
6844
7221
1810
3324
3340
261
2120
8895
6383
5943
6436
5181
4380
7163
6950
9124
5224
2726
504
8654
3697
6695
5011
1267
5578
9896
4674
4652
9219
3728
6881
7314
3140
693
4257
8693
5926
3614
2891
5033
6974
8695
2334
3738
1671
2766
1079
3312
8810
9802
1996
9117
6637
9419
485
9524
9014
5916
2839
4740
8554
8789
1662
3889
7319
6317
7095
8772
1610
1165
8711
9128
525
3808
3771
3254
5873
8566
9310
5595
3796
9048
9648
6596
6046
7414
8473
9660
6990
7883
1434
9916
3612
274
3723
5969
7435
1618
5959
8332
1357
3333
5153
5330
178
2806
8641
9940
9007
1081
4782
3097
1607
2148
7802
8262
4953
2795
7269
4672
6261
8650
990
5497
5244
7387
221
9862
5427
8647
8198
2993
4339
5385
1467
5722
577
8446
6450
3272
7445
3417
2429
6798
5753
6115
6204
8808
432
7711
8315
500
2480
5916
3561
6334
7437
2451
3671
5620
7620
208
4792
6024
5777
7694
8987
932
7437
9083
2354
7047
1911
9035
3439
2558
1070
3656
5098
2766
4424
1286
8449
893
1618
9413
8493
8224
7173
1919
2476
2815
4465
4418
1296
3397
6377
9416
3412
3764
7162
9537
8438
4021
5289
738
6422
7100
5704
7511
121
5866
8005
8196
1402
7277
5056
89
1774
3938
9222
4212
1778
6779
6766
2256
7620
5963
1296
4714
234
9821
221
1349
9218
5141
5471
6596
5224
4430
3325
2084
3421
9971
1499
8812
650
8985
1228
6765
641
5577
3509
7411
6444
6060
2784
3454
8709
1775
5161
4042
3105
8325
9161
3049
6282
2236
6140
275
727
4503
9825
1748
1066
2571
7102
852
9766
9430
2701
1140
810
7769
5527
9459
4383
6822
1003
8080
6778
2692
2154
9850
750
3567
259
3603
4449
8125
8822
1012
4713
4092
5655
1162
195
7158
49
830
1280
7222
9797
4866
1677
4485
8366
7942
1053
1165
4721
2811
6197
9375
6614
1007
5059
5743
7229
8567
6124
6541
8400
3403
6897
8143
9139
7546
7997
4393
3242
7023
3182
7711
6008
8619
9677
2241
1583
3458
652
7797
7720
3842
1003
2451
4240
4349
5030
5001
5742
8343
6223
7583
9901
1419
4835
6037
4346
6857
2188
2504
412
8586
5683
403
3610
404
5023
1378
6013
8920
382
3106
9860
9897
8463
8293
5582
9527
938
7697
3640
5769
7181
408
6866
1306
9715
9282
7360
1914
6963
9302
1802
7125
6435
1400
6592
6928
1062
3724
3790
9615
5865
6216
232
8228
918
2856
2818
6403
3411
2219
4799
2017
7243
3083
3812
3290
2438
9514
7927
1729
1399
4248
281
6178
3442
2528
9070
6787
4440
226
2421
6618
1520
8220
1192
1784
2740
7425
1666
4787
6389
9723
6679
5473
4236
2509
7445
5824
8158
6993
453
8194
6027
1441
6190
454
5476
3729
3846
2258
9638
9433
2181
4476
3847
2688
3337
6408
1788
2419
4688
2268
517
8086
3525
7999
1813
8801
4810
8511
3009
6828
1310
7618
9157
1589
987
3925
4653
5790
1998
9248
9735
532
4996
5914
6979
233
8910
8392
707
275
5137
8033
5829
7118
1373
3342
8346
4204
999
1341
1986
1917
6308
9620
5830
1257
4101
370
3810
9034
5178
8561
5181
887
2852
6328
2070
2587
3324
1245
3533
7461
5033
1944
5691
7000
3169
2930
3822
4706
4736
8956
1717
6329
30
8172
9365
273
5744
8194
2518
8715
6237
7210
3389
9896
5947
7066
726
7211
2277
3626
4845
5436
5532
4195
3802
5272
7592
48
8455
6182
7176
1105
878
9173
4365
943
932
8176
9408
5930
1421
3652
2699
7261
2698
1928
8603
3907
9558
5755
9008
1907
712
5340
3294
8471
7861
690
3507
571
9286
2300
2229
2848
4418
7011
5271
3360
4424
715
2216
5659
3323
7928
8425
8512
6201
2894
1145
2568
2426
5888
6063
9437
5698
5274
210
1096
4419
3755
8008
4919
1218
601
5498
4461
1907
8536
624
8403
308
2550
6590
5244
2852
5837
4474
7751
8190
348
2377
7645
166
9807
5446
1370
2606
4010
5358
2729
3205
1397
90
4552
7917
7633
9338
5691
1463
6025
4395
172
4765
3
8949
352
9916
3526
1939
9956
1277
2758
8015
2102
1646
6794
7881
9728
9233
1887
6660
656
8064
4821
734
8867
2556
1319
1946
1471
8737
9992
4636
2240
4167
4745
1616
4346
5384
247
3847
1629
4377
4081
7839
7495
5014
3543
4909
5907
8671
5310
4906
7263
9129
3136
9448
4875
7490
4272
9855
7517
7829
9691
3320
4370
7542
8202
1636
4335
1626
9012
6330
2405
3254
2080
7981
275
275
7576
7398
7061
1339
4906
1938
875
9011
9320
2746
4452
9300
7855
3643
89
9031
4916
2690
4838
2621
3386
1030
6963
2456
2385
9809
6913
8154
1016
3692
3295
7592
1139
8775
2652
8554
9047
6610
8311
2818
3874
9914
5315
8182
5433
4099
1046
9564
9193
5230
1248
1633
5694
2200
233
6037
2146
5791
4099
3175
5373
5362
4335
5849
1834
8196
1211
7007
8331
3148
4265
9482
4323
7996
4155
8107
6497
4555
5306
2774
5212
8385
8709
1621
9098
7359
1558
7317
443
2745
4913
1793
4306
7025
6183
8010
6435
7617
7271
5728
823
2821
3347
7039
8749
6898
9856
4168
6076
8135
8999
2219
2467
6543
1912
862
2385
1471
8191
8845
6704
2178
9343
1422
2539
9759
3738
8495
625
1507
5810
3007
6514
9649
6250
4501
5318
2659
5094
2449
7037
9291
3681
1501
5377
5882
6462
2512
8087
5436
1990
6511
6037
3791
9919
464
5757
9454
9021
4524
839
8574
5106
7568
8878
5892
338
4161
4880
3648
978
9785
1321
379
5838
9938
5369
8376
2217
3534
7681
6442
4815
9217
7854
6242
4583
3468
8668
3123
5092
5142
5819
6261
2379
5240
111
9825
7182
3190
4849
2239
6295
4293
2995
2394
7840
1149
5345
7709
9663
3437
5011
5981
7312
2518
4223
4290
8842
7013
1211
8642
7747
6784
256
1724
1615
9867
8202
4926
7108
3783
2764
6580
9801
7545
1312
3582
6909
2067
1740
700
9923
8417
6928
4776
5611
4305
9388
8832
6220
6400
2975
1263
6254
2877
4378
1928
1492
4189
9298
9710
7158
26
4644
6066
3469
1160
3699
1257
1063
3110
6142
8889
4282
7069
6621
4689
6021
953
8889
9682
5426
4016
1163
5326
920
6467
5756
1164
8989
4145
1100
7092
8777
4931
8447
6925
1605
6935
8753
9616
242
5948
42
4681
6407
1510
8749
9290
7506
895
7274
3948
6623
8379
420
9091
5926
4038
4348
4044
8639
2204
8844
8870
1617
676
5136
9738
5399
3146
9166
3592
3604
5255
8198
2111
5022
5600
7269
1289
4981
4088
3524
3489
4423
8627
4317
306
9244
6952
3277
5917
172
9521
3125
7142
8001
7266
266
588
7799
2500
1005
1395
8335
6173
4309
9600
1987
7502
1416
7936
4052
8089
7769
821
6463
9692
5179
3950
3102
4094
147
3346
8154
9013
3147
5321
5278
8722
8595
1447
6775
42
2114
4870
1816
5761
1531
5439
5291
3125
5323
8564
6433
3524
318
317
7626
5500
977
4237
4239
1181
6930
1888
8252
9964
6275
1491
9772
3351
7438
7968
5965
816
6739
6773
9075
7448
6252
7024
2168
9305
6609
4697
1537
2671
1031
2444
1740
4852
1380
4449
8485
9512
8494
7706
2663
2602
8545
4184
9567
2373
7647
1786
173
3833
5617
8564
8996
4068
9532
8360
6065
573
4143
6883
9560
8237
1001
9782
9865
8875
2887
912
8642
3155
5115
5540
1358
3394
8648
8620
4299
1680
9562
7530
7305
2154
1618
7831
3934
4714
5327
7658
7495
4854
9368
9510
5193
787
6470
416
6054
2899
1103
1148
7642
162
5517
4035
8837
184
1117
1715
7427
2076
2115
8115
2471
2102
3290
8113
3623
3823
969
5915
1328
8968
3025
9638
3913
1779
4932
526
518
8273
7632
3466
5955
1273
2952
5787
8464
7234
2163
6737
8220
8877
1501
4618
8506
4818
1372
6472
8833
550
3486
5582
3503
1302
7326
8279
4301
7010
9941
3410
5805
4841
5997
5326
6015
9004
9104
5566
9604
5506
8111
250
3514
4584
4766
5378
7718
4242
6877
4398
8384
6611
1010
2919
2408
7125
5410
412
102
9445
8110
4066
383
9694
2058
5836
4564
9760
4681
5026
580
157
6740
4241
4721
9152
2009
5087
7360
5802
9296
6473
6858
5354
6249
5979
512
9992
3425
3675
7515
3263
7396
7490
7937
2133
1692
1496
244
1736
5943
4763
3492
5158
2039
5948
9893
1449
2690
2294
2667
6685
154
7771
5649
1183
3287
5325
650
6741
3536
2134
9502
948
2281
6997
7718
7601
7559
6198
7219
9368
6158
8268
9321
9458
8091
6509
3865
4663
1374
2298
9163
2480
2910
4553
6490
4679
1041
4850
8106
5997
5091
7922
7093
3352
8371
6399
3314
535
7598
2585
8647
9236
2995
1481
2309
9589
6629
4617
4402
9374
9455
4816
1461
8102
4689
9112
3849
9956
8153
7213
8164
4615
7533
6068
1362
1167
229
309
8826
8891
3557
9431
4274
9680
4488
1399
4510
1922
3592
1700
8180
3154
2682
4330
7803
501
1527
4250
1554
4892
6436
1266
4989
7749
6067
5422
5097
7358
3218
7354
6289
3121
4898
5090
729
6336
2706
9465
552
2190
2873
3043
1827
9720
67
9679
2051
1998
4627
4628
9240
66
2918
3974
4088
5916
8
3605
4336
5591
3056
3411
4027
1292
2726
2256
4992
9753
9637
6724
4453
2077
7436
4904
9282
9202
3182
4689
4929
8
9193
7865
3025
5978
3268
5260
697
8399
7409
8173
6745
2464
4898
6803
6253
9601
9111
675
6779
4205
6310
5515
4779
9298
324
9463
7734
2438
3199
2388
3655
7381
622
5087
7759
8040
5584
5593
8101
5524
6145
5322
7177
9244
9195
2574
6425
6323
889
2112
717
1426
5895
5762
893
4882
9269
5766
819
4615
7370
9452
27
3594
2326
5817
9047
8081
7455
9200
7278
8092
8445
9408
2900
8351
9793
5209
9029
9271
6272
7739
3659
4587
861
5918
6736
8401
4964
1192
3229
1049
8788
3406
400
346
3748
7850
8604
9031
3254
4485
266
1230
9176
4594
7630
3005
679
7591
645
6817
6766
8712
841
9900
6125
3906
4759
3106
8341
8929
9624
7857
4639
8046
6011
1514
828
4056
7620
7072
3879
2909
6477
4444
6759
838
1722
5258
6737
3821
6603
4052
4602
4715
8123
7658
3417
6498
5494
8202
571
9620
7911
1105
7616
8095
4254
2110
3955
1573
7921
9663
1336
5068
8266
2443
7709
4830
2110
5307
2211
6638
9773
6293
54
5560
2261
9815
2471
3155
7409
8189
7611
5367
4943
8975
8780
6677
9359
649
9309
9703
5736
8328
4683
5108
8644
8526
3807
7984
6508
6611
9648
7630
3982
5016
4278
5347
778
4441
7193
2761
9565
3118
5576
1548
3748
637
6149
2836
7794
8768
9453
8304
7852
9087
1894
3419
4466
618
6673
6670
7368
2982
4670
9346
4979
7361
5695
7920
3519
5762
8661
9543
9148
1202
7958
3704
3306
8145
1105
9169
8345
3303
8264
3125
6595
4120
2139
4821
2693
7987
8486
5725
104
3495
272
8429
8862
4547
932
1106
2040
6488
7565
4465
1813
5164
2731
479
5268
4094
3346
9504
3418
9266
2401
826
2863
952
7504
3269
387
1549
3762
8929
2942
7485
4250
660
7925
5618
4730
5215
7033
2078
9831
4987
9593
2834
9528
9733
3223
537
7182
7636
4056
4340
2525
9859
9621
162
5255
2879
3183
4859
922
8158
5519
9113
4400
1482
9500
4692
8181
2761
1701
2824
1814
5706
7982
5814
1316
718
8903
5428
9207
3409
9832
5217
1055
6580
745
4393
2246
1944
1133
449
4914
328
6399
1216
9542
6675
2213
6235
6744
4469
7761
587
8541
4658
6119
7116
7761
2254
9992
4917
1779
2428
572
2751
1564
4512
447
3875
8928
6915
1154
2389
1517
3139
6626
6839
2784
9460
4310
2907
5656
9207
2929
1449
2482
9558
7896
3225
3219
489
4062
7630
2468
536
5786
3408
935
6013
1578
2419
88
68
8849
537
5279
371
4908
5569
8850
2208
322
3322
4296
9124
7257
8568
9944
7946
646
2289
1967
2659
2220
341
8368
985
4982
2376
5173
1806
5455
8174
6020
4688
7630
5489
9262
1387
5184
1090
1889
4588
1565
4122
6060
2622
5549
5403
9763
6323
9459
3224
616
6911
5239
3869
7321
6372
7442
141
3258
1846
3266
4726
6887
7451
8158
5347
3819
8433
7715
9070
2751
7387
524
9279
5434
4169
3216
9270
4214
4948
2613
1761
1427
8003
3043
8346
4005
5020
2084
6240
2889
8650
3591
9793
5637
6440
739
337
7197
2727
9721
9913
1217
3458
4466
63
5027
4651
919
7853
3975
9057
6272
2945
5636
4593
1268
9793
5639
374
7583
2856
8870
191
4210
9665
5058
8251
6851
5615
8805
8227
485
9959
6875
9876
5651
6812
1710
8679
8998
2516
7193
4671
295
8683
2142
7823
7533
2404
5251
9429
8119
2743
5142
9719
9078
7596
8786
6264
5634
9347
7018
663
9789
9437
2241
3701
9012
3146
9996
7857
7041
3632
4368
7297
1566
9044
805
5135
1956
2025
2812
9454
8449
8066
9453
695
5128
6181
7400
3284
4914
7887
6941
2360
6899
5214
9000
6938
4536
1982
4404
60
5947
3523
992
3340
2889
6848
2862
7270
4795
3699
7576
3059
6352
2637
9918
403
8700
9089
9418
4531
4377
3543
3653
8682
1260
7470
2018
2518
9955
4924
1896
1022
8906
3443
7885
8051
1292
9523
3245
2136
9159
1221
1802
7787
8184
6683
2333
5023
9094
2194
891
4183
8922
5921
5284
1329
8332
9537
6356
7597
5305
9816
7884
6521
144
3443
9163
4426
6364
4384
1909
8457
1787
7942
5814
391
1678
5281
3024
7039
9049
6893
7327
9319
8506
8415
8990
2065
2406
1531
3123
4228
7791
9909
5845
5122
834
3575
7086
6758
3532
7404
587
7933
1597
1575
6208
5774
2788
2835
5272
9638
8698
5527
1386
6708
8300
8421
1240
9902
111
9856
9137
6526
5944
120
6838
4093
8307
8116
8186
2427
7377
2826
4082
1768
2655
1085
2684
481
1681
2036
2924
1562
1037
3443
2896
4180
8036
7160
7333
1420
9131
3333
852
2384
1128
5029
68
4110
3241
988
4387
1051
9757
7087
6047
8541
7750
9341
7086
7206
1686
5481
7693
9757
7094
1413
6534
2139
2486
5916
4426
6174
2078
604
6798
1677
3059
1263
515
9977
2854
6917
6349
3772
3638
2639
6597
5378
1670
666
7418
8576
3064
7861
8242
853
1801
2929
9934
8699
5846
5669
7307
7258
3820
9579
8629
2794
5374
9739
6662
6354
8559
1201
4508
2594
6063
9853
3465
2345
2498
5927
6900
7220
9612
1885
4588
4900
8745
4427
4061
4171
7129
9366
2267
9650
8424
3685
9867
938
9676
5932
3537
5037
4087
5094
1524
9728
4253
1406
9582
8392
7087
5226
8816
2421
8182
1125
9010
8751
8203
4168
1303
6316
2162
4884
79
3596
8744
1918
2438
2993
8817
7
442
9006
772
9799
3241
9018
5315
2982
6905
8625
1841
4599
5458
8584
360
113
7686
9131
4995
4042
8400
1316
374
8867
3546
1306
1966
4762
6184
6052
3122
5920
1154
2616
6136
2552
112
1829
21
8344
2077
2185
2268
9248
5694
8400
2344
3380
6940
746
4213
1671
9116
7527
4408
3958
8496
577
7678
7678
8999
4262
434
9435
8831
5857
9512
7550
6315
5828
3847
1545
7519
8884
4068
9978
2040
8769
9673
3379
2121
1265
5828
9330
6208
1032
5467
1378
5831
2549
270
7628
7238
8396
53
5115
1749
1915
2856
843
5695
5660
2894
3501
6115
1718
1356
746
5412
4128
4879
8289
4720
5107
821
4799
7598
7771
4326
7962
6192
5434
1952
6234
2968
5625
2256
5877
3479
5292
6828
7381
8097
4624
1788
3943
7676
35
9946
5635
1270
9824
8927
3427
4838
6806
3484
7282
6571
2052
3338
5715
34
2516
937
7851
3523
8369
757
1516
394
4982
4647
9183
5219
4
1752
444
894
7759
3168
4377
1555
5606
6508
5933
3647
349
9709
5248
1452
5161
7901
289
4078
6935
5773
7923
4106
7817
3594
741
9137
8206
4047
6733
3226
3181
2531
5520
4238
7550
3826
8112
6253
5509
7962
8594
4030
8219
7932
2043
4835
5883
4322
344
3179
4390
6720
5318
6353
2996
2355
6644
1297
9208
1590
5027
5003
558
5443
1750
576
1907
9510
2748
6169
3393
7629
8024
9336
886
6876
5321
3254
6544
1598
6651
331
9927
6805
7641
891
8983
1586
9324
8990
9544
7664
8245
4440
1035
2987
1331
2631
3988
2142
9986
5324
8399
7066
5360
6656
9632
5954
7757
8151
955
5267
7486
3026
5340
9922
5118
6798
8901
5741
2082
5882
2498
6675
6503
3207
7257
8623
9051
8392
6051
6431
2164
3736
1586
228
7809
7402
1727
8946
1707
940
3409
2215
5655
6821
5259
5081
3819
9517
4114
2647
3690
2652
5337
5201
2046
3194
3148
9476
5233
9238
9510
7149
5720
2418
8847
9743
6349
6875
9749
208
5975
9367
3109
4029
7208
4423
5606
7582
147
2972
9971
4389
3415
1654
291
3471
1165
8615
8055
2029
8458
8966
3679
3420
3057
5231
9465
1632
4281
183
6903
7808
3813
4318
8827
8602
4630
5517
7090
935
5610
2031
3515
5785
1182
492
8771
8449
8264
1200
2718
5214
1770
939
5875
3599
3843
2001
2964
9226
4648
3633
5673
7429
3978
9811
7112
4753
644
347
259
1222
5572
2682
1215
6633
3187
3859
2556
7531
243
1275
7125
6491
6084
8842
3990
940
7554
8510
4997
9185
255
6942
9631
500
8425
5196
4368
630
2023
4036
7341
7504
981
1745
418
3177
2778
4399
9043
3856
5730
6523
1265
1673
2493
1094
2300
5253
1795
3144
7999
4009
6338
4562
8589
9313
357
8652
1669
5949
2259
3724
116
5737
3266
6056
3656
9947
8422
4419
2637
9526
8281
2163
8582
5979
9880
628
5033
5231
1736
9605
7367
295
2996
7823
678
7439
2564
310
9677
4491
8699
1976
2940
6837
2077
371
6678
3413
9771
5811
9260
3951
4429
2345
9623
8837
3322
6439
5057
2429
9111
1687
5792
8894
7578
796
2112
7956
8809
4800
1820
8547
5844
1116
729
4615
8092
966
9199
9642
1759
3525
6069
3887
161
2944
2040
6140
1447
6164
3159
4837
1379
2228
4190
7170
3176
7771
4942
610
1865
4221
7573
5385
4866
9243
3983
1509
546
3493
9512
254
1252
8186
6172
8604
3320
299
9838
1907
6339
5710
2321
1289
3152
1551
790
8696
8017
0
7907
6798
8246
2560
6716
5793
360
954
5121
1473
1459
1124
4516
6726
5390
4040
3957
2008
7960
4752
860
4574
9697
5322
9874
7230
1442
9947
1276
4098
7322
6768
7988
780
2422
2175
7334
6400
9547
556
5509
7968
2963
6824
9015
5941
4370
8739
8132
1928
4613
242
694
3505
7078
8364
1949
4967
3165
6958
2626
4758
8758
2063
1398
5999
4763
893
6550
9481
1407
2694
6493
8981
2135
6035
8678
5727
3076
8574
7260
4464
3457
4245
1297
2145
6373
2759
3111
810
2822
6571
3422
7656
1307
9232
7163
4813
8283
4830
6081
8432
2039
4651
7486
918
7985
7962
3077
825
7288
2734
8419
3604
9761
4461
4144
321
36
559
3684
5625
6079
982
7844
9547
5835
7591
1912
6152
7225
6294
8506
730
6184
3232
3596
8581
3383
4561
6166
6134
8609
5703
8348
6040
6810
1502
808
5077
9652
297
8617
3353
830
5682
2487
9458
1914
7017
9953
5652
4314
233
1189
3722
7798
8856
3820
2135
8060
9069
6719
1210
8564
1515
1370
1119
8271
6444
3596
8898
7788
2873
5928
6462
3206
3237
8763
5924
1758
5434
8330
9127
6464
6587
8215
5332
4900
9640
5263
2991
7492
6704
4436
3929
3301
7921
3458
9774
7236
8843
8080
4442
4190
1986
5750
8540
1067
8258
9877
6306
8504
9693
566
8628
784
9424
7139
2061
7127
7284
1452
1139
5699
6799
600
8104
4631
1451
8473
1161
6461
3391
4873
9635
9135
2697
1654
5590
6098
6605
9736
8978
815
5703
5643
8078
927
5628
4830
7
5795
1999
5846
2341
3789
751
639
7562
6271
3341
8785
1107
7166
6908
3163
6433
4786
5473
1630
7169
669
2138
1032
295
9109
8427
9180
2442
8192
4835
2459
5208
3835
3709
4849
426
4311
5858
7710
5939
64
956
1727
7330
3499
5862
9032
758
988
3775
5121
817
1426
6749
3370
4421
687
6414
3372
8348
6759
7161
4302
4980
7428
4307
3329
4854
7699
4174
5480
5767
7408
1820
2999
2808
6505
6113
4726
5432
17
6182
4178
3626
4115
4298
7042
2545
3921
2675
6689
6359
5432
9474
4748
4109
3858
2405
5977
4317
9943
1701
9106
3147
5120
5856
5213
7818
8347
4817
9737
2251
6580
8539
7847
6159
1366
7013
6722
8590
6734
3743
2061
2001
4327
8514
2632
5705
5528
1846
238
210
7878
7197
2703
898
3943
8476
3268
3644
6853
7386
3908
8945
5018
4161
1730
2566
894
3906
9057
1488
3211
5893
373
8428
5497
6205
2151
3243
3035
9194
613
6010
2052
4968
4195
0
2295
8229
7570
4129
8555
2144
6011
8944
6343
1357
2553
7633
303
9765
8400
428
6379
1434
8925
7853
4720
7224
3676
3624
9806
1206
6288
3001
3446
2684
4771
8570
4421
1647
5962
3374
2993
3560
2451
3307
3294
1842
7902
2741
9486
8178
9973
2068
2643
2161
9529
6375
7362
7941
8443
5074
8502
2350
3796
963
7070
8716
7474
3715
276
5357
7151
8696
2683
468
5087
7222
9828
5397
3670
3349
9741
9469
2115
9790
6167
1935
9005
2288
3506
4793
3273
9711
9927
8533
8405
7916
9298
715
3236
3631
8858
3636
6375
7712
6238
1929
6484
1382
7677
4602
3029
8087
8610
2794
8783
3150
3019
7368
2013
2122
8916
6857
8089
2707
53
880
7015
5767
6532
6559
8750
3523
8680
4983
9972
4477
8092
5500
7925
8046
3820
3108
4991
3837
4128
8558
4668
8422
7026
335
8045
9354
9052
2311
4416
4352
6851
434
7902
425
6922
8411
7188
6225
9941
8731
9371
2433
3147
5711
9318
2802
3958
5751
9912
2556
3979
8635
2319
6652
5520
2248
2641
1796
9727
2760
9505
6028
3350
896
6430
3350
5991
3491
8057
5839
2883
2435
7632
3586
718
4023
5644
70
8783
5848
5523
2200
1239
6918
2139
9139
8555
2856
876
3403
8111
3329
4961
826
6977
3229
1387
1090
4368
9034
849
529
7847
4836
7287
162
7993
4649
1514
6191
9082
1627
726
9380
2312
6723
484
432
2469
8099
4260
5717
3090
1428
9234
782
7705
7486
3640
32
5911
7606
5936
3865
1524
417
1556
6821
1040
3479
4164
3552
4332
2547
5443
7078
4291
4055
6175
1461
7059
9788
7067
2772
3259
2247
7323
7949
8962
2854
1643
8069
3345
9178
7499
7101
6783
2367
9691
3601
600
4775
5503
5821
8489
5701
1888
9488
4378
3140
5231
7480
6152
9752
4326
6589
7918
3852
7037
3834
1935
8442
3030
2549
6995
8282
998
9984
5868
4306
4624
3176
3796
2715
2463
1643
4676
3860
4591
6519
6035
5936
1065
733
2601
3098
186
5188
5711
8073
5310
9033
9686
6878
2126
5956
1024
7802
2548
4391
3518
5005
3110
3199
5095
3545
1127
4717
8834
8197
7254
7182
8129
6733
5856
5094
458
8647
1449
364
4370
3696
7298
8527
8552
2421
5303
6934
7372
9726
265
9076
4538
3764
2643
5786
4951
7043
1739
3415
3207
2651
6599
1819
8104
736
6312
4633
9678
5778
2568
9626
940
3687
8348
8110
5596
7171
8726
9166
9899
5242
8329
9261
1156
7708
5321
3965
519
9535
5727
5837
7974
5675
6695
6736
7212
4910
8854
9545
9770
9392
3787
9906
8512
1072
6880
3661
2388
5437
7469
6417
689
8146
7609
7206
6591
7161
6862
6907
411
2576
8200
3332
708
3624
8394
3218
577
2921
7422
6011
3394
2100
2758
9896
1553
3313
1075
1661
5909
3623
7969
8131
2227
3130
5357
321
2192
7406
548
6842
8696
1289
570
9711
8692
8823
3828
5301
1340
9527
5986
4369
1481
7363
2828
8624
1525
8173
7416
9732
7426
852
2789
9432
1475
6310
9576
404
9835
415
9152
6508
9408
6752
5000
5154
7180
5627
9672
8269
9504
9995
3000
6625
6548
672
4803
1021
5551
8071
7508
3012
7664
2409
8719
8979
7255
762
6238
274
9651
3777
3686
7350
5721
3304
5462
274
3213
217
1820
8621
1217
4504
420
5919
5767
2624
909
4069
4436
2165
4986
5140
4547
9449
2594
5690
466
4298
1988
6127
9373
536
5402
8251
8678
8148
6841
9586
8222
7572
1523
9354
995
164
3721
7213
9397
8278
4816
8298
1974
8922
3406
8597
750
2344
3153
1551
184
4954
8749
2832
5485
8119
6512
544
7067
4938
1588
4198
1457
6641
3888
3064
9786
834
6619
7121
867
6519
3166
7040
4555
5354
1525
2493
8422
2188
754
2358
30
9534
6653
6568
7750
8995
4284
1674
9436
2477
4555
5538
9627
1748
5961
4827
5162
7269
7599
4942
8565
5703
1148
6445
5573
8633
8610
5119
5599
4982
6631
9141
7574
939
4281
1483
9069
5007
9138
7835
2781
4577
659
2203
79
5968
928
7622
2632
1427
1144
3912
8334
5657
527
659
5674
5306
1737
6639
4252
9405
3669
5614
4965
3011
1684
7342
7078
3440
709
5399
4323
2330
8015
420
4643
4265
4490
110
150
5679
8074
8004
8627
8801
9129
4951
5101
1011
4879
2098
978
3731
2257
5511
3536
2283
8147
5524
9188
4873
6155
9300
768
8476
1332
9393
2552
4949
5595
9656
2810
4301
4234
1765
952
5733
3487
7645
2691
5079
3624
9963
4725
796
1165
4050
9626
5607
7193
9921
3836
191
9126
7620
8906
9595
6997
2279
6741
1013
8519
3365
8839
3520
2875
3007
6496
7094
357
6345
3454
9290
8166
2750
8104
4829
8110
8339
7911
9020
1739
8761
8002
5606
2748
9500
980
2283
8422
4617
8268
6031
3650
1420
4017
1134
7026
6647
8992
4634
7742
1214
9971
5168
3568
5071
4928
1849
1816
5696
9723
2620
5676
6737
9993
6833
7855
1008
6802
3376
2268
8395
2354
5463
1632
303
7404
6570
1218
9631
235
3013
5616
7953
9671
3533
167
7411
2016
7349
5390
763
7931
5741
3712
76
4854
2356
7124
8915
7000
6174
4795
8161
1610
1568
7973
2100
8189
9448
1312
2430
1719
4442
2622
6886
7805
6373
7745
3677
2894
1189
8502
7849
4921
5425
9532
2606
5980
3828
2447
3259
299
6937
6517
3712
4521
6447
1829
4381
7494
6012
5439
9845
2565
430
5995
1873
8073
9900
5122
8945
220
7884
6531
9358
6331
1550
3027
2187
1120
7444
4804
2522
3821
6437
3216
9291
1123
5159
5379
2638
4957
1226
4931
5561
1820
9060
3949
5206
5295
5463
6332
7460
5518
590
8264
382
3284
6070
5033
9896
9174
4346
9959
181
6356
150
4432
310
5691
3197
2789
1549
9317
6982
8129
6143
8798
4913
6678
8680
3027
9880
4950
2585
6825
480
7051
7500
6727
3631
9251
7688
4082
6455
8412
4816
3011
1488
1016
3877
6758
7684
6109
1356
8370
9620
7004
1467
6032
8984
651
1724
3226
3508
385
3364
1745
1446
494
4685
7579
9819
6261
831
455
4993
4135
9822
9054
2855
1932
5901
8600
4001
3472
9568
1992
1672
9240
831
2981
2190
9888
982
854
2319
2467
1273
9370
3155
7254
2469
2609
1728
7425
4098
1706
5372
4603
1157
8793
4336
8353
5649
7220
472
5170
5069
1819
8454
6906
9281
7747
5223
9449
2490
541
4189
6928
4397
3959
9308
1447
6104
4254
1568
9950
5428
7214
7467
2446
2919
7417
9133
1594
533
9008
4955
264
2823
5760
4290
8694
4196
6843
230
4154
8011
882
7187
8347
979
1133
4244
9557
9690
2647
7185
5597
1721
1992
1331
5682
3673
5856
1363
2812
4702
5389
8561
948
9361
5642
2641
510
3724
8516
1423
5047
7615
9033
8547
4008
6751
3935
3935
2372
6462
9679
3862
8548
4678
5388
167
3100
4254
6036
9654
1946
4207
1234
5852
2042
7920
3212
8693
8009
9262
5872
9527
2724
1000
7414
7538
1564
8806
8834
5203
5656
7065
698
5602
3399
2413
3230
5100
5649
8076
3608
6619
5848
3276
2897
3936
128
7880
7516
3971
1800
6125
3428
5026
9477
8586
5294
9701
7610
3371
7818
8498
9493
9263
124
539
2296
9364
1585
8965
4723
6693
4720
3316
7419
810
8126
754
3209
3981
6974
5167
4737
29
6435
7955
3709
539
723
4286
1830
5538
4075
672
2847
228
1993
6756
5870
7375
4218
9191
7287
4094
9456
1479
7446
3387
6558
8726
5433
1603
5540
3358
936
2
7138
270
2226
8253
7227
6595
2181
9247
7544
9554
313
9451
2533
8465
7754
9664
5996
645
721
9899
4588
8710
4878
8501
1125
2063
579
6413
9107
834
9567
8865
5573
984
9382
3782
9081
1750
2810
9223
1094
1211
441
4105
373
2726
3858
7741
7292
3924
5444
7759
5832
3463
6150
3484
9239
4850
9661
1840
5856
6688
2285
5677
3775
9413
3166
1720
6881
1484
9370
9517
4936
784
5425
2322
9851
6519
1706
8489
8110
3607
7142
8895
1305
1100
5522
5474
8407
5618
5529
3616
3326
9069
5283
7514
8053
5656
2735
8087
7927
6954
3544
5893
2611
8836
5078
8106
7245
4231
5204
1497
5781
3715
2298
6368
706
3259
5543
2493
4458
5396
7004
4977
4849
651
2423
8621
8443
9318
7339
857
2431
5507
2137
9283
1307
9388
285
2277
7390
8332
7863
2911
4278
5020
6979
1779
3943
3958
1224
6624
7716
2123
1770
694
4461
6320
4749
5369
3397
8978
4951
4640
1838
1594
2671
4028
4947
6172
5320
4102
9698
1401
6836
4945
6149
3205
695
9887
2780
8883
9754
2768
7320
4204
2567
1764
7654
6766
1880
1298
5302
8145
519
1617
135
5285
3553
7187
1488
9751
4252
8146
8094
8514
6241
1091
661
6050
1736
3879
7333
5060
2032
6671
1739
3946
9319
1632
3312
651
9932
4188
7586
7366
142
7568
109
8566
4384
8989
2982
4625
7021
5325
8580
9227
6018
5095
9979
2537
9356
6798
7478
2767
814
3251
6352
8250
9150
9419
416
6329
6717
636
1839
3766
6770
7665
2598
8435
1795
7996
3497
9904
1487
4715
9786
9912
8042
1059
7083
6251
9317
8105
3572
1607
6089
5008
6413
2959
4096
2124
5240
2142
7121
2661
3679
5924
3702
4791
7845
3055
6235
3766
8860
3605
4213
5103
4786
8398
1565
2010
4296
846
8040
3676
6674
5040
580
9784
5316
3518
8593
4501
1438
8972
4809
5339
9590
5925
9485
9383
4447
2942
9822
8814
4387
2422
8165
4335
6850
6255
2255
1232
7335
5206
7417
4586
8083
5437
5316
1457
5417
3755
7364
1691
1429
9609
475
9299
7098
3357
6157
6261
4182
2643
7855
2537
6068
3223
897
3117
1869
3392
5030
7610
6316
6070
5516
1097
7437
5956
1676
5374
7809
2856
5791
9538
9857
5784
186
6943
5773
8239
5224
8517
5120
8132
4083
9034
9857
6363
1551
7565
8360
6645
9667
7371
8506
4147
1477
9195
2004
6328
4448
8484
7472
4124
5268
1166
1063
1068
955
4357
9955
367
9699
2986
9791
1172
6941
6885
8078
1687
6449
4197
4149
6082
4684
5255
54
9312
1959
5861
5354
189
4885
2453
906
969
5513
2323
5913
6987
3841
8953
1233
9474
4819
9002
825
343
6834
126
3809
9982
5389
2967
1578
2732
5876
4915
6628
3074
7064
8650
6420
8087
3950
5127
6434
1044
1984
6500
765
7688
5216
8078
875
4508
3866
2503
7873
5265
6149
6586
6140
9829
9237
2633
4793
2005
4880
370
8439
2828
8746
2368
2391
1082
5568
4030
4285
9504
9182
3414
8614
9591
845
4311
2965
1024
2685
7894
9292
4902
7610
7419
5187
6255
5390
508
5560
2322
4291
5064
3364
1491
595
7225
230
8266
5470
5500
286
3921
6487
2669
5896
5132
1900
9963
194
7698
240
1610
4300
3530
7254
8600
3387
9377
6556
7383
8458
2136
914
9145
7150
7162
7269
2202
8389
7579
4637
9527
8394
4812
1631
9964
663
9594
3791
2715
2119
2712
4214
2617
8006
8081
1964
2658
5720
2959
915
4941
1891
9321
9215
1642
7131
5462
8133
6375
6200
1489
1039
7378
7653
6869
1178
6601
8167
279
8700
605
5256
195
2661
1781
2319
5855
817
2383
1630
1196
7367
6449
3896
4634
1153
5454
7613
3659
5016
4500
4403
2192
2331
9649
2706
271
3356
3286
2412
1462
3623
724
1048
2089
8800
3715
2554
8200
1928
2066
2224
8124
5931
1032
7403
7280
665
8057
8776
4764
8752
564
9706
988
9538
633
5910
3775
6824
4664
1467
4395
8595
6436
1084
8990
4698
4663
8987
2672
3925
3407
9171
6196
405
8374
6658
7501
2782
559
3601
6125
9858
1004
1426
6105
1835
9453
9349
3160
3684
2611
3207
6746
1252
3730
1255
7478
4457
6628
9510
9403
7517
8971
6171
5592
759
9711
4032
1159
7393
581
3708
819
3393
480
270
4699
8535
3057
6690
7935
2066
2010
4948
8023
623
7025
206
6307
735
2016
3583
3245
1683
1241
5771
6347
4151
8438
7993
3088
3048
9966
2413
2466
2547
5556
6498
7078
5820
7738
4003
5159
9320
4483
5270
3494
4679
2357
7797
972
5377
6269
1067
938
9964
3693
520
8641
2023
4176
4177
9054
5414
2542
8455
5677
2763
9867
8466
382
3517
6154
1353
9765
4776
3648
3377
7739
3345
707
7856
4419
7971
2096
4924
2295
1371
299
4053
8351
7708
2929
316
5283
2240
4954
9647
7225
4589
971
5954
4616
2831
9239
7835
3757
7575
5637
5113
3050
5264
9901
1762
2364
265
6973
7048
2758
452
2456
3816
7369
5403
4221
5215
7669
5561
9429
6376
2713
7068
1382
9286
3542
4261
8197
1963
1906
8793
2904
2995
1112
152
1001
912
4076
3927
6007
658
4572
3868
3399
4530
3650
8950
2567
1580
1255
1350
5843
2199
8690
2557
9409
2419
3341
5524
5846
1037
8216
8498
6924
1953
9527
4782
5147
957
5734
5233
5251
7710
8381
7878
988
9786
1439
5522
517
3849
6684
5594
2201
1584
9191
3029
4303
875
5313
6831
4544
9399
9700
7110
676
1801
1628
9141
9477
1278
2095
5675
8613
992
7902
3287
1628
5186
5811
7218
5897
681
5050
2281
6169
279
3261
1446
3782
1764
8103
2650
3318
2939
2810
3577
5301
2702
3835
6226
9741
7047
3435
3145
5217
7581
1505
354
1609
6911
7395
9580
4408
3392
3348
4168
9625
4591
5143
2741
5048
8769
3969
7178
7117
7101
9885
8671
5715
5476
889
5656
7638
3004
8909
1870
9419
1575
9580
4812
7833
84
8706
9651
885
8242
7518
42
2365
4108
4378
4454
1834
38
9173
6290
4328
6547
961
4283
7697
1392
1336
7275
2837
8880
3561
7392
5862
9140
5153
1143
6768
662
1477
5546
4966
883
9612
1124
7063
8052
5049
621
2112
1047
9221
7671
4651
1951
6539
6899
5700
8548
6301
7632
8908
3831
6085
9345
8951
3639
9349
6970
5617
8073
4784
1111
9197
3848
785
6665
9757
3177
6825
2622
189
2249
3767
9308
9706
6709
9359
9769
3073
454
1341
1978
3937
2391
5762
2118
5602
9428
109
7398
6191
6785
6870
7484
1423
4308
2067
5981
4274
2480
9485
7741
167
9806
3661
757
7642
7946
5248
2915
8409
1192
1450
3614
5048
498
5702
7779
7819
463
2219
5890
1937
513
5067
575
6912
4058
7301
9685
427
6524
9370
8333
1200
8412
2125
6295
6957
5666
4867
9123
3507
4672
9289
6047
6659
5757
7829
1469
437
1900
6837
8863
8600
8062
6580
2866
