5785
108
3403
3015
4288
1558
9051
7260
2939
9916
9902
1443
7670
9934
9505
8541
45
712
5380
2985
4223
4729
5570
1578
7600
6943
382
500
5549
4241
1400
9683
4843
5689
79
2568
5945
5051
5873
9553
4628
1254
4350
4788
4472
6597
8299
8344
4227
8050
3778
2080
8262
4633
9702
2644
2710
6245
9236
2717
6895
8185
8357
9725
1959
4765
1328
9785
3824
1682
300
2645
487
7188
2451
2538
7434
9339
8226
1478
1543
2958
6318
6592
4479
9477
8864
7830
2505
4249
5553
8245
7875
5738
8897
2884
1059
8636
5024
2365
6683
7935
2079
7482
6667
5514
1569
4520
3761
980
2956
5034
6315
9646
6860
1997
4301
608
1350
7907
590
3614
3785
3407
9837
8103
4512
8860
1649
1307
9909
8345
6797
8182
111
181
6738
8956
716
6179
7231
8803
1034
4762
7924
152
800
6460
7524
6543
5193
8193
2729
1338
1296
3983
2977
2453
6391
8888
902
9564
5297
7920
9099
7978
992
9066
3106
1823
6568
6878
2938
2124
9827
9849
4998
9150
9182
6352
4281
5253
2752
5394
1741
9665
1034
9626
3523
712
7514
862
6357
8869
3034
5351
4008
3568
357
3197
7325
3270
4602
3806
5765
4981
2168
4714
4916
9014
1242
3710
7967
5464
3324
6859
6816
8165
1867
883
8152
1795
9324
4000
7556
7689
8098
1009
2392
9419
7779
7729
6439
1013
5972
469
3621
608
2976
1138
196
1651
296
8265
7562
8649
3076
7569
8804
2587
2999
2799
8787
75
4673
8675
5461
348
1455
7970
9759
3856
4461
9004
2822
3408
7627
9850
77
8466
9517
2934
8296
7882
8060
1414
4687
9103
5834
1414
8990
280
7939
1249
8409
5539
7102
4844
813
1154
4131
4287
690
3539
4359
1873
6380
8331
4643
3087
689
7518
5155
1080
1269
8877
426
2056
5328
2940
2002
1983
321
2383
4305
317
6173
8288
1111
8461
4992
5968
8260
3323
8851
1576
1879
7699
3790
5834
2960
936
4133
7465
4183
5741
5870
3505
2742
1667
6435
8821
3889
6688
99
9892
8598
648
2723
3910
3103
8267
9553
5176
4757
8011
1849
2594
3806
8248
2112
434
3527
3593
5390
9063
8236
8873
2697
9499
7236
300
5292
3021
4554
4173
7142
1899
3286
597
5759
2249
3451
2314
2053
6816
5129
9650
8005
8742
8770
7410
2950
1637
8602
4103
3615
4155
5559
3712
7672
4990
7368
5462
7405
2569
5778
7641
3935
9592
3318
3897
6613
5164
6526
1342
7841
1915
1942
3076
4333
4535
6471
6246
51
1401
8526
4726
2060
7498
4684
2966
9728
8590
5271
4630
8124
6381
493
9706
546
5135
4008
3639
4378
4164
4429
2714
838
1997
1391
7574
6436
9802
2416
6680
284
4417
9832
4184
6329
6536
9070
8478
3541
7823
451
2527
5468
7293
1630
1395
5411
7125
4834
5604
225
5140
3403
6740
1115
5850
71
6731
9598
2419
3506
5804
1573
1553
9226
7747
219
8376
754
3246
2234
2581
1841
2853
6690
1020
5434
8903
6821
7405
2710
610
8207
2033
3821
4367
1571
2231
2100
6744
6400
85
2769
8838
7042
4493
1626
7499
9765
6607
3067
8553
3253
581
6389
9373
7808
4255
1060
5580
3293
5402
233
1624
22
4079
5687
1854
6817
9126
4889
1088
9037
8246
2112
4458
6119
7050
5002
6131
411
8833
5197
6978
4072
2305
5588
3338
652
6169
6656
2468
863
9106
5296
7175
8972
2802
8523
1415
6586
8829
5274
4327
5593
8807
579
2556
4423
8618
9280
3759
8738
2289
2989
5246
1336
3487
6784
8257
3690
6095
7956
9492
6559
6393
2014
6838
5044
6237
432
5996
4162
8751
9835
5250
888
3247
1695
1535
8983
8771
1102
3796
9069
8420
8879
2818
6872
5186
5951
309
8476
3925
3345
5328
1632
8529
4790
6662
2963
196
8008
9218
9212
6288
6384
772
3167
160
9831
4393
6699
8712
9946
6181
8416
4589
7254
7616
7262
6942
5363
4218
7320
7502
2526
6028
8952
3903
4638
4781
9484
2173
4359
5805
8478
1060
9645
8354
1713
6254
128
5276
839
6445
7398
7095
4287
9218
2471
6685
284
8343
7202
8293
1969
4495
8684
5036
4873
6632
520
8862
2707
5114
7170
4337
2618
8623
1878
2831
9362
5439
5806
8478
8078
9750
488
6029
9199
5940
4181
2909
8439
5554
2062
5049
4332
1388
4386
1956
5271
6463
122
5486
3468
1008
7565
5218
8213
8854
2975
2575
5127
6757
3492
5201
4517
7464
883
2043
6163
5786
7077
3140
6771
1665
7037
1003
7403
1416
5569
1896
7688
7080
5639
9616
3212
4338
9963
836
5922
1083
92
7495
4290
6900
3111
6282
7648
3973
9082
9142
751
9190
1595
8742
4931
3898
4241
6510
4580
2328
6432
4379
5999
1111
1826
5049
6646
8181
7201
7291
7447
4980
6881
5290
8746
5090
506
2813
7299
5667
3539
1778
4392
5213
5514
3894
1789
9088
1488
6662
2827
2272
8769
131
3903
4608
4481
4956
6414
7341
5826
8442
3110
8180
3890
1437
1152
7121
1793
5422
770
6949
6657
2305
9521
6819
9094
9018
9683
9671
2589
4936
5042
3619
3272
130
5405
808
1047
1645
1608
1421
8419
1399
4724
2239
6803
9315
7450
5429
7746
4977
4112
2799
3832
3849
5022
4427
8404
9252
3114
7139
747
600
9119
3974
4218
3486
8700
7009
7320
8993
8297
2234
9735
1620
5429
2761
3273
4881
7787
1028
846
314
6786
6309
6667
4302
947
6346
423
9818
598
8568
8752
3464
2549
1597
6107
3113
3410
4513
7096
1515
5652
8440
3523
4999
4684
6903
4630
7833
2151
8752
9548
3613
2460
6411
1936
6675
693
3827
7284
7502
7434
747
1439
1454
2776
9771
4766
920
2161
7899
5082
7055
7870
8986
9514
4018
367
9515
6319
6514
1714
7085
8029
3741
4002
6934
9306
7756
7047
8539
8511
7957
4347
78
5771
1870
3101
2757
5687
5519
5518
8307
8420
6802
7913
4725
2033
8186
1424
4091
3208
3757
1233
8592
456
8192
1095
440
8461
3245
157
9126
7931
1827
557
7255
9674
1003
9735
6350
5067
3090
2077
6061
393
9992
7995
1661
8651
4899
4932
1274
2678
3777
6215
9389
6959
4744
161
7863
2157
1068
2204
7479
477
5052
9332
2425
239
4617
9130
8956
8078
4293
3794
941
45
4179
7415
357
3421
929
63
7708
3531
7295
4793
296
6950
907
5954
3046
1502
3050
3990
1396
3528
580
9476
4056
1502
429
1739
913
5379
3516
5664
2744
3172
2778
4306
8050
842
7176
5508
3397
4444
413
9897
548
1458
2955
1951
2009
6228
2077
7169
5998
33
2495
9552
184
3611
1578
6988
8113
3087
5931
8621
7601
3682
6398
9326
8679
9943
268
4761
2105
7422
1726
6957
9542
9958
4637
3227
9956
4483
6664
7697
6140
5227
9665
9805
2542
7786
7380
1988
1857
9221
1477
3259
1883
6331
8757
6913
7386
3688
8369
8496
141
4307
9527
8248
4786
5415
3717
6364
7596
2079
2768
4792
6624
7018
7342
5743
3756
5375
1552
9684
6773
8202
5712
2318
5516
2531
9091
4831
7645
3904
3018
7517
7491
3841
9147
1951
3419
9225
5351
2660
7779
444
5848
7484
5167
788
1929
3322
3096
5534
6770
1569
4033
9937
5822
1036
168
1310
1018
6682
3556
4243
2349
9158
3569
5418
7551
9621
8054
1663
4247
3912
7935
6734
165
9489
8844
6091
872
6482
8805
9707
9404
2544
1688
5199
676
1911
2257
2273
6849
1912
1252
5958
6684
2477
1658
1508
5366
126
6182
4941
4601
8795
8227
5354
4553
4249
8428
5075
2189
1818
3575
9194
1541
4101
1247
4647
1575
6404
8140
4654
4809
4172
4641
2653
9293
5032
7154
5009
6292
2126
6608
6361
1520
9923
3747
5282
2859
9386
2819
7265
3597
3847
6610
5055
9518
482
5961
6846
681
4567
3166
8506
4552
1643
3663
9611
5746
9385
5326
1623
9230
2074
4040
4884
2930
5154
3251
4219
5309
7527
5828
7000
4925
4573
4235
6510
3405
5869
7931
8167
975
4436
5738
3609
1682
6791
8897
1285
4784
3892
4752
1625
3319
6980
5298
6996
2962
6877
6520
5961
3731
5732
4820
1837
5647
8240
2628
9915
4757
1833
697
4391
7661
9358
5124
3344
2570
8902
8684
2286
6155
5119
2046
1370
9347
8371
3553
9629
7715
1896
148
2577
2993
358
8183
2659
5592
4035
6275
4346
4491
1354
7943
3250
4615
7787
1568
9937
4548
4156
2467
6667
647
1692
4138
4080
6775
3576
9722
8594
7914
6583
8189
6293
1004
512
4528
3807
2652
1275
5019
2352
1746
5685
2968
7851
8640
6413
3922
2785
3557
3195
8540
7999
6280
8032
2666
5758
3479
6457
9184
1512
5691
8989
6758
7130
3048
6950
852
453
9198
9708
7648
15
2735
1549
5345
7270
8894
7657
3918
3685
4592
8825
8952
4911
1282
4111
5105
7815
4758
9113
120
8946
1099
7983
787
5525
7383
8620
3239
5864
6196
5130
5030
8540
8949
2006
3749
856
1284
6850
8089
6895
1241
6729
7886
9310
7688
8605
7060
2001
600
9372
8118
9909
4508
8529
3800
2712
9775
1127
172
6989
8033
3769
721
7979
9816
8596
8681
6997
8037
6478
9974
6116
9093
4431
3536
1825
3616
909
9413
6623
7489
4679
637
6644
4147
2103
2537
5161
4692
9066
2984
743
8696
1852
997
465
6477
4444
5953
5472
4134
2815
4440
7241
3639
8816
3459
2763
4268
1957
3113
9541
8598
6349
9506
9188
6947
1493
1898
5690
3673
8521
7967
378
3007
424
1671
3952
3783
1345
3584
7102
3372
8810
533
8016
9220
943
7082
1105
9858
6599
1525
6231
1227
8466
9625
6377
754
2494
5680
6065
8482
1673
9268
6332
1208
8993
2314
2637
8699
3223
539
6978
9529
178
9137
2543
4479
2128
3562
1718
372
327
3932
4489
2627
6074
6645
4054
3491
4583
9390
7216
3316
8733
2508
4318
4024
7947
4562
6125
4348
9107
630
401
6226
7741
110
1737
5085
4616
2087
4383
3735
4731
386
8799
370
6378
9916
6895
1929
3892
6152
3517
7202
9289
4714
2503
2836
5337
5251
7970
2223
8824
5428
2398
123
5805
9649
2401
8368
9866
2244
7264
1631
6469
411
5933
973
5461
5343
9321
3770
9753
5634
8458
9105
3810
9444
2264
9502
672
8913
7442
2742
9034
3418
894
3624
3015
3471
9437
6303
5082
1303
3132
5072
4043
3867
7383
5079
5311
7173
8136
5672
3545
1472
1549
9572
778
8220
7096
8475
2004
6992
2671
1272
5757
8028
6164
5517
5727
9403
5711
4859
8300
1553
1928
6814
6190
4855
5857
3476
141
5088
5199
3656
5577
7126
1209
6031
2231
9990
632
7742
7449
7365
8655
2486
758
3789
8533
2062
1961
265
4253
6171
6181
5513
3239
9741
8213
4129
4015
7913
7345
228
7362
4047
8045
7657
769
983
460
9479
8223
2877
1763
2339
4884
7494
6312
7730
9524
8718
7880
8861
7162
4496
4007
2945
7005
6817
8035
6319
917
3689
6946
7479
4423
9487
8601
7099
9403
2896
1102
7331
2095
2747
2757
6958
8772
3772
5591
1599
4086
7731
6737
6091
5898
2160
8521
4925
6847
3230
187
3892
8823
3273
1201
7611
9055
7389
6481
9874
3578
9996
2112
2670
1132
7388
5604
1322
466
7979
4264
6615
8975
4591
1160
5640
5584
238
8236
2307
6209
1047
8594
9572
7833
60
8932
9220
1120
9677
1944
2513
1554
5953
9126
2987
8715
4707
7796
379
9937
8759
285
9055
3969
3064
6145
4486
2578
9215
5782
3237
646
7010
6460
9971
5343
7622
9198
6056
6526
498
9091
6588
1110
9267
9284
6447
6928
3125
3881
2325
9799
6069
1389
8363
7491
2736
6336
9179
5923
7094
1370
1303
5763
1889
4012
3206
6045
9916
1443
1432
8828
7122
3062
4664
6796
7253
5215
5037
718
3047
8966
9068
2407
5080
761
4206
1399
1484
6584
6986
3959
5720
2748
5439
8587
7577
7816
7727
5928
8050
9591
6155
3503
5024
5893
2039
2983
219
2890
2154
3017
4139
9297
5173
5397
2964
6647
6189
194
9520
7870
919
5762
9016
9121
1519
7171
5614
9826
2308
7634
8826
9903
4467
3067
5343
531
8815
4683
3754
6937
6314
3334
9686
9836
6291
3140
2958
6745
7916
9399
4832
2854
1526
5848
1322
604
1003
4703
2757
6255
7368
4416
2554
9006
805
4050
9237
8918
3155
6060
3093
1585
3889
4601
3228
7036
538
3242
361
6278
4526
4698
2784
3012
6203
7357
9411
6113
5865
3601
2319
4291
9215
9095
1814
6761
2693
235
948
2688
3927
7518
1952
6357
3506
3621
7553
5908
2062
6122
9594
8271
120
5664
7236
1883
7035
5797
3782
5972
682
2240
4451
9441
9277
7017
7601
5650
9974
8680
4129
6310
4671
1429
2496
9289
2993
5999
1513
3226
3091
456
8468
1162
6894
1309
6639
7200
5337
3156
7160
6602
9013
8126
4068
9102
1655
379
6431
6639
6541
7421
2416
7179
4111
1029
712
6657
820
1962
6488
2192
5342
72
9052
2138
4979
9156
5303
6295
3656
4206
3212
4390
3404
2767
8534
8510
1199
3970
8469
867
5565
559
422
8277
699
4178
2925
5634
3597
3963
9729
9723
6385
2926
3989
6979
348
2490
6111
5924
9198
4247
5302
2588
6980
3816
1245
85
8971
6608
7558
2275
7356
4066
6277
6838
6536
7712
418
8047
4561
6117
58
607
2546
8830
227
5642
1660
2194
4634
4427
2814
8099
7099
5633
2193
5373
3068
695
3629
6843
7686
7826
9772
8985
2833
2883
9785
9363
8844
8012
6227
4477
8677
623
8644
8444
5499
6098
8824
3937
4701
1951
1181
4998
1582
7304
326
8273
8872
6903
2091
2581
5002
1492
6673
9944
3120
3760
1058
3792
6686
669
7672
902
4104
7488
7915
9948
9504
2159
5908
1706
9133
309
7373
5812
1780
901
2760
3944
3670
6251
4233
260
3558
9357
816
2820
6213
5712
7351
7257
9324
9255
4228
6949
7749
9814
5003
754
6902
4966
8468
2226
1804
5361
36
1442
3552
556
5562
1896
3848
2869
6985
9963
2013
5906
9245
8657
1955
8888
3596
5331
4987
3277
7082
7709
1729
3893
4792
2306
6898
5753
763
317
1231
1863
6357
8130
6582
2674
7730
6306
5315
4665
1408
893
1363
4005
5019
5794
4336
1132
8117
9378
5358
6100
9199
3779
2736
1201
535
2624
5448
7822
2798
2302
1962
5306
4580
1385
2699
7690
5585
6124
9435
4717
7395
912
5516
7021
4144
140
6286
6976
3943
2427
9833
5262
1831
1419
1910
7501
1467
6529
5947
6825
3600
4009
2897
1759
6805
3851
9826
6424
6110
8858
468
8003
533
2903
2765
3803
2477
1762
563
4600
8484
7328
9969
4097
2885
4488
7943
1599
663
5367
8895
6860
8918
5059
4231
5514
8364
1917
7728
401
2907
703
5266
1408
3769
5205
4698
1221
6905
5977
3809
9751
3666
4438
3930
672
5886
3630
8071
9337
8737
9015
7208
3005
5972
4096
3218
8383
2205
865
5736
8648
3805
9296
6361
1640
3942
2400
1541
3086
9190
7236
5757
4931
772
6994
1942
2496
790
6290
2170
3727
6012
1029
3467
463
2749
307
7733
578
5261
4988
7807
2929
6503
1984
6365
3023
2285
9339
5765
7690
4217
7384
9851
942
5742
6006
5532
5843
5392
9512
2163
4791
9469
534
7148
279
8822
352
3939
1222
9822
2723
4024
4048
7743
3076
6705
5784
9811
9178
2107
4446
5381
6712
767
2892
3780
9208
8573
9087
4945
3571
3592
8227
1942
2796
4734
1543
6115
7116
5537
6928
9606
1208
4023
5642
2278
9312
7675
6921
3837
6417
4109
8061
2479
4105
5245
323
7931
3162
3071
8760
2365
2855
6011
9336
3389
188
1701
3941
5912
4811
7924
2708
8120
2353
5920
2690
6323
5255
5389
4388
1261
1235
7071
1131
1339
3375
5225
9893
3445
3073
2165
560
295
4874
9330
7530
7925
9003
6437
7605
152
4016
1230
4598
6313
8192
8105
5756
792
5965
4908
1981
7593
2486
7379
5084
9724
6109
6998
9623
7880
4818
3396
3101
7412
2045
4383
8797
1169
3131
6035
6009
9095
2128
3812
26
8747
5051
9235
764
1722
6887
2716
4842
2596
4685
2992
4005
3911
4359
8202
7453
631
208
4607
1058
4696
2439
3095
3348
664
5362
7667
2663
9627
3870
8138
8131
6483
6181
1108
5447
492
4665
4546
6589
8162
8252
5687
9641
3296
3362
5287
7579
5494
4350
5515
2132
7014
3289
3694
5813
9291
946
3592
8002
2630
735
5364
7830
3894
4017
4319
9568
5811
582
9040
3307
9160
5511
4350
2940
4986
4226
9779
4068
9017
1778
8395
4229
1715
9946
5640
1426
831
9857
9990
4671
3708
7782
2310
5703
295
8213
1257
5340
915
8578
3803
232
968
7234
1097
4883
9946
1114
8656
8478
6341
5615
4308
4571
7250
7467
5961
7472
4057
9297
4018
8416
3923
4904
6179
4585
3754
6932
9189
1741
5231
4130
5654
7992
8232
8593
6539
3840
9940
5694
2579
7451
252
2680
7624
1850
7864
7651
5173
8146
3419
7736
8207
1963
3869
6265
3569
6322
1603
7569
3512
9849
6796
3114
5975
1423
7594
9304
7896
6826
747
9731
6480
8095
4900
1763
7854
308
7369
5188
2032
7246
2875
3784
385
9092
5070
6907
8979
4404
9350
5202
3669
5715
7246
4237
8369
9008
708
8588
5301
4562
2404
7645
2459
8624
9072
403
1655
4991
9929
7362
8685
9814
9004
5527
1069
4269
2828
4965
6668
4420
888
7882
3824
2496
8504
2400
1415
1120
281
671
3781
1262
8547
8159
5992
6896
612
4972
6617
7150
5339
3698
1954
1615
1858
9416
2598
9916
6377
3609
8497
8854
9931
9533
8094
2835
9343
9270
6575
5363
8286
5238
1548
6465
7243
7678
9979
9636
9332
1969
2520
6230
5908
7512
3249
8380
3218
1374
9393
980
4281
5899
9575
9821
5333
638
5938
7664
7159
3844
8347
8828
853
8293
4783
1583
8225
4637
1976
5904
8484
9784
2599
2953
535
935
4495
9363
6222
8287
1841
9849
6066
2208
3536
9679
3161
179
7520
9979
6099
3869
9584
1105
5204
7968
8033
2156
793
4641
3858
8536
5545
2740
410
6285
1337
5491
113
662
8892
9118
4010
2224
7318
6764
4689
3214
9003
4415
173
9497
7704
4550
9187
1492
685
5340
6391
1165
8806
1981
2911
7136
613
2777
7638
5958
6526
6145
4873
6378
7007
7231
401
4268
8329
9602
1678
4191
9743
6102
4013
9453
5066
7170
6582
2378
9958
4779
580
6165
2957
5718
2513
3499
8846
7067
9262
4406
1242
7253
8764
7779
8299
8693
1114
4369
1616
3047
8011
6997
1097
1372
3939
891
3148
8646
8718
5062
6050
7426
3005
3961
2
1072
3438
6830
3079
9614
9798
6035
3824
1170
6910
5829
1412
3670
3351
2404
8511
3598
8572
8998
8142
3397
7267
2487
5459
1941
3839
7150
4277
5958
6581
859
5624
6318
2856
8685
5892
7030
419
480
6389
9581
19
8899
2526
9205
1215
1975
1802
8347
4884
7172
8897
2901
6801
7046
4051
5524
8588
3332
4372
6249
64
6817
6148
2420
9492
9467
2937
8295
3496
9553
2604
6537
3534
7490
4989
8742
3843
4625
2036
6804
1769
3572
1029
864
482
6363
3167
1927
4731
4093
4897
2097
9811
3406
5641
9799
950
2894
4763
5861
5450
3595
3418
9755
2853
3318
2838
8445
777
6067
1762
5482
8285
8714
544
2538
2826
4394
4460
1697
15
9565
5986
1296
6145
9191
9165
6074
4482
6472
8828
8980
5004
9745
931
4566
5355
1635
8396
6734
260
2643
6007
8724
4534
5673
5477
1079
108
5272
317
5510
1483
1432
714
5852
4398
6351
1409
2834
876
5486
4738
1208
9875
2327
7514
9647
7555
9804
1875
7789
9353
1555
8121
9571
5446
1991
2521
6956
8412
2328
3352
3563
6453
9857
7629
7063
3263
4586
2428
9603
6248
8404
9664
9062
6162
6098
244
6345
2850
999
6815
8270
2395
9562
9018
8766
7858
6870
2174
9675
7182
4670
9407
1236
8767
349
8143
6503
1464
8156
2272
4256
8025
4029
6858
3088
1453
1476
9765
1673
1549
4022
7652
3541
7631
9097
9086
4615
6207
9963
1546
6233
6455
302
9558
5684
8126
9296
3316
7534
5387
202
2850
2398
469
4542
9892
5627
2649
1955
7168
7602
9606
7438
7590
5222
6776
22
6330
2866
7039
8841
4608
4586
7019
3021
6450
9648
9158
2958
3744
4354
5854
8310
8693
7648
1678
284
6339
3563
2905
7827
1658
3897
1666
642
362
950
1802
4340
2450
3812
4983
6422
9284
5730
7773
2334
5975
3483
9227
7147
3304
2518
3269
7495
3870
4667
2154
7848
1769
5189
6817
3974
3527
9266
5381
9368
9714
9239
1962
4775
697
6560
1866
8836
1050
8918
609
2565
5177
7930
3969
5642
5999
2525
2723
6990
3473
3906
9179
617
4956
1931
3910
4114
618
9568
3683
2594
2660
5486
7083
6196
3557
5259
126
2312
7014
8184
7084
4983
907
7936
8860
4832
2201
2061
7484
945
4770
8154
2758
2721
5151
9730
4956
5194
9160
7047
6576
2949
5043
4015
8402
8190
8423
4249
5846
6038
156
6606
2481
998
4706
9922
5936
9793
5162
7769
6085
8339
1988
9174
8447
3686
5285
8927
8357
4851
917
9452
9935
4053
2755
8686
258
9673
3238
7741
421
7553
5809
3754
4500
3673
321
6451
9121
6593
6102
5557
5089
3144
8188
6827
8906
9082
9829
4612
1128
3488
8228
8291
8422
7701
6904
9296
2847
6409
5524
4092
7393
7903
6535
9809
9338
2305
7325
7992
4706
627
8625
1380
5461
4661
6045
7468
459
9153
2208
1030
8166
1173
8202
2383
8920
2459
6647
5847
1374
3267
3142
6361
732
2834
3844
3000
1446
2500
3850
7492
3273
8348
3472
7036
5428
797
5852
366
3094
5473
4315
90
1669
1046
6555
677
920
4921
6787
3080
4498
5738
335
4632
876
1999
4523
9105
9741
2964
3531
2172
2168
5152
1782
9952
722
8820
6893
5028
1695
8956
8971
1090
8713
7544
5066
7528
1083
5092
8447
3688
9056
2674
1844
1103
3155
6906
2993
6994
3970
5080
5221
6116
3892
3827
454
7044
3076
3518
6979
7619
7066
7799
2835
7396
9908
9245
4348
4540
9206
7951
5585
7449
427
4512
8665
9631
6806
4166
2872
2701
6458
7313
2444
1151
2466
3753
614
1756
7853
9312
7251
4639
202
3254
4983
4323
3533
5724
1861
9463
9307
7504
2556
4337
4839
7303
9169
8879
6249
200
9845
1176
1432
9829
8196
1233
1924
7957
6282
8812
2770
6125
3121
8267
8805
605
4043
8434
4373
774
776
6106
3071
6889
1301
834
1657
4123
3633
1920
240
7589
3053
9398
8784
9223
3264
2287
1039
9036
7092
6616
6566
1785
6144
43
5405
5407
5587
2647
7106
3297
442
508
7462
4623
7694
2114
2196
5808
6013
7433
9775
2062
355
6346
4343
5339
708
2973
9351
4818
9465
4660
6062
6553
149
6212
439
2098
3491
3684
3448
4560
6750
7983
1044
2438
1164
3779
3117
955
8184
1947
5497
3722
9419
8682
3072
1046
4806
7134
9168
5595
3582
9524
2348
2287
6404
6682
5047
8808
4384
3455
7609
5815
8697
2087
1773
3714
2660
3931
2695
6191
4135
7453
1284
1723
7273
7993
3935
8427
744
2710
7373
154
6918
8588
1591
8210
8576
7664
1650
9142
6876
3723
5404
1483
2143
7865
3492
2566
3865
6684
726
9232
2158
7105
5443
9543
8385
4570
5113
2654
9599
3275
3892
7973
3717
3280
6848
2371
3086
8747
6826
31
237
2940
1650
6206
580
7128
1199
951
3135
9660
8607
7747
6864
8299
5385
2768
7560
51
1826
6740
2302
8606
903
6558
3727
3556
8157
9592
1954
9998
5747
8568
7030
5301
2177
5719
1339
9913
5824
9001
3498
4686
6693
2890
2978
1968
8971
2058
7712
4823
6140
3967
9834
8965
6140
1306
1336
9341
9042
2404
7391
5390
2563
198
3307
7628
3309
6983
3401
9600
621
8912
1966
710
8189
2988
7064
4644
3918
1339
7055
4170
2349
7685
8631
6516
7621
7804
3156
8605
3170
6699
7130
7070
7613
3179
8177
1044
7577
1332
6865
2576
9768
8415
9968
8983
3018
1194
5493
2282
1172
6565
216
6608
4201
5818
9640
3151
2600
2058
472
6873
5553
8497
9607
7843
5317
891
8346
4129
3401
2289
8745
4141
6694
5915
4147
6807
2817
6826
8718
7670
5282
1613
6063
3533
6755
8400
6242
3704
7943
4102
1079
1605
3892
9067
8121
3552
7950
6636
1916
3703
8290
8146
3938
1788
3803
8985
8410
4489
4965
9726
8951
9725
5340
1095
1224
7541
9279
1597
3800
982
3783
5893
7876
3542
7294
5756
3909
1914
910
9104
7146
4250
5879
3819
2531
1073
4619
7098
6219
4513
7738
3021
2259
2595
8198
2999
9495
8412
2770
5556
9152
9819
2252
8122
7669
5502
5011
1177
1839
4772
3047
9404
9656
8622
4860
8401
510
3327
1802
1509
7769
5683
2741
3240
6903
9483
3204
1904
8705
2230
2031
7114
2668
6603
5834
235
5774
3682
9848
5268
7722
6931
5790
6868
2714
5623
3382
1047
9512
7851
6764
6524
7545
6770
4681
725
9734
5338
6505
8375
1577
55
5211
1618
3776
4187
5397
1258
4609
999
7121
8547
6491
171
4503
1948
2308
7929
8168
5266
3636
6888
2453
3333
2045
9732
6794
1175
6005
2371
523
6224
9714
8787
1545
4192
3650
2254
5952
3964
6211
1855
6400
4585
3749
1951
3222
2487
3546
6888
2759
9780
9751
9547
1257
5490
7067
6892
3485
8162
3720
1867
5692
4063
5922
7118
7373
5656
1347
4025
6689
1477
6841
5568
6107
27
5485
4019
3519
6954
9953
3064
1286
3203
7701
4855
7963
5751
9749
3230
4966
3275
5859
5045
2786
9448
7884
7196
2252
7758
9834
176
8730
5449
1046
4604
3590
6540
4807
7340
2966
9289
3276
9197
7850
7986
4001
3889
1489
7402
9105
8046
9239
1813
3497
5750
3983
4350
2069
5025
4281
9543
985
6390
2577
4923
8766
7961
4404
9360
8599
4350
5151
8008
9710
2555
3190
3718
2608
4556
5309
2461
626
784
8662
3284
4223
7601
8984
646
4399
6705
5401
8438
5877
4480
2456
6768
2709
4889
9913
5195
4032
7404
3758
5978
2173
3223
8718
2402
1062
5453
7476
7909
7356
6360
6679
5693
4840
267
8929
580
2912
6928
5087
7888
7586
9025
3876
9372
2415
9042
7610
9298
9463
9147
2662
6341
3581
3667
679
7546
5590
7911
4875
678
4228
7227
4541
6386
1386
3847
8191
3468
2715
6963
2255
7944
3987
9341
7274
6275
7777
4855
6106
2839
5183
9198
5757
8971
512
8836
8020
770
4165
7935
5300
6068
6156
3179
1852
3177
2486
4138
9379
4801
227
4892
4494
9698
3069
1434
3916
8473
2765
9883
270
4049
5853
6153
1717
8625
1788
9294
3913
2223
407
1865
5412
3170
3866
9789
7097
134
4499
8840
4340
9705
5951
9936
4688
9842
2579
9993
607
2881
6857
196
6313
7761
3733
4274
8499
1866
2707
294
4763
7572
3679
4632
1231
9125
2657
9045
8343
8107
4579
4516
3893
6086
7584
2676
4151
1900
5146
7553
1238
6080
4904
5365
6207
8861
1707
890
2908
5548
2443
4958
1918
6101
1794
7152
6264
5793
7013
4023
4875
3710
9179
7330
4506
3900
2491
5578
1145
3941
4902
35
6199
4906
3630
7457
8405
2120
5346
6616
5170
5961
9799
1388
8036
7142
6260
9958
3941
2682
8154
9544
760
5730
1422
887
886
3297
9573
4151
5082
3776
2283
7702
9573
1507
351
1390
590
6998
174
7342
6010
3190
9419
7650
3588
444
136
7854
4153
5812
2020
2266
1234
6220
2017
5015
95
9687
7904
6512
2589
770
9516
6955
8659
9838
8320
4815
623
5196
4325
672
488
5191
6363
8805
2463
3930
6675
2571
1271
1890
2904
6642
1838
1038
5400
4485
8871
9588
7362
743
7254
2301
5102
4025
1415
3792
5107
4776
3035
9389
9225
9683
6096
8015
3836
2762
8667
2564
2329
2802
8165
2201
4808
8677
7791
4942
8598
9622
5188
3386
6958
3634
410
7783
2628
3970
3379
2301
9502
2957
1958
3085
143
5706
7749
7523
224
1811
2940
1087
4189
470
6149
7085
6570
5413
1402
6128
6144
3069
5720
9693
3400
7891
5596
6515
4115
6970
9821
8777
4148
3234
4197
7888
6522
6554
6909
9128
3757
7462
6932
5150
2740
5195
3772
5794
5649
471
5250
5446
3242
7631
5784
6755
2773
7216
5008
4726
5807
3718
5607
9288
6697
5931
1435
7419
5951
8359
3131
5375
7542
7430
970
9845
3506
1479
6943
4923
4865
8960
5291
9414
9447
1215
1544
9902
6087
2555
5035
6579
251
8906
1110
1549
4001
8028
7053
401
8738
964
1506
2383
7503
390
4639
4872
490
2187
9648
7758
4030
6546
8666
6259
5197
2722
2796
9715
660
1626
5536
1662
1900
6521
430
765
7520
8313
1262
2294
5174
2469
1719
1531
5292
6540
6633
1692
5681
6526
5204
6781
5469
8851
2498
3874
6141
1515
8968
9878
2655
8800
1988
6315
2518
5127
243
8988
1770
246
9906
6911
8128
3679
159
7174
6930
9562
7292
8132
4938
5378
3502
5212
2672
533
8216
3509
1150
543
4879
6683
2748
9072
8538
8863
6460
4009
9081
8622
1284
2471
5230
8462
9012
9814
4588
2325
3587
1702
1338
6868
7243
7355
2436
5361
9197
926
3215
2674
1890
2097
6887
5397
8367
1584
4871
2205
4003
243
3587
4038
2369
6224
309
4538
9205
4013
115
4124
4453
2947
7914
1361
8437
3166
4377
9646
8807
7601
9932
125
2301
870
6898
1113
2700
7091
334
4905
8191
3800
7095
2746
1621
1205
4508
5732
8504
809
4888
798
9979
9669
7965
1070
223
7982
1425
6680
450
9313
2258
8296
5188
6945
7030
107
7575
8765
5523
5991
3251
61
7880
6428
6532
5642
4486
6338
7137
8685
8975
177
7209
79
7177
5071
9051
2128
5711
6243
1778
1220
2885
2297
5051
5143
1877
1903
5813
1409
8427
2844
7604
357
2441
2608
2722
7651
7048
8039
8451
8014
268
8055
899
1031
8146
360
8510
8824
1176
9443
7499
6893
825
9987
4390
1596
9669
8328
2041
6709
9785
4555
5606
3445
4815
7820
1636
1477
6725
5479
707
4431
1682
1637
4957
5280
7963
1390
6075
7545
6753
3180
738
5311
7156
6858
6248
3971
8456
6924
2855
7020
3010
7433
3884
5136
9151
6114
1084
7986
609
7670
6709
7717
5383
9182
6844
3614
3288
1460
4296
1735
4668
6145
7465
8304
8103
4707
7526
689
2819
397
6515
6826
6152
7048
4651
6027
6427
1656
2608
9919
3329
3977
7132
8691
8430
8376
3362
5685
6366
5342
7286
7543
1102
9127
5830
7427
1896
513
6644
4729
1146
5840
3745
3811
5602
4062
4423
6569
9976
7600
4515
4096
3048
3107
6285
2558
730
9141
2933
1241
2864
7537
8012
557
1019
1442
2076
3180
9306
6408
8453
79
2481
4584
8885
9355
1826
8478
4435
2943
9610
6478
793
8506
2890
8697
7787
5801
2656
6938
7368
9934
6322
2447
2636
7212
5351
7077
8655
15
3362
797
670
8184
427
2763
9572
3110
2380
8621
7156
3793
1845
264
4758
8927
812
6829
7404
345
4149
6859
383
4360
7129
2206
251
2441
1414
614
3523
976
995
4210
8499
8920
5550
1563
3936
8072
484
5837
3678
7073
3325
304
3982
4213
5713
149
9313
450
4299
92
5358
8843
6088
7234
3324
1863
5804
8263
1629
3539
210
782
4423
9682
5773
6301
3631
3253
8287
3796
7332
5750
3045
8699
1030
8270
1998
1332
3185
9447
2423
9296
1722
7931
1828
9853
7172
5755
396
8813
9343
5084
946
8098
2543
3595
6347
8965
1668
3201
8273
1750
2523
5490
3187
7661
8048
7999
9558
5727
3870
9340
557
7292
3413
5100
5504
5365
967
264
3532
3212
5679
4158
6999
1860
9966
4886
1214
4038
2435
7952
7597
8869
8967
5801
5098
4090
1762
8877
2078
7001
8125
8486
9201
3716
9493
1170
4625
510
6952
4995
9022
4055
6448
4080
7046
7974
729
4328
2296
3206
6529
6998
3399
8775
6683
4929
4957
2949
3263
6491
7241
5734
4898
6473
8262
4172
6829
7521
8890
2218
1196
543
9272
196
6966
5027
4018
271
9732
8196
4654
3463
3168
1928
1731
8783
1676
4539
3521
4915
9963
3836
8779
5354
3712
7208
6530
4519
4113
5374
1503
8351
4311
6865
9868
6533
6885
5772
2639
7536
2723
7295
9572
1278
262
5784
5831
290
8845
9117
8251
9304
6938
3750
6905
3034
7308
7447
8232
6715
3365
6219
5077
2240
7357
7132
1119
9998
9922
1199
2610
8063
9001
2205
4446
159
2870
3803
9764
8466
179
3387
589
3032
5841
2507
5990
1448
6969
4348
955
9098
877
77
2319
2049
3249
4309
2821
7893
8287
7568
895
9743
5707
1297
2368
7101
2963
53
480
1205
6402
7016
9148
9319
2387
7617
8743
4555
6828
2104
1345
1625
8478
1384
2945
5703
6871
2144
7730
7005
4034
51
4120
500
236
8751
7694
2317
6772
5323
4414
79
8494
3833
748
9848
7635
2315
4111
2596
4249
322
7820
7435
8699
8113
7264
9685
8933
768
2858
2377
510
3292
1972
3331
6945
8860
3068
9731
8698
7391
1427
6082
2794
4673
3841
7488
7031
5068
6146
1817
3907
7003
8241
3142
9447
3930
4224
9887
5821
4953
8657
4030
9655
1664
2452
7087
2926
8444
542
755
250
3366
5314
100
4907
3797
3310
5171
1474
8618
8485
6237
9712
9626
1892
9788
696
7240
6003
8089
7667
2384
4955
6160
9665
9841
974
8348
8070
2978
7927
593
5545
8997
7871
6264
3540
8936
4953
8165
1432
2136
603
2372
8529
1648
6409
5362
2434
2448
848
1304
3484
3641
315
642
128
7412
4838
2558
7855
9890
4653
7952
1689
4638
6831
2866
8810
5855
7813
9673
9566
5626
1577
3187
5533
1700
788
2572
2055
7972
5960
527
4252
3143
1799
8425
9416
9469
5182
842
2170
33
6370
9861
8576
775
1941
4279
7521
6541
1477
1716
3686
9332
9266
8637
3110
3736
7113
2637
7484
2026
529
7763
2391
9103
849
9818
4958
3937
9869
9731
8766
5507
3787
4484
2609
8562
1270
7722
9389
3671
4062
3802
9990
8090
7818
3686
5857
7040
1884
7051
2438
7844
575
8806
9184
3492
4175
7126
1301
3810
2884
2925
8141
7419
2013
1873
8080
7093
4709
7391
241
6945
5157
6063
3921
3391
9782
2914
1025
849
7008
1832
4712
3032
3108
9710
5628
4667
4275
2676
113
4502
89
9613
3051
2702
4938
5295
2354
8386
407
7083
625
5694
268
183
6715
6745
7481
9766
587
3406
5803
5161
6614
9304
3879
4542
1487
6359
1442
7287
5142
7855
5136
9286
1358
4639
9319
3332
2473
991
4879
3825
8819
4178
7656
8309
1464
6283
4280
6165
1331
9292
1487
1025
2068
1754
6185
4123
5884
9325
1760
4130
1128
5731
908
7836
7000
5027
7544
4306
43
4015
9569
1765
873
7874
3837
2590
1212
9129
8886
4883
4812
1999
8802
3670
5862
9457
6112
7687
9624
7600
3745
1290
6603
388
1009
9075
3502
45
9152
5134
3883
6117
2034
3547
2488
2322
5119
1750
9276
3367
1431
7685
7227
7610
3526
762
3216
1008
592
8488
2822
1877
8409
2275
3476
8904
5011
4832
8307
5186
3749
9803
3789
4935
5461
872
3331
8373
7810
2881
650
8601
8688
9053
6308
1842
5248
5474
2311
4237
9179
434
9676
7487
5132
7248
374
737
1991
3302
8700
117
3610
9567
997
5112
2686
3615
351
3776
5402
4738
3884
3284
2260
3810
8138
1834
8852
8226
7261
8011
8664
295
7596
5043
4606
3031
196
8517
7697
3145
3149
9899
386
3580
4471
6763
9490
8948
2848
2918
3482
7198
8629
7930
8488
309
5714
487
8310
989
2168
4574
3144
2157
5370
4740
5826
6522
3188
9143
1892
3134
4233
728
6099
5847
119
4310
9813
4427
1817
2907
8920
457
8937
640
4975
5772
4464
3532
2970
8553
2907
4105
9777
7
155
5079
4622
9598
7738
2698
7572
8487
1461
3791
8223
8148
4074
3164
937
9449
111
8629
3126
6615
604
7434
6125
4362
2343
7517
2372
3160
6346
9682
8103
681
5379
7136
4468
3910
9656
5332
3878
8171
8500
1892
5291
5494
6195
2065
724
8657
6182
2501
2298
3020
5075
8668
8007
3875
1484
2288
1800
1647
10
1756
445
8728
182
2306
1545
8920
7171
9944
3709
9819
6652
540
1308
402
3046
8809
4810
5607
9329
9442
2678
9627
3744
1211
4113
587
2530
9782
953
546
1053
2219
6967
679
8823
1953
3026
6998
6288
8953
3149
5629
847
3563
3380
1453
5687
8920
318
6624
421
6525
2799
9
1657
3737
3965
823
7823
5574
6877
9908
153
7859
7082
3946
6219
3362
5009
133
2802
413
1003
4932
8241
4132
1688
1608
5050
3121
2372
5727
2358
4333
4393
1914
529
1691
4513
810
2677
5778
134
6986
5649
8936
7401
3238
6149
2873
6395
873
1853
791
4859
8676
6759
2204
4556
3530
371
8698
1585
4344
1415
164
4744
6754
3996
1589
2609
425
5640
7646
1466
3224
841
9854
4280
5374
186
1801
1588
278
7909
9083
8079
6001
2453
4534
4099
8294
8855
7766
8936
3039
7389
1990
3248
7013
3134
8636
144
7110
3069
943
6411
2866
5061
4009
76
9734
6462
5895
4544
6591
7694
9613
9549
9200
3167
2054
2387
1103
152
5913
4334
8841
5563
8056
9413
6102
5019
978
8514
5447
920
6648
9342
1228
6137
7213
4936
2514
5636
1222
7058
8089
6125
7921
9
9700
4792
3474
1695
4058
316
8568
9862
1065
9367
5326
475
2490
8856
9981
332
7839
8157
5630
4647
121
2169
574
545
3095
4817
5355
2992
3128
4500
6155
9254
5265
2757
9883
8234
1323
8678
8677
2116
6259
7427
7099
1397
5461
7032
1727
8577
8147
2783
2629
3674
3758
2682
2080
1162
1384
8681
7689
1325
7888
7113
2623
5336
924
5290
5592
5258
5941
7034
8469
3821
6236
7795
9731
7193
554
910
9950
1238
8198
4083
2224
3291
5455
2047
4935
2968
3625
9487
7077
8668
8613
2687
8017
9220
4760
9210
7130
9633
2701
2573
8876
884
4407
2924
5563
4921
8399
9792
188
558
892
5596
8228
7630
4000
3915
823
8942
254
1593
5634
6146
3434
714
2149
7789
1081
4666
4152
5220
4408
5809
1278
2382
6840
3570
9543
8010
8758
9201
5375
2493
4425
6192
5876
1319
5285
7108
1813
7456
204
2024
805
6676
452
862
5599
8664
5620
7933
7428
4999
2439
6988
5023
5038
9043
4393
5834
8369
5268
9510
1833
9704
7570
5520
2164
4137
9009
8862
19
6403
2790
7443
5617
2836
2695
4447
3635
664
8235
6808
4146
9182
5185
1825
8212
6985
2877
5780
1640
8240
7965
5777
1984
2994
1609
8387
8857
2570
3481
8587
5782
1978
641
5404
587
8919
7447
6274
581
2433
356
5823
2327
1133
889
1251
4255
1553
5545
72
5479
8780
7572
3336
1239
4527
5093
1739
9991
1964
2785
4528
2658
5705
4671
5527
1239
8977
6231
4889
4569
9416
5331
1349
9702
3864
2834
9689
1701
2109
2363
7656
7384
6617
2991
2829
7953
3012
7943
5165
5825
2756
28
7154
1052
5173
5638
3210
5384
9046
9036
8746
6387
7232
7162
3824
2532
6099
705
2596
8890
9614
664
5578
8978
9963
1360
998
4740
3493
1221
4828
7516
4599
4976
9220
4070
2194
4905
3239
2370
7130
7434
1592
5064
4221
9455
1617
2661
9858
8058
6329
6467
3130
5715
9791
2630
693
8748
5382
2963
869
9762
2797
1883
6439
7759
1626
2021
5491
3677
9602
2218
2896
1941
4711
9434
4164
5445
1215
3564
1256
432
9037
4722
4805
7776
6158
619
701
4230
3010
6706
8024
3298
5220
9731
2617
4958
4056
3598
5404
6980
4257
8356
8782
33
5692
910
745
9185
7148
7342
7291
4985
210
7853
4146
1987
6969
6899
5030
3652
3004
3572
9570
3978
485
7784
9505
3777
2354
1235
3121
452
5734
371
1623
1233
4857
3177
7727
9573
7293
6110
9613
7239
2222
6694
2325
3169
3509
2642
1987
4200
6826
8607
7368
1549
5283
9708
2626
4939
3517
2346
7335
2945
4005
6716
3934
8266
9300
6733
8170
135
757
816
1459
7471
516
4723
1171
6973
2261
5213
3818
295
8782
4102
6254
4943
6066
2518
6210
2610
2699
5413
962
989
5187
4594
9368
2448
799
9423
3823
8939
185
6218
626
6917
8488
1718
3951
5947
5390
5367
6925
3125
9582
3469
9783
3284
3128
3000
7812
5048
3378
5738
3396
9086
612
8170
1466
9863
8640
2756
1793
8723
3821
5037
9372
1852
79
9621
9085
3024
6628
4501
7249
9733
1101
1944
6999
9649
1703
5878
5243
1218
1413
3339
3780
8199
2220
9239
102
9890
1850
3262
1396
5413
9412
1119
1190
3849
3531
9826
4834
6958
6970
811
730
7389
6079
2171
3810
7081
2995
8357
461
8259
2136
1326
6147
8189
5838
4462
5953
2630
9858
595
8285
3188
9635
5284
4500
3312
2738
7139
4897
2619
3894
2796
5148
8575
3496
4858
8094
5472
5058
7337
3996
6673
6879
1958
5591
3171
2671
594
6175
7863
8106
7957
511
1589
4766
3952
6857
133
1639
2459
527
9579
1321
6396
5291
320
6989
4313
348
8811
5350
5717
9870
1774
6175
7638
2660
684
2323
5208
804
8313
8440
6442
1055
8234
5112
8581
6091
2220
9854
4013
31
7312
2170
6512
5035
500
7313
1756
4434
5308
9508
4078
5637
6639
9562
5140
9709
9199
9437
2835
5092
8096
7150
3588
3104
8169
9750
5050
1949
7368
9483
7199
4662
9648
3531
5932
7216
238
1367
1751
7507
1290
1791
2391
1158
9304
4902
1107
8198
493
5522
2008
9602
2767
5090
1385
7334
582
9612
5857
2914
1375
1378
1204
4599
8526
5248
5939
2173
8819
1621
7230
7204
9974
8092
1700
3317
9821
5238
8903
4291
252
9797
5834
2724
3611
3559
3772
7350
7683
4989
5790
704
5714
8935
8832
6854
2543
2079
4202
7864
4695
3038
8582
6392
4838
2510
4763
8646
2385
446
7683
9049
3535
3595
5358
6476
3528
2385
6416
7123
2726
9278
5830
9929
2408
8655
8518
3272
8326
9370
3524
6755
3470
6759
513
7747
573
8251
4077
9069
3673
3858
1053
7868
1291
8120
1048
3664
7162
1893
6939
7538
1938
6195
1581
2866
3044
2685
2252
3152
8583
8421
7878
6052
1164
2226
2852
6842
5103
7493
9825
3789
8137
22
3352
2623
6210
5760
587
3858
868
2469
8224
6694
6667
9583
6166
5616
8505
965
3925
7731
5686
8326
2947
3885
3508
5125
6419
4240
1776
5712
9528
6188
6677
8255
936
358
2330
422
5739
8023
5036
2615
6771
7556
5670
7639
4949
309
7580
3467
1701
4820
9224
2895
7472
2483
2283
2818
1075
5034
9093
9442
9641
3084
2400
7455
273
2918
7623
351
4702
1027
6244
2830
1431
2063
2198
5135
4719
7766
9793
2035
7296
8951
9088
6644
9232
7178
4165
3839
1542
7515
6017
3884
613
899
575
6588
9143
8530
459
5374
693
9146
3665
1501
1650
8939
2175
1002
1176
8087
8876
561
1850
8849
3346
8827
1832
2518
3782
2175
5409
7400
1177
3157
5651
4179
9318
8313
8302
3390
7996
6760
6038
2752
3414
4875
9863
4317
694
8509
8867
2635
8832
5578
1543
3237
2722
6389
6940
3275
7522
3718
3369
3076
2239
4031
3077
1969
1769
6522
842
9791
3021
1505
8021
7641
3497
7257
5978
7944
3374
7019
5909
1944
9570
6256
2507
9384
7973
5801
5567
7021
7900
1161
2704
5459
7289
4879
4015
8306
2652
9603
127
1544
3666
8156
1989
6953
3180
8828
4255
320
2395
2825
3041
4321
6070
8217
4538
9981
3742
6761
7509
9968
4089
1050
9243
6986
5562
2841
4758
552
9026
441
3665
4062
3344
9086
2587
3620
2836
8281
1450
2714
6321
8859
1804
7545
2656
2408
6936
3704
3681
6410
5363
1415
5837
4831
799
7100
3703
7952
798
9160
7184
2142
8260
2676
26
5115
9530
7869
1860
8595
5343
4457
6613
3349
5417
7622
5268
9553
2073
2222
1107
16
6573
9832
4363
6507
5422
2413
6915
6313
5418
6213
4810
6856
3804
2911
1972
1991
2455
7146
6242
4813
6546
3122
5097
9242
7837
6154
1541
5081
273
66
4439
7694
8294
2005
3945
642
8446
4994
3874
1287
6430
3509
4564
9370
2941
8994
7395
8405
5717
9197
8672
1309
1511
7512
8132
5407
9979
1002
776
6914
661
4473
4657
9241
2178
6532
473
6984
3393
2751
8168
7263
175
6715
5762
3800
8427
5137
9753
4921
7673
411
6547
231
7874
2464
4551
2935
6008
2986
2657
7394
7783
4566
2949
1604
4550
3207
4352
4609
733
6054
7274
7797
6369
7307
6535
4246
11
8833
2268
4441
2743
8137
3327
2141
5591
2941
4648
7000
439
1278
8436
3596
5964
9565
4024
5157
7574
2979
4962
1745
1573
9166
9002
93
1159
4104
9496
9352
6303
7733
8192
5335
4305
4601
3320
2309
2298
7235
8602
7459
9773
8362
996
5171
7800
7155
5965
2733
5685
6636
5682
7693
3532
1672
5359
6442
2790
9063
2601
7187
636
4897
3943
2599
254
7648
3473
4721
7039
279
1345
8543
7774
8402
7383
1790
2016
8299
344
4771
4904
9462
614
2440
4392
2714
8458
5649
3713
4429
9614
5914
2039
7754
5175
8847
4096
242
9408
1751
3755
1596
9458
4702
3389
9642
3727
7022
998
6682
2398
8841
3762
5573
1856
3782
2508
9000
9393
8837
8013
4140
1434
1136
1010
7060
2179
5201
8587
8674
7639
3306
8672
4183
160
1765
5966
9270
6416
888
8639
3651
1585
1892
6168
7277
2005
9307
9468
1012
6327
6875
1629
2953
9730
7147
9474
642
8096
1089
9508
7654
2042
6222
5443
859
5855
9799
4054
4201
3776
3569
2320
2378
2216
5815
4125
3169
4632
9659
2219
6661
3776
4071
6134
5352
1306
383
2956
7016
241
293
9263
3281
3679
5847
6201
9660
771
4921
2313
6089
337
9403
7083
2116
3380
312
4150
7735
2559
7482
271
9468
2881
9964
6123
9341
8550
2190
3154
2970
8698
4127
6031
3718
392
9754
228
3999
7745
4575
5786
4136
6217
4892
5718
3428
7323
2728
5431
7793
7884
7645
5067
559
1101
783
7457
7324
1434
1101
42
4669
7087
8051
3689
5995
4362
6217
9497
103
2508
5404
3102
9307
1785
9687
2915
1631
4288
1550
6146
4917
1572
2326
659
2482
4792
1012
1948
7401
4777
4417
2598
1653
9781
5543
2688
498
7545
2250
3709
4505
3656
8245
9736
6470
9208
640
6152
2280
1335
6860
2478
9413
1963
4555
1275
4119
8246
4623
63
1623
7880
8349
1772
4612
3998
6204
4537
9712
3177
8160
5714
824
9050
7598
5741
1454
5753
4380
6183
8388
8452
7159
3069
6502
8500
7551
2887
9205
3980
1699
1838
8444
6715
2068
3838
3105
2817
8441
7111
3833
2589
719
4685
4712
6261
1739
2592
629
5727
1053
4262
3334
2284
2338
9827
1356
1557
3462
5195
9565
1373
6740
7822
4698
6726
5725
5170
6221
8591
8256
863
6034
3499
2043
6963
1614
7565
4607
7206
3648
5951
249
6135
7394
3634
8290
1349
2811
992
9669
5851
213
6301
5880
7155
9207
3596
4249
1867
2382
1886
7894
5988
5549
8069
3305
2759
9293
6150
7518
2370
5874
9981
4435
2896
3485
5162
9691
9159
3927
2826
1774
4283
7281
1137
369
272
3077
6386
3245
1740
72
2449
2623
3067
1230
5279
7931
7020
218
1589
2526
697
2209
8445
2815
4964
3002
8393
5232
220
8644
5462
5111
1279
5092
8443
5331
1449
7977
5116
670
5755
1470
7708
4526
2903
8459
3887
5047
6024
600
45
4785
8638
608
9202
1761
9142
6285
914
1846
3897
7990
6730
9283
1819
3378
450
3844
563
4887
3422
8830
2635
1620
4132
4440
3485
4759
5223
4160
9069
3068
5634
219
1318
642
6193
1069
6236
7643
1945
9745
1793
3201
6008
9333
5555
6336
8567
4518
1986
9747
9180
4883
3871
4830
2459
9136
7904
4053
9293
4682
5089
3032
4633
5714
2836
6221
3646
5031
4441
3368
5395
3620
1913
9464
7045
900
5003
9121
9632
4413
9865
5121
3977
704
3789
8625
1336
171
3173
9755
6115
1289
583
9763
7188
2840
93
6179
9917
276
6817
3238
8578
68
1108
9153
2341
1169
3271
4297
3136
3567
5133
7813
5962
2201
7176
337
8332
1757
5280
3787
4957
2225
5298
9262
2954
593
7621
9033
3857
9239
6552
8668
6540
4949
5623
6622
8220
993
7612
3965
6939
6734
4433
739
9651
1651
212
9361
1261
3002
7028
7963
2465
6151
1000
95
8556
7890
5935
1827
2704
6756
5234
4459
3925
6842
3445
1684
8637
9161
1692
3728
6677
2158
650
9806
9240
288
8965
1237
1470
5397
4950
6829
4081
2061
5276
74
1824
6831
4415
566
5196
3359
1618
7081
1503
1384
5699
1815
8861
651
7212
1271
8243
5796
891
4108
4284
8646
239
914
7299
1155
633
2870
1666
1273
5730
354
6089
2332
7835
3796
8106
4268
2718
3849
3904
3587
9844
3035
4240
3277
7073
549
9496
4324
6073
5711
5109
9720
4582
1611
8704
8679
305
2234
1704
5182
7325
8763
2875
9564
5524
8593
573
5087
2425
9568
1995
910
2861
8708
9658
2082
3293
1407
9385
9954
6072
8173
9893
9881
9758
8276
5690
7814
7075
1053
5111
8864
2947
9466
6682
3300
4192
4419
9275
9677
4343
5025
2821
4446
8945
5126
6094
239
8245
5751
1960
6865
9307
1128
5952
2752
155
3810
9668
1412
9539
5811
2226
1268
9687
98
5323
3304
2563
7357
9510
4600
1340
5521
545
8967
1653
5013
2210
3110
5358
1044
7675
2966
4118
9829
6220
1630
5585
2712
2275
3028
2100
784
4814
300
9421
8887
9649
5147
1296
9651
7123
3990
4588
9619
9539
140
685
7813
2216
1644
6522
7512
6869
3269
5646
760
987
7592
6964
4795
8057
3644
2603
3175
3247
3694
9577
5598
6128
3554
6748
7736
9990
8282
1339
7803
5775
738
6764
7897
3365
694
5583
9031
2427
6017
8967
3269
2963
739
1512
5374
972
45
859
7902
7177
5580
7247
5163
5981
8336
826
9217
6690
6072
2062
9598
5642
3884
1846
1447
9596
5719
4751
1509
1792
3007
9492
3504
6646
4401
7409
2694
159
4814
713
1143
319
4380
3619
7024
8235
5690
3743
9283
5693
6197
8071
591
5078
8944
1328
9361
5875
2659
7920
4807
7336
8066
8809
3421
7496
4264
6211
2902
1415
1745
1240
5304
3319
5457
3385
7988
1102
9252
1102
3232
9833
4691
7835
8739
5193
928
8750
605
4908
7134
1748
5808
4199
6335
491
5871
703
443
5666
7666
9703
8282
7837
851
9907
1439
8245
1720
9851
4754
3884
2221
7787
344
8110
2589
9015
2416
6963
8061
1852
332
6097
6917
7426
5098
4046
6524
7165
3663
4755
1103
5603
2447
7036
637
1016
7307
2683
3650
5956
9031
2765
5934
710
3110
5636
6770
2019
885
1924
2118
583
2466
4121
3817
6571
951
5189
2678
1783
8854
8312
288
8207
5010
6616
2730
2313
439
3712
9686
6271
6152
6148
3063
6816
6659
8258
7636
2977
307
4708
4748
6064
4802
4546
4193
5961
409
3445
1747
5185
3669
8342
7786
8304
5224
8501
2206
9564
2729
3830
8566
2528
3432
7253
7772
299
4722
4714
8074
7637
2750
5208
9683
4636
2786
6175
1936
2413
373
5937
7573
719
4673
5858
4239
2601
852
9784
1453
4707
4820
1730
7096
3689
924
3845
3969
4428
6040
4801
7861
2595
8841
6883
5791
3104
8677
1060
9738
5917
1214
398
3585
6516
9133
350
8262
4590
1883
3700
7547
9891
7948
1496
896
2160
9848
8904
9209
5463
4999
8204
5899
9424
809
362
4660
8573
4463
8020
5284
6828
7833
4367
7435
3765
6381
4255
1921
9155
1120
7919
6380
9392
9797
6844
6145
2024
32
2177
8298
2496
6277
2749
704
8991
2753
8096
8677
5210
6868
5765
7585
6014
8874
9961
5304
9238
8421
586
9060
1117
3049
890
6563
1245
9587
7635
9551
2902
759
5252
9094
7178
708
522
5591
2261
2422
1642
4264
8090
5464
7306
1638
9768
2020
8479
6617
7547
9161
4609
8147
3871
6056
4571
4678
9600
8251
7647
2143
428
9681
3990
4499
5850
442
6917
244
2356
9404
7979
8304
3968
5584
1143
3910
5773
2860
2342
3157
9544
3022
7754
7139
4669
9969
8982
3815
427
9599
8277
340
8704
9860
5419
3939
484
3690
8500
9676
2978
4822
2232
8784
3745
4335
4688
3573
8433
902
3346
9391
6800
5558
3799
7464
4588
7210
3950
9948
5123
8341
9034
7075
1126
3794
8214
6315
4044
7816
9337
4162
9971
9209
5780
1469
897
4120
4585
4568
7960
6325
5413
1659
7640
5479
7294
7189
5135
885
4456
1591
5707
160
8416
9503
4128
8288
6828
8111
6293
5545
3306
2922
3833
7417
7940
651
7955
8321
5493
578
4231
9294
8262
6956
8436
5972
9665
1550
8602
2038
3287
813
8857
9332
3485
6637
8500
8321
6496
1075
6853
8687
3113
2425
666
6170
6812
527
8141
2846
1178
24
8177
2837
967
1384
920
9057
262
5367
4113
2898
6352
370
7887
6773
4275
9919
9829
4330
2711
5883
5054
2288
3404
3843
6073
5951
863
2539
3025
3233
6075
5725
7818
2750
1980
9953
4759
5730
1568
1061
7545
7517
8822
3130
738
7384
1496
1964
1112
2959
756
907
5157
1695
7061
8778
8314
124
7922
1460
7364
463
8092
3766
5479
5660
4459
4300
8038
3724
4754
3020
7013
171
1358
2905
6038
8639
6366
933
9087
4179
8764
7911
5789
1808
3706
6036
6178
7447
7608
141
5369
2445
2834
3253
1530
4115
3445
9054
4761
6465
5634
4863
6825
207
9867
8643
5166
3200
6443
3088
7200
4459
2594
1907
6380
6679
7742
9365
9876
4514
4821
300
1318
3006
3647
4465
1082
2537
8496
6105
3908
471
2963
7650
4298
5726
8866
28
4976
2638
2641
7329
2415
5355
3419
2402
7940
2104
4949
2464
1124
9842
6670
7508
8077
4118
4856
2475
7192
7488
736
2002
2811
7713
2552
41
1387
1691
4855
9015
8526
7885
486
7899
286
5574
3483
2586
842
3975
514
6985
8950
8698
1271
5736
9027
9145
5409
1753
8922
3276
888
5133
193
8179
3607
2106
4592
3356
5997
202
9997
4577
1613
7330
4963
1041
2677
8013
6817
1513
4667
2261
9279
9695
9299
7054
4252
1083
8414
5423
9427
2946
9037
6973
9067
1057
4643
2022
621
3170
7224
9831
3969
5934
5849
4715
6497
3967
589
1344
2671
3553
5155
6135
9298
9301
5399
9112
7420
1952
7443
7376
4423
4470
7122
3000
2941
2463
4336
3731
8567
3956
829
5395
765
3241
9088
9753
7548
8982
4904
1303
9030
5123
9214
4948
196
1759
3286
2251
1398
1645
8725
5280
7994
5036
4108
7793
1755
6258
6418
4644
2305
20
2352
227
5222
8452
4309
2128
2937
9208
6090
2966
5275
6131
8736
7199
3735
3410
5301
8044
4687
4277
5638
1028
5937
7959
238
1563
8552
4364
9629
1726
2111
7367
7492
4217
5168
3461
3116
1125
3995
3049
4790
5105
2466
9525
6685
4604
8145
4049
9304
6637
5643
2236
8971
3967
6575
2972
6669
8172
6698
7219
1589
3860
2038
9968
5261
3178
7791
671
297
3403
8598
8095
1985
5212
5839
2381
4009
6016
2309
8226
1777
2707
7390
438
4073
6037
8985
5615
2429
9974
5123
8314
9614
1770
1096
8772
9328
3258
6791
102
9840
2775
7631
8555
9022
2395
1781
8352
632
4014
7512
6407
8279
3858
7947
39
2946
4283
7873
3
9456
8750
1416
5349
6396
6933
891
7719
2081
2365
3643
8750
8564
5436
