9540
3911
713
6790
716
2349
1134
7352
5938
6796
9693
8305
3382
7695
7848
618
6414
7427
76
4602
263
6714
3154
6132
9702
1323
2033
2285
5132
3273
16
3449
7496
9550
5337
1937
8726
5525
1273
6307
1941
4385
741
2103
6918
3916
3974
3513
5057
5120
917
3911
7026
8300
7713
984
8384
6804
2589
9031
9518
728
3463
4828
1115
9806
5427
2037
9492
1374
5910
7718
3993
2715
6910
5914
5852
9097
7967
6004
6005
3119
9400
4567
3411
3211
7908
3998
7118
108
2349
6952
4680
4656
5995
9700
5442
1562
4825
2165
6634
4719
9848
5427
9185
1390
5197
686
7051
8394
7894
6863
2128
181
1883
2124
4879
4810
751
4072
98
6663
7717
5797
6269
2101
6159
6999
7600
7222
8881
3942
2412
250
3284
1871
9938
8062
4807
2456
4263
354
1008
8398
7732
9956
2480
605
505
1998
1909
299
2753
3449
4537
1873
6817
381
8455
2327
3851
2102
5085
9851
5775
2996
2557
3934
6592
3967
4862
91
1556
2213
464
581
5558
8018
9389
3707
6966
5579
7290
7179
6463
4759
4557
1457
1081
7802
6920
2921
1029
6735
4051
7689
9750
7745
5448
5620
8895
4358
4264
9756
3319
9673
283
3175
1641
8482
8805
5181
7368
7204
1971
5675
3088
4579
1429
6039
2504
6944
5030
2209
9475
5779
7366
3186
3525
196
2713
8548
4435
2006
8344
1054
3587
9200
2949
1898
6355
1672
6635
2868
4869
9886
6276
6785
1000
2019
9013
4074
4514
5157
2804
388
8457
5496
6730
2893
9281
2482
2402
5748
5023
8178
5089
2469
4636
8462
6064
6097
6022
3145
1461
8390
1824
9453
4608
128
7274
8890
2737
5499
4571
3019
5767
9188
8618
8769
8082
1451
1949
5822
3258
9623
5560
3168
9929
3206
6663
8345
3539
3295
2599
2935
7990
6854
4670
2980
1564
6683
5035
3036
9613
9120
9528
9078
1106
4421
3276
1394
5252
82
1965
2141
1571
7680
9906
3348
5490
8788
9559
4851
9472
8905
154
6984
3650
5721
1762
2632
6075
328
2367
173
493
5469
3740
2556
4745
3661
8497
4031
355
6886
7173
8227
5489
7973
5585
480
5458
6708
240
16
3867
6324
8594
7022
9197
1122
2224
6605
5666
8921
6505
1474
3686
2517
2955
9615
5618
751
270
4604
2899
794
6906
7092
2793
5000
9144
6745
5164
8537
1126
7989
1865
1378
8788
2639
7994
5910
2348
1702
9684
2308
4879
6013
2570
8764
2841
2195
847
1807
3158
14
2808
3010
5215
4579
4095
4382
7645
7300
4516
3032
5246
7542
5742
5400
8452
8158
2959
5288
4891
2200
5222
8235
5203
4500
6462
7287
3291
4877
20
4528
2399
8167
6742
9395
4392
8581
3414
6235
9858
5972
4830
5700
1419
567
9613
6986
1318
751
287
6876
4031
1287
4027
467
1482
6794
3590
2569
3716
4305
1190
8872
2075
3101
9281
8320
4122
6333
5811
2723
6300
2141
829
2065
9713
651
427
8044
2478
663
2734
8231
3231
5014
4680
8464
8936
5427
1911
2070
8585
3123
5960
8329
2143
2179
1869
3245
7143
1488
3337
1610
8158
9683
6551
7396
7108
9527
6251
3937
7135
904
2384
812
3340
5306
6705
3030
5088
1027
2979
7747
2316
5398
5487
808
1535
2733
5806
6303
7029
3858
3580
4932
3166
5466
3583
1072
4249
6175
7201
1439
3519
7176
8377
4928
6316
8183
4537
2456
7767
7262
832
5956
9699
3039
974
4585
7407
8079
1112
7289
1528
1639
3698
3541
5774
9783
8745
9177
7811
3110
3667
7257
5680
4554
9661
7478
4594
1040
9780
3820
1969
5241
6752
1899
2962
9106
9546
3040
7762
8382
9439
3792
3426
8194
7980
6897
8051
924
1401
9972
9495
9665
4466
4370
9638
3458
4464
1618
8898
6906
7783
4773
5650
9879
808
1518
4491
2114
1095
6225
1981
3724
1095
5911
7929
3079
2801
9675
4753
3583
1971
3941
4279
4339
8661
8000
9159
6980
2087
6521
8881
9640
8038
4950
2366
1259
9277
625
6084
2772
3208
6624
8372
9199
5172
2803
5793
8444
2258
7961
7355
3027
2779
2126
7065
6977
941
1141
7829
4788
7764
814
3138
9760
788
1653
4728
4443
3426
8775
4784
9691
8834
1873
3275
2202
138
8535
3788
8979
8502
5213
5910
5116
3877
7285
2224
2591
5137
9862
5238
9207
2556
8006
3001
2020
4501
7716
246
5082
2298
2276
7955
3196
2968
8840
5429
8225
3885
5175
928
768
8287
1340
4326
9262
6485
8734
5185
2305
5075
8983
1211
7055
9139
6404
4762
7400
6158
5544
4202
7949
1451
5453
4130
2571
9374
1960
6360
6024
9778
3304
1200
3561
1377
6955
9951
8173
9647
4604
575
9722
3431
4812
1579
5426
6141
7500
6618
8481
8627
8869
9512
5046
279
5637
1200
7756
9033
3879
8726
3987
9323
7181
7472
7600
7073
8156
4693
9598
7335
6851
5102
6991
9826
8265
3625
515
4735
6019
4860
7587
5447
5951
9158
283
5172
65
1201
3538
7677
8455
7172
7767
1789
2618
21
9290
7986
20
3147
5795
2290
24
7938
9939
4199
2338
2248
7686
3899
2076
7620
5490
9999
4282
6406
9006
6789
3796
4457
1026
589
8909
7957
6407
8684
5988
5410
3994
6537
4263
7799
8658
306
4670
7599
5739
2955
6315
5005
5407
8758
2428
7863
6529
6542
2138
1261
1525
4109
4002
4781
9727
8254
1854
2031
1494
5997
5935
2699
6037
4106
9256
2987
9726
5852
2618
922
6811
1458
8792
5836
547
7589
9926
1095
6181
3881
691
6591
4195
722
8112
3904
5966
2915
9292
3236
3866
7778
9741
9060
1246
3848
5165
8651
7867
1780
543
4886
1847
1871
2156
1448
9300
1898
8671
7866
3969
4547
5801
352
7197
1527
2785
8038
7443
2337
7324
6313
8871
65
3477
4610
219
5224
4137
5677
3486
2127
8113
4184
6722
9239
1165
9095
4888
714
7242
980
842
3905
6591
1267
3525
9920
9450
4612
481
8124
7410
978
9183
5324
7608
3816
4254
429
1023
4531
1337
9951
4549
7987
640
205
5805
6059
2770
1466
1275
7495
5412
999
9243
2365
3729
8913
5390
1821
4237
2183
8930
4850
6999
9129
1804
2602
2011
4299
4693
5506
6354
2857
8686
7867
8647
9973
7313
8777
8038
6012
9654
1801
1010
4039
5807
2434
2803
158
2081
5781
4075
9510
5119
7055
2964
6282
5332
2845
3304
3415
4333
3326
1595
9778
5697
1396
6537
9077
1182
7188
1272
8806
9921
638
4442
7512
3521
9110
2833
4074
1912
9680
7310
9118
1247
5131
3529
1061
1109
7156
8199
2325
1884
4987
2858
2860
2849
418
5787
1214
8854
9794
6572
3723
9181
5800
5421
3100
3859
5293
8734
587
3094
1219
7180
6818
757
8155
2345
8796
1698
3763
2316
3432
4870
2908
3650
3325
7202
2298
7360
1847
9934
165
759
5854
8832
3133
5954
7639
202
5306
6910
1092
4720
8529
7414
6967
2708
9522
8203
9685
9904
9918
268
6021
768
5095
8584
4999
8009
5023
813
433
5914
6994
7451
1845
9245
2848
4987
302
7002
9922
2549
905
9
9918
7747
7009
8001
1350
2528
3938
4018
7162
2459
5983
2843
2238
782
3840
6329
2454
5110
3555
6174
3709
4206
1666
8265
853
4764
581
7687
185
3480
1182
3349
6431
21
8275
9857
2185
6141
5513
9549
6874
9085
3867
4574
1014
9594
3242
4887
9778
1086
7086
5501
4330
6291
8939
8855
5745
5163
3487
8533
99
778
7671
6473
3895
6992
7698
6470
9984
983
5421
2771
8754
4917
3757
6604
674
2190
2507
8790
5591
2922
201
8477
5372
814
6211
1372
5991
4314
1217
327
5411
7822
2585
7480
8602
9162
2257
8053
287
6624
9026
5355
3111
8456
3864
6873
423
4656
5813
8251
1353
6670
3830
784
3864
3844
1614
8635
1019
1806
8254
1539
319
5162
3302
1703
4236
6869
1508
2402
3177
2574
6571
4454
6076
4569
5376
3976
4554
611
1518
4056
2060
9549
7305
1036
6946
6119
7775
216
8722
4394
9291
4684
1209
177
6899
3657
8914
5013
6497
257
36
1844
398
6586
6869
3390
7610
9359
2013
6491
1961
3156
645
7372
7703
8579
7582
1628
4684
8584
3342
4419
715
5141
1030
9848
5156
9891
5231
3983
2281
8374
9074
6534
7278
1563
9750
2696
1289
3552
8324
8141
889
5232
1703
3551
7364
1947
3616
1256
9528
814
9781
6141
9378
5875
4345
5617
5389
4680
423
9559
4019
8612
4312
1161
9199
2908
5316
4670
2722
2193
9237
7579
1396
7506
967
5289
8579
5862
5643
2942
8599
7694
5451
8427
6694
6363
8424
5826
9059
4988
5887
7137
8544
4865
4282
7055
8325
9153
7426
3426
7049
8788
6594
9323
6061
654
4791
2303
5640
3481
6596
2194
3341
4621
6786
7122
9193
7551
7845
3069
8904
8964
5049
4112
4919
5056
4987
8974
5940
5391
3940
2457
5089
9022
6064
4176
184
2823
1869
3668
5816
9080
4479
9368
7774
2719
2496
9301
8063
5492
3253
9944
9265
179
7771
6585
6010
2740
9888
3849
1920
9353
5919
3670
5615
3827
9795
2445
9241
1121
1308
6254
1335
3143
4112
1637
1694
1751
7688
3562
2317
62
1739
4310
5058
2701
3225
1392
2557
2018
3325
7971
6301
8435
5094
3630
1222
3735
8095
297
5651
4977
7401
3982
4888
7081
7690
4555
7137
5017
8383
307
7414
7889
8797
3883
1104
1783
2821
5288
3813
2047
5430
8211
3263
5154
6157
5045
4218
3070
759
3509
3420
5082
6423
571
3312
7524
450
4672
7915
633
3384
3604
1039
6721
6365
7516
5517
1044
3509
4870
661
3917
479
7066
858
9769
2856
1807
577
1772
3648
3558
2215
1377
6218
7559
8562
6715
7036
2551
9584
204
7351
1155
3516
2113
8800
2283
1823
2313
2061
7293
9778
5377
9435
6349
3026
8637
1612
2927
2140
8820
9502
8401
952
392
1590
407
6739
5185
8636
5204
7204
9414
8528
1361
9024
4743
2234
4430
6760
2089
5951
1731
400
6031
6063
7409
8427
2433
9756
7321
4194
588
7653
3689
7299
1638
1664
3535
2646
9468
5974
7867
2459
474
3079
277
5919
7205
911
8952
5998
5257
8065
7978
9298
7675
3455
2680
6969
4698
1420
5603
3045
8086
7976
3281
9388
6861
6443
8834
640
8686
4141
3424
457
7436
2321
5649
7854
625
2450
8445
1891
2588
8934
390
6604
6056
4127
2968
320
251
6160
3663
1673
5496
2797
191
3447
3889
1003
1365
6292
7004
4230
7528
3186
3360
1153
3546
3185
4397
8200
1409
4557
5494
9970
9788
4307
9532
1603
8628
3892
8392
8877
8802
931
6644
6678
2231
936
6998
7940
3931
6359
1178
9381
5013
8059
3051
2908
8564
7883
1966
8869
4536
4174
108
9770
6224
9371
8330
3550
2961
8218
6102
2470
223
2454
1007
2408
6331
6067
4561
971
8841
380
3276
8702
2957
3110
8593
6341
130
2961
3513
4429
7974
1068
1313
4113
9717
3047
4229
1941
3153
9908
3192
8143
315
6999
9421
2982
3921
4717
8630
6915
9491
3288
1078
6420
8547
4584
4101
927
2393
1062
7376
9172
1872
7018
7866
9851
9969
8460
2739
6652
601
7543
8402
3037
6778
969
8498
4374
4027
8312
4631
4240
5485
4239
9180
8908
1019
5765
7739
1473
5740
1087
3800
9277
3193
8939
2058
8156
3221
6269
2038
6903
4318
791
7449
915
1759
1073
978
5114
5679
1689
6523
2695
6634
5508
6834
5179
6521
1714
8488
1148
3664
3743
3764
4717
9221
1093
4117
3289
5272
367
771
1545
3715
9865
5665
181
4543
8931
321
6791
7904
6052
8531
443
5086
5851
5548
3362
7858
7137
175
7366
4905
2555
6618
6248
8632
475
7504
2613
812
8005
7198
1911
2588
3615
9884
2248
8670
2994
3123
417
4690
5902
3173
8640
2687
5689
5309
4312
1880
3815
1076
9730
939
3910
5373
7682
7494
8033
7054
5780
5270
900
4363
3381
1661
4447
5745
7230
2479
2179
8347
1819
121
1881
9509
810
8223
3106
9627
1311
2577
4809
908
2709
2393
4325
6337
9726
947
8602
8148
2331
3801
4415
398
9511
1386
7275
8817
9053
5031
9513
7215
1147
7530
6778
9557
478
3683
7209
136
7596
4512
2681
7850
9441
8920
4987
7353
1681
8868
2076
485
7773
1962
6779
4715
2176
1416
3417
1282
9769
41
9384
8961
7747
9895
8262
9420
7375
9326
6771
9897
115
6553
6397
5667
6620
9067
3517
4842
6591
2747
7754
997
6062
829
28
1222
1574
3161
1355
5832
452
9659
214
903
9160
3190
1247
6795
6369
3301
3523
1923
9336
5008
8583
7338
505
2535
302
9449
7900
3854
56
4201
7858
4613
3685
2018
9531
5379
4199
7125
500
4495
8020
8019
2781
3802
5114
8616
6729
7372
8030
8024
7871
8937
5117
8660
1309
3376
1107
6024
9564
8832
2826
740
1662
3671
5706
3397
8900
9
3071
8592
3500
3497
7176
1306
4344
8903
556
6023
2474
2598
215
8429
5275
2985
3186
3892
7771
169
8720
8572
5778
6709
4052
9723
9653
7303
9680
689
7332
223
8265
5834
9617
9134
3942
9424
7179
769
3975
2154
3752
8424
7875
3606
7073
7794
4505
430
7399
4439
2888
3049
643
6994
2826
8305
3835
8296
2123
7180
1601
6025
3367
921
901
2418
834
3577
9371
7821
2465
936
3079
7126
7141
3894
5365
9018
8776
1879
6901
6862
1872
1603
4611
4457
8608
6954
9589
1855
1438
9976
3597
9228
927
1393
542
4185
1886
3801
1564
5965
1868
9618
2604
4499
9170
2547
5546
3780
4050
1090
1930
5361
8635
7374
4518
7968
2602
9259
4806
8848
1437
2778
3229
8810
2036
7444
3968
9862
6049
5908
6306
4775
702
6782
698
9428
9597
5504
7318
2084
2058
1603
7017
1125
8781
7086
527
4938
7916
6343
5746
4510
2190
70
5701
4713
4617
7481
2125
5902
7821
654
6288
1262
7290
5040
7813
7933
5163
7280
9099
2158
4790
1759
1990
5438
6651
4198
1940
8058
1834
547
6589
526
9762
6448
7577
6476
228
1841
7563
9701
2502
9914
9531
5782
7219
3787
722
6097
4047
2777
4846
6967
3449
9914
9653
7264
4105
8908
5447
4007
5801
2770
6524
4324
9775
9132
1692
7735
5912
3010
3501
4830
321
622
9815
1891
495
3011
5204
1125
6078
9661
8867
3841
6775
4214
9003
3406
4762
6946
8604
1730
6827
2600
1602
1747
5257
206
2739
9086
2809
1424
9480
4350
1649
6524
3240
5625
2529
7965
9695
333
2060
2209
3981
1634
1747
1593
9579
7660
9987
6174
3993
9056
133
5882
3059
2480
7363
2986
754
7749
7931
7630
9870
8488
1100
5945
2609
6845
2124
7724
7511
3676
4860
1130
5794
6397
5539
3207
4185
7007
7623
4546
6704
4294
2267
7772
3236
5199
8770
7987
4333
6545
2690
2752
9909
4865
819
2778
775
1889
6134
3668
1793
2583
9619
3898
4900
6470
666
3555
7338
5979
2475
6003
7927
5334
8289
7696
663
1699
2378
8559
7287
484
1890
2731
2832
4157
5500
5361
9103
1947
1794
8202
5376
6658
7476
2966
7912
4209
5980
4289
9249
6180
2242
4085
5632
3622
2956
7100
2754
1825
3757
5296
437
2804
7710
738
6292
8175
107
7651
5706
6254
5988
4337
2568
2224
1123
9890
7361
8067
3565
5350
9186
1277
2497
5228
5823
345
9742
1924
3065
2781
802
8108
9548
9428
4972
9721
6228
7981
7555
36
703
1134
2064
926
1133
630
1301
4625
8533
8606
3361
8901
850
4443
3468
1676
9946
9124
7389
2331
8046
4650
2395
7189
6637
2872
7743
549
3668
8056
1001
7976
288
224
746
6052
3604
967
2286
3449
710
2984
860
5187
6051
3026
9510
5833
3795
4697
635
5285
8375
4893
9820
6240
5551
5524
3708
8265
1816
2279
2304
3938
7827
4998
5205
8776
6096
6329
6433
285
4409
2548
8066
2131
9595
7557
387
8822
1775
6221
8605
855
6936
9049
1786
8929
2788
9661
3397
7722
4997
1484
9693
680
2010
3782
9159
4573
8086
3533
6899
3824
4786
9718
2935
8617
9758
9753
7944
8601
8882
2917
904
7716
1507
2180
297
7852
5298
9541
2719
2731
8830
1884
1731
4301
9193
6594
1827
2647
760
7210
4007
3592
4804
2578
5727
7866
782
6738
1881
4165
7088
7156
2302
497
5870
5695
7436
5669
6234
4706
5758
7297
2391
4138
4823
1348
5638
9296
5101
9771
2684
7474
610
39
805
3340
5727
9081
3809
483
9977
3901
2412
1534
2437
4560
5612
337
2999
9680
387
8183
3574
5903
1477
571
7148
7458
2035
8163
3929
460
4853
1018
8391
626
2423
1689
3801
3787
7930
8193
6604
5318
8027
2695
5855
8040
6001
9948
6687
5872
400
9544
2459
2105
7498
4931
6135
1932
2533
3759
7020
7327
2248
6613
5867
7485
447
235
2754
9363
9678
9663
9208
5397
4401
1715
9906
3195
6322
3285
1144
5467
7124
7337
9009
3604
8428
165
5067
6548
1456
3353
5352
599
3832
7801
6514
3644
7952
2152
6222
4693
7231
9106
4014
4204
7362
295
5553
6781
50
2975
7669
6468
2532
7310
5597
83
6319
630
5933
9375
872
2755
4658
3096
8105
807
9407
7187
5856
3619
2529
9366
4819
5022
5252
5360
498
1877
9807
6098
7717
1567
6555
3934
2420
2716
2657
3882
4037
3258
5057
7409
6928
7523
9358
4503
1695
6950
2694
3158
9985
1152
7216
1210
3726
1703
3470
4357
884
4803
6498
9583
2911
8377
3613
4446
5064
3238
5026
4382
4116
1268
3210
6910
429
3580
8576
4743
8094
4856
1596
3273
4200
7395
3229
5747
2546
672
6543
5615
4557
6740
6765
2952
1093
5313
4976
3880
2499
5871
1445
8867
463
5081
2028
9866
5363
8146
8204
172
5659
7042
4389
4448
7865
9089
6958
4807
9461
9166
5196
3617
4497
9388
8020
4607
8586
6074
3623
193
3290
8077
1756
9803
299
237
5036
7208
9094
3737
5991
4411
8586
3735
2228
4062
7608
9852
1109
6106
8346
2196
2152
6561
1060
4463
9802
4587
3698
5401
4055
5867
7793
2067
1741
365
3547
1699
3086
5454
8490
4229
9843
5640
3501
6460
6957
6873
1544
5146
1671
3871
549
8007
2152
9490
329
9009
6341
189
2482
9809
6115
7259
3148
9478
3066
6490
7859
7872
7109
95
1362
5883
6581
3942
2682
3333
1685
1363
494
8398
649
9498
1451
7115
3712
1703
2213
9287
4120
4203
5677
2839
3184
4548
3471
8120
1688
8952
7575
2760
3525
5118
2211
2189
3778
3353
996
6005
3120
9505
8958
2012
8413
6896
6207
6628
9171
9190
3756
3988
3575
3337
6647
2863
7762
4812
717
7231
4076
6427
8188
6078
9668
224
321
6385
2044
4773
415
2914
9377
9735
1324
8728
4665
1508
1221
8965
9061
5793
5842
8731
134
2202
9684
6220
6012
1238
7099
6686
6473
1397
2980
7863
1859
9578
5936
5210
537
6415
144
4989
8605
8618
5947
8678
6991
9434
8578
3154
299
2237
5931
7186
9513
4546
2009
8323
7810
3701
7229
7416
8338
717
4230
4678
2569
4734
8787
9260
2779
3227
5129
4973
4023
4908
817
1387
8165
1175
7832
7825
5048
9294
666
3469
7892
6517
9657
6568
9401
9951
2759
4035
9773
2516
1171
8433
3047
737
1871
5531
6647
1148
7488
132
2484
6898
6272
1577
4686
9118
6302
6772
2466
9624
8980
4814
9739
4472
8136
5678
8853
3558
396
1235
3932
608
9825
9625
7620
9223
7704
1148
8322
7638
7257
5878
2151
271
124
6406
7581
3300
7653
8928
6650
7535
6013
7290
3474
5631
3195
7562
7769
9903
1473
6170
8965
5237
2163
4965
6289
2932
1586
5633
4047
7854
2407
2665
5589
4649
6187
4613
1880
8076
9811
4552
998
1879
2121
2726
4653
2461
2837
4672
7561
2447
4890
4622
4939
2133
6445
2119
9941
8043
2753
720
9505
5463
2654
3903
4673
7123
5327
3450
1858
7195
7642
417
7946
5108
5275
565
7936
726
7562
7619
2922
7032
9851
6657
9345
3463
8532
724
6434
5218
8072
7756
7822
2501
2658
7164
5376
9888
7102
8473
2254
2484
2129
1087
1465
7225
3272
8107
4815
6799
8206
5608
8096
255
6440
8905
3949
3420
9898
8640
6716
8460
9980
889
1656
5885
4423
6278
7206
278
5674
6519
3506
8107
8905
5669
6712
9548
3797
9324
3646
5931
3894
1939
7518
5608
3284
5385
1154
5722
3925
1758
2648
2684
5073
555
4741
8370
8146
479
2518
423
8327
7078
1057
9509
6936
1608
7018
7951
6995
7596
7329
5070
2053
1383
2905
6646
1300
5893
1716
1157
7001
7299
6730
7352
1531
38
344
2393
4966
6219
4004
6488
6251
7676
6927
4149
2913
5580
2628
6744
505
1487
6941
5949
7727
2761
8484
9695
7228
114
8327
2560
9785
7826
1653
5970
1790
447
3637
8613
1000
9679
1237
366
9800
9532
768
4224
1192
9796
6649
8505
3337
1738
9364
2587
5769
8669
7956
8038
4064
5762
543
4319
7753
6992
9997
6255
5805
3352
47
1675
2330
3695
9981
3643
2515
9930
6824
1304
4994
821
8286
2663
4921
8592
8987
2717
9621
4182
4188
1182
467
5163
991
3895
8381
6945
2807
7107
2269
3735
7644
5261
4802
4575
4079
5796
3008
7578
379
1892
9490
4611
1526
6390
7594
3045
7175
8214
4873
4473
3473
1021
1659
1263
5757
4219
1129
5577
1015
6242
5010
5871
9023
6258
5843
3330
1056
9244
7619
8321
3757
3126
4268
545
8278
8826
9667
8429
9322
267
217
2346
8743
357
1866
5732
5100
1759
1362
5435
4928
5456
8287
7892
9116
9019
9202
9373
5827
4985
9999
1137
2754
4002
1332
7092
609
327
5575
9564
3337
975
1415
92
9232
9275
2036
3790
8224
2760
9899
8955
7383
8433
4442
106
4263
1583
7122
3348
8940
1438
6874
8144
3438
8508
8015
6464
8380
7745
6601
8598
4889
2262
8089
324
2755
9284
3567
4767
3101
8665
3673
1583
9551
777
2325
1046
9092
5503
967
5130
2929
5759
4374
6641
3973
4265
1776
3608
4219
8380
9646
8416
3948
6757
5395
5845
9826
706
8237
2108
3048
9847
7422
7561
5821
7052
2677
6458
71
9521
8341
7188
5075
6479
551
2456
1403
4029
9787
2433
3761
2795
2906
3676
3640
2335
7575
2836
1345
7034
4164
8154
931
1221
7568
1982
6868
7341
4158
6844
5924
4152
7713
3237
7353
4019
5763
2633
8868
3643
6885
1774
4178
4292
4065
3888
3087
4984
3579
5909
837
5231
662
3899
7555
1576
6994
785
9913
4466
1859
4415
3903
1865
5070
6851
4532
1712
2876
9416
484
5431
5601
4948
8099
7369
934
6943
3511
1685
3858
1068
8482
2999
2775
5301
4028
2083
9305
1607
815
7069
7417
8471
4684
887
2544
4287
5947
4696
7111
2634
1247
9110
5379
3639
3800
3792
1902
9149
6434
2554
8160
9468
6875
101
5661
7259
9122
2170
8584
6228
7003
3363
6069
2088
6767
3783
3659
2816
9888
2032
3000
9729
953
3547
3871
5371
1860
7515
4237
6670
8790
2057
4506
1098
4117
4892
4042
6978
3449
7282
3091
2923
9536
8984
5304
3574
4908
6012
6900
1496
8951
1148
9219
675
5847
7802
1194
7075
8908
47
1255
9815
2965
7737
1043
9129
2275
6802
7875
4876
6742
4942
4590
9601
7763
2673
6953
9238
7239
74
2254
8268
9781
1984
4059
6755
5227
4904
6135
6836
531
3728
9231
5082
3621
2459
8143
542
3994
233
1324
1358
1947
1762
6894
1306
5000
656
8027
4571
1828
6934
669
5039
237
6176
8902
1525
4842
9368
8026
1729
2350
5442
2235
2893
393
7829
674
3901
7309
6311
9705
1949
7965
2403
4757
7561
1266
6154
401
6744
3687
3155
6
9894
2724
4992
6790
8477
7129
8527
2456
2896
1888
7305
7645
1059
9252
7610
9569
570
369
638
5277
8284
17
3125
1866
563
8933
7586
6688
3635
4053
5190
2268
1893
3054
8659
2656
4400
810
9232
884
1298
494
6969
7706
416
9628
1231
863
6728
713
3363
4525
4895
2297
2698
3758
1324
2726
958
9404
3344
9168
4786
8963
1232
9246
9039
2295
6736
8418
2959
3970
3422
7003
5717
5413
9032
308
2839
6736
4363
9994
1610
9821
6186
154
3449
1735
2071
1561
8241
4440
3889
5805
859
4223
6458
9385
39
9345
2179
5878
2769
6102
4006
6860
7123
212
2912
160
7735
1321
9289
4071
4343
2577
8385
6313
2355
4280
5785
401
2638
1609
9627
2769
2230
8757
695
354
4078
5600
76
9880
7593
9173
6015
276
789
3305
4458
1156
7058
8509
8260
8549
3118
2541
9929
2968
3102
2293
1990
4770
8091
6660
8915
8190
1542
6024
9517
221
4537
1097
3423
158
5804
5666
3996
8552
8417
6425
2972
7284
5261
8176
3121
6167
1619
4116
8580
5229
1022
5491
9553
3394
122
4954
9308
921
4512
3964
2286
9616
4124
7535
7504
7786
9629
1937
7378
4028
3193
3992
1833
4820
3130
3462
5683
9506
3913
587
8744
7722
4389
4373
6815
2674
5520
6626
362
9607
359
3286
7983
4044
9356
6056
1523
962
8849
3510
2693
9955
1506
5898
8789
9303
6432
9172
3535
6490
9606
9014
4696
8901
6858
1599
2243
249
3361
6095
4097
6794
399
2377
6259
6152
1899
7414
1405
8696
5467
3270
9256
7649
2448
9090
2804
2115
2672
4061
1865
2146
3116
2089
4008
7569
7998
6101
9715
3896
8513
6708
4693
8840
9453
1481
1087
1621
3069
3806
7600
3874
1183
3556
2961
9099
5175
7205
2250
1995
4432
1413
9860
9518
2689
9847
1356
3457
391
3084
4449
6822
6484
2454
5034
9907
132
9722
8007
426
9096
8500
4882
4099
9490
213
5281
4021
1355
9815
7900
6979
4
1745
5957
3187
6231
1045
8057
2859
1305
6759
6961
2069
7918
6681
1669
945
761
2465
5598
6312
9407
9004
4310
4734
567
9595
1343
5074
6288
6892
5244
8576
5055
6500
240
997
1347
4263
1041
1826
9030
2490
6040
1289
2803
9648
5544
9108
8879
577
6089
3526
7446
3449
9200
1497
6338
5772
4141
2246
6058
2199
5520
8244
4309
7522
5816
279
6793
5153
2970
6313
1109
858
2442
5479
3255
3089
8457
1218
5802
5438
3836
7046
176
9568
4084
2535
2792
6091
4047
1623
7949
6365
4043
9636
9786
223
6402
7694
7309
8951
1911
8950
9911
7482
9723
1010
7901
7246
9051
366
8399
5853
4698
1132
6211
3365
8487
6412
5165
7885
9195
1430
8652
1458
5489
5028
7172
2528
994
861
1507
3468
5676
2748
1058
1118
4974
1151
379
8572
1698
3851
162
8001
9768
9501
3697
7548
8411
6875
2275
2597
4659
8137
3981
3610
1078
5752
3332
3048
7579
9961
7855
7477
5725
2383
3658
7514
3864
306
3763
5310
3043
8863
5973
5534
8922
157
4127
3305
9814
7994
6433
1991
9819
9700
834
9849
3519
3044
1968
8555
8402
1125
8181
3222
8558
7827
6210
8835
3820
2670
6539
6570
8848
9485
5102
6232
6147
9151
369
6431
9787
7148
9784
1783
6409
4266
6208
146
9390
4781
8523
2574
9803
6150
1032
6083
6548
7436
7982
604
6111
6439
9093
2802
2975
1320
9777
7044
8216
2647
3323
9507
7022
4613
4350
2762
8255
6160
219
6506
8345
7221
2410
5027
4425
7647
3630
255
6385
557
8627
1513
2293
6082
1622
7067
3955
6630
5633
6629
9724
3322
5633
7481
9987
3705
5798
3922
4545
8138
7111
5381
7043
8049
2960
2192
8945
1461
6249
2400
6843
5132
2452
6287
1570
8275
2562
6889
5456
6266
4098
751
7013
6956
3079
4837
8975
2236
85
9446
8309
4571
280
5367
8960
774
8225
409
2406
6283
7087
5896
2389
3868
6469
5872
7801
6845
9501
6768
9882
7400
297
8006
1029
8768
6545
6986
5732
8866
62
3095
2189
5495
7986
3636
5284
422
6562
9024
4542
534
8610
4012
1651
3649
6619
5154
4718
4085
5899
3171
4917
884
5593
9215
8256
8059
3683
8781
6152
1839
486
6587
1197
6995
6729
7647
3571
598
9175
7355
5642
1978
2631
3679
665
4335
7769
3657
4567
6606
7584
1127
5909
3458
5654
6205
6939
8256
3728
9010
7838
4375
288
5253
7226
6098
8017
8429
3842
1019
5570
7102
6417
9066
4978
8055
156
8091
4724
3639
1174
8381
8831
6816
5791
2294
6805
7221
6778
9604
254
8365
2490
9614
7712
377
664
9305
4685
3474
8659
2631
7146
539
341
5018
3479
758
2190
8231
3231
5650
6448
1973
4446
8242
3542
7220
4250
6873
401
1850
719
3522
4112
5176
7307
3548
939
8332
2371
5921
2668
4160
4624
2536
3163
4575
1898
7953
4389
5640
4831
3486
6840
7899
7775
961
6542
2448
4119
3791
8179
2407
4777
9972
3796
1609
9780
257
6998
5838
533
656
7872
9064
1866
2680
7735
7133
7183
9275
6340
6722
8999
6477
3235
3122
7560
6352
1467
2334
6323
3754
2117
734
4094
5560
2219
2342
7360
5516
4830
2020
1337
8321
8243
149
699
1359
1404
5255
5369
2138
8031
681
763
7541
677
1199
7067
8724
6369
5826
4047
4047
5914
8324
3507
6546
2359
9409
1074
1553
326
4833
7265
6377
7498
121
7656
5954
6975
5922
8094
9472
6026
97
2224
4089
5297
7093
4637
3073
1300
4000
9601
8833
3031
5724
988
3302
7102
5967
831
5637
2964
8377
2002
6316
5255
2506
9844
36
9747
7153
2352
5314
2473
15
2121
2813
2844
8233
8530
4378
6473
7100
1244
4804
4704
7867
8125
3127
2595
244
7417
9035
7402
322
8160
4141
8128
8507
964
8089
6365
1016
4389
7476
3745
1141
2954
982
8058
9167
3998
3909
8018
9386
3781
1500
1369
3861
5642
2698
3786
7093
7303
7991
2380
6541
6511
8898
1079
8815
107
6069
9873
3901
6015
1706
5557
7096
8040
3495
9294
1770
69
9892
3173
6063
143
9197
3093
1309
5911
2227
7479
8148
9354
8542
239
1280
307
5405
5474
3948
2461
5597
6322
2097
7763
7527
1240
7533
6935
3620
5757
3390
1387
6012
4821
2605
4847
3228
3417
2391
9559
8310
1215
7014
7064
6994
4551
5343
5568
2211
6580
1541
3743
7636
5958
8427
1765
6385
8512
9894
9978
4081
4571
9728
7876
4273
3702
7113
9384
6813
7736
1768
4480
247
3316
352
2693
6009
4855
4398
2809
231
6690
3934
5588
3454
5950
6877
5929
3354
7376
9752
9317
2771
1403
2132
6755
278
797
4119
3134
4914
503
9892
820
1529
7820
5620
2452
4583
7621
7071
276
8367
8766
8939
209
1424
7585
6395
675
1158
5709
2488
6348
6925
5394
8429
1438
5585
6556
2364
2566
3777
1434
4494
7433
1969
7050
8504
8073
4575
6194
7753
371
6157
7469
8319
473
1101
8769
4586
8727
9515
6921
3544
2932
4755
5876
5728
4663
2468
313
1194
2307
7021
4308
3835
7009
6883
8002
6990
2121
4660
1445
1070
300
8006
9764
9456
5600
441
5459
6909
9225
2315
8826
9214
785
826
692
7568
3924
8468
7350
9302
7210
3770
5594
8126
913
3267
5560
6892
1575
2717
5040
2706
7793
5262
1142
5537
5115
6648
2058
8489
6909
955
8354
4108
6533
9957
9831
7505
3831
1589
4393
3717
9118
6045
6608
2716
4461
8437
6816
9556
7863
2923
2600
9322
3751
9992
4951
7174
2877
8271
1675
8722
5366
4687
9239
6328
4007
8520
7137
3529
1717
7034
53
6665
9091
4536
2793
6744
137
252
3039
7244
2462
7652
9360
8458
9027
2026
6651
9843
9371
4705
7114
4843
3722
8875
6364
4981
8536
5895
6389
665
7474
2840
3695
936
6094
8241
58
3559
3017
2509
5575
8119
6111
9483
1245
3765
1767
8502
9158
9916
7720
4114
9962
1000
6443
7570
502
4326
8494
1687
5464
7128
2978
5155
7369
6628
7619
8828
5655
4716
5073
9212
3870
7016
7375
2596
4803
3055
791
465
6765
7589
7960
2407
9472
7230
7406
3050
4183
3105
9789
3915
3917
7832
6569
6063
8056
995
9476
7916
7875
2220
5333
6716
8359
4885
225
9700
4309
6269
5753
2783
274
4626
6928
1571
9536
4881
2615
4261
1605
5897
1240
3911
6889
9565
9947
3888
8385
4264
9287
6389
9347
1514
9737
5699
5478
6833
1786
222
1512
6131
9808
4755
1531
9943
8980
5418
7341
9108
1771
8583
6018
6833
6435
9488
7840
7996
7419
8617
8599
1254
2784
267
3739
3659
7920
2755
7551
2367
6525
3094
4176
3316
16
3234
1867
4600
5158
3744
9052
7004
8364
5206
5748
1951
6594
5625
2198
9288
8383
6287
1598
3443
9346
1314
526
146
3216
5473
8439
6133
1422
2561
96
3493
4588
2656
5478
6394
1436
2138
8241
8204
4158
2756
3102
5526
9914
2614
5246
598
9450
2950
8154
9649
3873
7855
593
3124
3227
6321
6768
7190
290
5057
5453
5097
1770
8529
5776
5743
7034
1963
4047
1129
9495
310
8260
7754
8143
7131
3629
4362
751
8546
6272
9878
4370
3973
9768
4741
6326
3526
336
5142
4604
3580
6619
7221
7196
7961
5726
5644
9235
4231
1963
9942
2442
4544
651
1135
4356
9005
1222
2407
9187
7654
6130
4133
9384
1625
486
4600
8853
1718
4570
4809
3489
6774
77
6476
3831
2571
8450
213
1931
6355
5416
4312
5659
6614
8005
7128
8781
4431
4846
9265
6667
6504
7286
6146
3047
7485
5984
8097
4460
499
4866
7747
7380
1857
5800
7491
9568
332
6418
1887
4183
7249
4444
6370
7517
9644
7496
6107
1231
7717
5289
5309
8937
5914
8878
4912
916
8247
4378
1110
7807
898
9212
551
1785
3219
3200
5213
921
6144
5361
6268
746
3687
4217
1289
8230
8773
8070
5819
5357
3124
3707
9087
482
4144
80
2901
3282
7818
2567
5560
6882
9878
4813
2587
2149
9439
2424
9903
2631
8635
5011
9281
856
9337
6195
9648
7528
7222
6757
3964
5739
2399
3207
4074
5290
6624
975
9364
358
7563
972
4045
5897
5301
9591
2514
6795
8554
933
9340
8765
9344
7276
7379
6150
8825
9135
2476
2760
8563
5352
4818
9630
650
2290
2739
37
4637
7328
8433
7507
8445
3500
8985
6936
9889
3920
4112
1920
935
9067
1017
8913
5301
4881
4644
5080
8141
2593
3617
5834
7711
6356
9025
9641
2505
4287
5965
3270
2778
1061
5152
5182
7156
1997
6239
1106
3071
9115
9962
5735
2298
9949
4378
342
7756
1092
7545
7408
8041
7709
9234
6930
832
5771
2845
8385
2017
547
7085
5123
652
2996
8997
1610
5908
9569
8788
5869
2515
3452
5490
5348
7847
5680
9266
6192
2426
731
103
3316
2287
5894
3699
8004
7736
563
3403
7705
7317
8674
6678
6670
5350
3055
5204
1947
8914
1100
4875
1867
3664
9415
2509
2924
3842
2455
4421
5042
4946
6984
4944
2584
8645
2913
3689
4820
1180
6622
4205
2566
4681
863
9277
6173
9934
844
5601
2070
9009
3587
2441
1218
5324
5888
543
3634
7600
2792
5961
1106
9722
2081
5722
6623
5646
49
3944
3366
5136
3282
7608
4123
1681
9183
8133
4018
9862
7470
768
2478
1781
2714
6385
7316
9593
508
5756
7483
9508
1269
4831
3090
3988
8362
5416
6941
9534
3372
419
8446
1847
6322
8496
5564
5282
822
3
3731
2851
3018
4405
7655
9842
6549
1992
7862
4204
4253
3080
1034
643
8322
733
1799
7029
6853
5869
1863
6858
9139
510
1119
4902
6834
5721
8078
7263
7703
9882
3442
1145
5394
916
134
1901
9127
5778
6572
5560
9977
8776
3955
1584
9316
1367
4645
961
9895
4287
3328
7237
957
6207
1151
402
343
7592
532
1756
9591
5759
3428
9916
9419
6145
9199
3865
9269
3442
9178
6067
6691
7006
1819
1295
6255
1664
656
9499
7621
2720
189
6371
364
1479
64
9548
5299
6879
8338
1998
5210
5078
6813
6319
7978
257
517
6378
8466
2412
1636
6623
9551
8735
3717
5444
183
2125
7932
3705
6594
9926
6049
1928
8229
3548
1911
6507
1020
819
1437
8248
6979
4866
4577
7384
9074
246
1356
2757
9411
677
3566
3409
3025
8287
4374
9379
3519
2545
6061
9229
2433
804
2784
9673
2411
3922
2889
4161
9589
7801
7001
2222
9047
2759
3732
5849
359
3781
4968
6061
6300
209
4843
6317
1518
4803
4593
9473
3084
3905
5575
2556
6361
8206
5775
7065
4211
6829
8664
548
5314
115
3961
2693
826
1562
6969
3894
1325
6066
558
8198
7664
2083
2833
1542
3992
6077
2682
2897
4001
6592
2366
8617
187
2327
2113
6972
8513
4719
1369
6838
7207
4214
2257
3007
2063
6591
9254
229
7560
50
2290
8420
1796
2543
5474
9474
3477
3651
8678
9416
3347
435
8197
106
6300
8821
1595
3575
3657
5759
784
7755
8200
6087
2021
8962
6939
6553
3998
2488
8077
2359
7654
6428
1180
2650
4196
8627
6792
2855
6841
1480
2790
125
4418
9233
9617
3547
3136
1901
286
6623
7889
2729
9146
4264
3962
9410
770
8973
5236
9220
3886
9750
1233
5809
2092
4280
4441
3934
6581
7887
2837
119
1101
2451
2583
1875
9932
1581
5044
5906
996
7971
6127
3122
3199
5935
1444
4513
3719
9278
1277
4477
465
468
2276
2087
631
9708
4134
1079
9792
1837
9072
3592
7422
3513
8409
8884
8259
8271
3548
6666
721
4544
9760
5483
2285
3646
5525
4981
7247
7009
4350
7527
8761
5171
8629
6515
2033
7547
4479
4241
2109
8919
2942
4544
1690
3154
6157
4247
8841
7253
1275
4394
9671
9689
7095
5592
2999
395
9124
9761
4862
7577
2537
9637
8330
3721
1768
8248
8176
3208
7624
1777
9905
7183
5122
9106
3944
3970
933
418
2450
5107
2358
5285
9850
8979
3511
1229
4593
9897
3058
3898
5479
8443
3251
2333
9832
584
2768
1194
3078
184
8549
3420
8830
731
7952
6258
4426
4702
9670
9671
6307
9325
4784
7599
4128
3794
8549
7501
47
6187
4053
258
1215
842
7232
5553
4248
8806
5617
1133
935
2334
7466
7299
3706
3230
2093
84
9988
1978
9892
7915
2574
8327
1949
1501
7803
345
1846
8190
3814
8407
6385
3183
3193
6747
3012
3509
2396
7189
640
4806
1337
1455
1851
253
3160
2811
5980
5805
236
905
9042
1953
9833
3029
5234
8386
3808
2317
7596
6002
760
3024
73
6133
7195
7857
7442
9631
2938
6987
2560
8328
8894
8558
9931
7948
1100
4632
9905
3424
9012
7664
7142
7311
4886
4107
242
2898
402
3409
4348
734
8139
5833
2721
8422
5558
5233
8576
145
4325
2618
6789
8519
4522
3264
160
3830
1994
2104
1137
2321
7649
4594
1635
7751
1195
1629
1362
1729
3318
2681
8730
2565
4290
5992
6013
4200
2577
6366
2721
2977
9825
8248
4948
8968
3843
425
9436
4109
9207
9311
5424
6164
2486
2691
3932
3470
3179
511
4581
6052
1343
2507
6266
7980
6721
7936
450
3214
4254
9373
9256
5408
962
5816
5904
1710
9115
396
21
8053
7397
6816
9536
1598
1448
377
5319
3688
6203
8214
6736
9790
3
2024
848
4344
6796
5333
2980
2877
3442
4498
5163
7877
9564
6093
3214
3773
7350
6541
1549
1620
4202
5825
2088
5362
427
3061
7254
2633
6893
148
6661
7059
9620
6855
7391
2507
4871
219
3686
4951
2048
976
12
6659
932
9309
913
6505
4666
7201
1737
8956
6793
4789
6201
6949
8594
5598
4814
612
1975
5566
3723
728
3238
4313
6109
2793
151
3349
2668
7058
7678
2155
3376
8909
7372
9867
1117
6119
8696
4076
9485
6434
6086
4496
5049
6169
7298
3637
8868
8606
6491
3736
947
8511
8927
2181
8077
5240
7342
9481
571
9746
5581
7736
4587
8488
1098
3211
919
5258
2663
6017
4909
90
6645
4534
5595
2612
8703
6801
4346
4299
8655
3431
6484
4654
2880
1085
7826
4154
8034
5066
1062
2969
3156
7915
4785
6840
1137
9617
3795
4838
2905
869
701
4520
6939
251
6148
9881
4364
7364
6181
3391
1510
3645
4127
8201
7856
3269
4529
3284
9814
748
609
4493
2581
5591
4150
5601
2309
6480
2067
1503
4547
4731
545
4367
826
5427
8471
2797
5438
3330
7689
8829
1092
4799
410
6034
2273
5794
3855
8954
3758
6147
2097
2161
469
2241
5070
4262
7274
1998
6717
2522
505
1975
8861
1860
6568
1922
1817
194
1880
1616
393
4251
5054
4818
1704
3327
1128
4711
3006
9343
9534
6995
6554
921
4711
3740
1309
6732
8885
5582
3653
3722
5102
1615
5716
6811
8952
3276
3405
9742
4224
5617
763
9115
6966
5816
3294
9700
6633
6377
9955
7017
891
5248
6014
1834
1168
1613
2295
4023
5608
612
7326
1092
9143
9140
8604
7256
2590
565
823
2133
7863
1946
2850
3458
962
5543
223
4675
4311
684
2338
7722
7687
3439
1795
4071
2964
8823
4223
5707
5369
9332
9868
6362
8647
125
6551
1743
94
9633
876
4457
52
6143
2561
6099
1237
5777
6592
1426
4231
7779
1359
6087
6552
2002
7549
7012
8678
1807
5467
331
7051
2786
9460
34
8820
7403
283
371
3308
5988
8464
8368
2105
3907
7710
2596
8243
5612
2036
9940
2284
2114
893
1108
6321
7198
3135
9926
4091
4472
7853
829
5010
4786
5977
8127
7903
9205
4714
1945
3884
131
4741
1197
9723
4011
2395
6519
1504
4266
2063
4829
251
7279
658
1364
2918
1191
6925
1743
119
5607
4954
1715
9362
6328
464
8390
3567
2621
1961
3653
5155
1488
721
9029
5822
378
1885
8721
1008
9857
7462
3378
4024
3691
3633
7325
9019
3409
1756
8421
6061
959
3542
6818
9280
6744
7292
234
7414
2615
8572
4971
3348
6432
8264
26
4181
6788
9816
7222
4279
9332
2972
3766
3447
7900
2141
9601
5988
4321
6351
3100
9986
4261
1110
8541
6654
7191
3793
5759
9321
8136
9623
4094
5507
3959
6636
1602
4789
9807
5072
3193
4730
8134
9621
8125
6539
6502
4540
773
1414
6713
3355
198
1722
9277
9388
6970
5474
6279
3524
7465
2475
4707
2446
5892
8644
6394
4580
6769
9873
9740
985
6751
4876
3741
790
8347
1817
7324
4208
6812
8915
4798
3650
1497
1096
5258
2861
5915
4271
749
9704
6925
4721
1421
6405
4143
4651
4107
6993
8105
3518
9010
567
2365
705
7036
4771
3205
8644
6867
4558
8300
9089
1892
9995
2376
3377
8960
7052
6917
8873
4765
5938
5549
8847
5226
4063
5427
4556
3375
3609
1856
8320
7602
7710
4196
2797
4038
8223
4574
9201
5950
8234
3255
8947
8496
4232
2872
905
68
3567
5724
8228
2235
1573
1040
1753
685
6514
9878
8668
5675
8512
2217
2923
1347
6178
8235
6836
8049
5310
4026
1316
9858
3144
5986
861
4484
1117
1596
7331
4938
7609
9427
4996
6124
4469
8503
8098
8667
3872
1818
4174
6337
7177
3992
6594
103
7398
2597
7098
9568
9492
9470
1024
5747
2812
7553
5284
4406
1134
7176
9812
8341
5085
4192
3805
8898
3815
7256
126
4279
8047
6453
8630
2887
8008
7330
906
2290
512
4613
8516
7447
998
269
1530
899
7082
1431
8506
9592
864
8912
288
2586
7473
2821
756
1730
5758
8774
6435
5493
7025
4425
904
3679
9506
3530
5062
6633
4866
560
5365
5114
5192
8891
2710
9193
8086
2553
1493
5264
9639
4137
1066
6524
39
6567
5868
4961
6383
7493
9747
75
5083
4442
5304
6095
1114
100
907
5775
2066
2298
288
8973
4733
8204
1608
167
7507
6956
1863
7968
918
1957
3015
6400
7828
3001
6777
7185
2093
58
5395
2378
4513
8238
5866
9753
3220
3365
3341
6169
466
4662
891
2692
2633
3541
1715
4545
8167
3985
5190
4494
3729
6411
4539
7529
5820
5553
1039
7496
5452
2007
566
216
6919
1703
179
9155
965
3024
2431
4299
8279
3418
3962
147
993
3113
5819
2364
548
4527
5797
7468
9644
3420
1273
4172
2387
1809
370
9048
321
4675
8033
7945
2385
4842
8901
5935
1665
9673
2566
8360
6421
2072
8079
2366
632
3196
6006
2956
6352
5433
2281
9600
9820
4334
8454
1180
8685
654
5382
375
7855
6815
4168
561
2803
9659
8342
547
6042
8868
5190
1684
912
9381
3983
9481
1682
5315
8854
3892
2525
5378
772
3789
5813
9620
6709
2894
3230
60
4144
9783
859
9153
5086
6722
9297
4158
3321
6258
7670
4502
5874
6212
6780
3828
495
1272
8036
897
7919
4617
1248
5167
220
934
3162
1842
7692
7461
6874
9246
7459
3854
5480
9196
6264
1843
8526
6982
7682
3519
7977
2369
7679
3116
8812
5147
9138
6367
865
8874
8711
3502
5117
3108
8931
5505
4159
2573
4205
8406
8501
426
9042
7263
7482
2484
1098
3878
7552
872
4149
9360
7702
1164
2497
9823
2870
7404
9852
4498
2222
3458
3520
4999
7336
2948
5967
2321
680
3047
4636
4324
9234
4098
5940
9405
5990
3293
9287
8111
5689
8648
7239
4440
9329
2840
4092
9730
525
7244
7041
8357
9726
2158
8878
3994
3333
7829
9203
9338
5387
4982
4590
420
4663
9467
1130
9646
6271
3532
6052
2883
9647
714
1050
6891
6911
411
1011
9128
484
8287
7781
1340
7557
9377
8279
2824
8456
4089
6483
2592
9209
5390
4711
7226
166
5449
25
3829
9994
8388
4821
7958
8228
497
8228
2061
9571
8632
9306
5062
1584
5272
6716
2875
4072
3903
2109
8343
1557
1093
4260
5254
1800
482
2875
2105
5077
8815
6453
4949
6410
4762
621
1131
1261
2355
5688
9042
9698
7651
4311
5807
3510
1533
283
4359
2075
7517
4612
8939
9247
2668
3912
738
6507
9926
9997
6053
6422
6578
1587
500
4532
9024
4369
182
5390
3762
9626
9453
6575
8737
5739
520
7192
4448
5861
786
2880
1005
7121
520
8748
5508
1093
8023
9127
7614
2785
5171
4078
8086
8710
9509
6363
3228
2324
8476
7739
1859
8238
2068
238
949
7389
4212
7531
8822
8493
4753
1405
9541
9384
9888
6814
127
733
5625
4015
4414
1997
135
225
3247
5522
9772
9235
513
9148
4145
9144
505
4665
3338
9828
3667
3807
8
9443
4467
7001
873
1270
1817
2445
6138
5499
7842
7094
1436
4791
2971
9523
340
3731
6001
2283
9373
9201
1668
5307
2920
4313
1818
8461
9299
3924
6415
5078
504
7988
9130
5901
9596
926
3131
563
5784
1285
6657
3939
6612
6996
9080
5320
2399
5192
1087
9253
3931
3528
9128
2549
4550
4386
3624
9184
547
9155
4414
3302
9927
9122
1041
3883
9823
9929
6705
4815
9566
9169
9520
5161
5333
4394
6874
9775
6955
9732
3358
6325
6124
1548
3073
8319
30
9942
6808
8501
9534
9716
4387
3410
9993
7360
7610
5528
1735
1516
3535
8309
2049
7411
4322
2010
7795
9115
4227
3085
3501
3978
7682
3021
1187
962
2131
3645
4437
1003
7758
1712
4585
1643
7730
6623
6563
4756
7529
393
2998
1802
6823
1320
6533
5471
2492
4300
8946
3565
8329
7238
6216
9984
5039
8675
6324
8846
9011
915
3150
1123
5165
4021
9878
9757
288
129
1753
6096
3492
4385
5202
5287
4959
749
1005
2489
3922
2801
7751
6164
8767
7021
7809
5080
4617
4858
9747
2706
5204
1476
3678
5779
171
7288
4858
3949
7856
5627
6974
8938
1950
8644
7181
5096
4602
5031
7517
6373
6968
6559
3268
1683
4426
9863
8027
8680
2099
3526
3748
708
7914
7717
7352
256
6266
4237
2313
3552
2630
7874
8598
6212
7146
1526
4237
4113
3948
4187
6250
4247
8177
457
4654
702
6013
1992
4763
9602
5842
7291
3628
184
1593
2137
6497
876
3487
6665
7767
4697
5510
7497
8198
9203
5837
7147
9525
4501
9882
1677
1240
9858
51
6755
1753
1082
7932
8964
6997
3051
4650
9997
8893
5313
4278
85
9708
8572
5070
7583
9304
9404
4757
5573
5410
7564
8042
2568
3224
3528
5303
5169
7962
7884
6640
1474
553
3018
2139
2382
4923
3527
2495
7665
316
2147
5012
9485
7198
4852
2042
6419
5057
4958
9558
4362
7261
8881
4023
1535
3884
9662
6695
746
1765
9655
7997
2984
1811
707
6751
3818
164
9274
5780
8794
205
3747
5127
4101
7771
7272
3928
1801
308
6770
1021
9804
940
5159
2694
4982
7540
9436
9982
3453
860
3080
2589
8027
9257
3944
9339
3038
4914
9016
2142
9499
6644
9956
6964
9456
7750
4731
6444
9157
5782
8829
1471
5582
322
4385
1676
9968
4419
5526
1217
9389
5572
2228
6678
9118
4496
797
8755
1660
1177
8341
6257
7194
3653
8107
7390
7571
3427
6739
5306
6843
3788
9522
4943
2597
8772
9957
6205
7137
5311
3838
7443
6847
7680
8269
4362
3973
8781
4935
5163
7480
5294
7557
5425
2746
37
6603
4169
6241
8039
6147
9862
9920
2840
325
7873
948
6389
6950
1309
1213
4571
5339
5912
7239
485
1976
1070
7140
6066
5657
4008
7752
7141
1899
274
240
5782
4024
3481
4431
4150
3150
1763
6791
8256
9179
6265
6384
6490
1655
6623
6361
9147
6062
8069
7768
3558
8521
7590
8239
7413
5415
5613
2429
4625
7677
4423
622
797
5575
419
9377
3395
7226
2646
8212
6758
2952
6828
7501
55
7150
2585
7287
8834
8221
2829
3895
1864
995
2133
523
5848
4630
3182
8958
3671
7245
4677
3898
5919
9643
9562
7226
5971
457
4147
7275
5168
4590
6349
3631
4814
3069
5613
6157
7014
4908
36
6248
383
828
241
4410
689
5626
1840
2429
922
1681
6528
8039
4238
761
3122
6207
8553
5968
7742
8112
7696
3955
7744
1849
9734
346
3855
654
1802
2237
510
5566
5118
5159
8124
5682
5970
8582
5254
5647
8159
2283
6540
9016
3888
3620
5648
6036
4666
6931
3402
6519
28
6043
2585
4543
4001
5687
9093
8798
5794
2519
6272
6558
3001
5575
9387
9590
2929
254
7764
6200
6729
9776
8284
3908
7495
4432
7927
1740
7001
550
7949
5653
4710
1129
9357
6103
7763
7497
7441
3153
7170
6491
6413
8028
1957
4754
5057
1642
1056
2694
2334
2619
3821
8692
1509
7132
5800
9570
283
9132
4203
4509
2345
7292
5220
9473
2783
6643
1153
3172
4329
4363
9390
3887
7737
2860
806
8106
7124
402
2389
6755
7657
7549
2270
7691
8379
1397
7128
5325
608
5640
4883
1228
6803
6290
4041
2536
6052
7432
4927
7020
5694
561
4954
4135
1049
4145
143
9685
7142
9794
8835
1945
952
6354
3969
6825
1314
9076
3594
1302
8827
2787
694
8919
7534
9770
232
9697
9646
2537
3040
9557
8743
5157
5050
7958
7616
4943
356
5797
7404
3551
4621
9995
8287
9085
585
1682
1422
171
5057
5744
9055
4850
5815
4225
5904
5864
8439
7840
1315
2171
2377
3779
4455
5101
9618
1824
2226
5948
7914
9231
9066
3500
6249
8557
1411
9651
3291
2585
2178
3424
5347
6384
5360
5641
5371
8960
9227
8960
3609
9146
4278
370
7933
6457
593
9276
3303
4362
67
1242
2437
1319
1891
2829
9450
2260
215
6711
6154
9860
7347
358
3394
9576
627
1467
1205
4646
3028
839
3633
3507
4940
7201
1633
1821
8234
9126
1819
903
5608
3037
152
833
957
1430
3652
4707
8191
3406
299
6854
501
7873
6644
5903
2795
5741
5770
4937
9535
4799
3109
2926
3304
6125
2008
5793
8790
4143
7859
5531
9892
2618
7320
9777
8618
8795
5211
9726
9871
2460
3618
7138
3372
5670
4908
2166
6780
2595
5950
299
335
6494
5832
2303
5598
3178
1974
3435
8200
5804
3763
5851
2539
1077
1800
1674
9791
1824
6386
3562
2076
1189
434
2301
1211
5863
7310
7156
250
2144
7828
1521
7033
5047
6782
9370
5138
3195
1249
5181
9862
7311
1023
6074
8514
5442
8237
7442
5200
7481
8495
7130
2681
7164
6463
2028
6984
5546
1565
7450
6842
9225
5040
2783
2546
2638
2715
5732
5273
4085
8619
7228
1890
2734
8316
3773
1483
132
5034
235
8880
8475
1749
2995
3194
8374
6687
1121
9861
2482
2703
7934
5935
5666
2536
713
4859
4503
8595
6929
8934
5564
9672
1532
5953
60
7308
1303
5468
8144
6708
7883
1892
7433
9272
520
7908
6870
5683
7057
8903
3747
8583
7763
8109
2382
1213
6787
5083
4567
5466
8195
4605
4051
2749
4545
311
8237
7940
6429
2265
8634
3567
8756
160
4103
508
205
3209
8545
5473
832
3745
7505
2281
94
808
7714
9861
177
2549
8784
1332
9249
6322
3791
3869
2863
8199
1781
4185
7490
3508
3285
4062
1707
9464
6585
5157
1863
5359
171
7581
6450
2361
5024
7497
6450
6853
6529
5140
6647
5020
7768
7125
7468
1850
3316
1645
3018
2182
9368
8333
3306
6627
8134
693
6613
96
1811
5687
9962
6538
5271
3546
186
6641
3940
11
6612
3287
1921
1693
7080
1493
8066
5809
2938
1240
1781
8593
6421
9256
8107
5766
4922
8266
1472
7769
7220
427
6538
246
3752
6652
9962
4253
2014
590
8242
6627
438
7539
9428
5717
2874
7396
3538
4556
6223
9104
519
5948
9270
2865
976
3782
1957
2411
3561
2718
7309
2846
9344
1446
1047
9771
1272
1225
8688
5396
8429
1109
6975
6619
3038
9471
2847
8604
3628
6538
6365
3495
941
9474
7728
3909
5357
1731
8223
4236
658
3847
3747
9549
9499
2028
299
1851
7189
9571
8998
6166
5817
7733
3729
4709
2772
4912
5132
4338
9972
383
7035
1328
4956
6072
8886
4071
7429
735
61
2288
4386
5176
7324
4348
2366
7210
7271
5662
2964
5598
9730
1081
3370
4279
1472
7172
9450
6251
1526
3467
9774
9119
8298
415
664
5842
8765
1661
5900
1888
2995
7211
1883
1366
8715
9743
2493
2981
6367
3498
1721
1487
1098
6673
2308
5599
1792
7677
2932
6229
2351
9560
6703
5967
1136
9800
8933
3187
2698
2729
7015
3224
3939
8002
3058
789
8580
4601
4188
9313
4792
722
3210
9226
8288
114
5499
5681
2054
9043
6597
2386
9068
6656
7610
1377
289
4944
5126
1616
1551
927
776
1517
1604
7496
7690
328
2794
2511
9775
6610
8533
6026
5097
8898
6249
7632
6500
3809
2294
8826
1650
3141
7521
9302
7715
1514
3488
9322
896
3804
465
1701
7381
962
7975
2689
6105
7508
8162
8981
7227
1549
7659
87
4986
3403
5881
6286
4433
2995
9394
9702
8606
2242
6226
5069
3374
1630
5377
6410
2886
892
2612
7101
528
5866
8002
1457
4160
3404
6913
2014
7106
1684
7901
6076
2403
6714
8052
930
56
6971
3201
7292
4014
5726
1522
5002
4255
1698
5112
7141
6910
7987
8044
4940
4463
8347
9416
589
3574
2885
8969
3296
7258
2156
1551
4237
2310
5858
9150
6414
2124
6750
6388
1838
2598
5357
4247
6529
3098
712
5002
6797
9161
662
8508
2214
3301
8264
8046
6568
3037
7522
1119
4637
5862
5626
6534
7374
9543
905
7034
4982
1425
1150
7089
6387
7337
9170
3268
3365
8532
9478
4587
8329
4670
4008
8298
3679
5158
2629
3271
4838
3722
2056
2199
5978
346
1728
2901
2980
8428
7728
8526
9728
5931
9728
2572
8940
3084
2145
8652
6124
5472
7598
2238
8746
7247
3630
5657
3882
6551
9141
4376
2892
8288
954
5173
8523
8315
3284
4800
6530
8711
3501
4717
526
9023
5081
1079
7343
947
3983
9940
6264
9394
8950
311
2886
5857
6491
7388
7053
2666
3790
2580
4413
628
285
1581
8611
8923
5672
812
2108
8572
2132
394
6165
6256
8363
7561
2735
9858
5120
6753
7102
9262
7712
523
1888
4375
2756
4969
4090
6021
563
3023
9133
2762
6852
2883
6728
9920
7554
4221
3383
8416
2296
5882
9769
9665
7019
6611
6672
7836
2679
3557
6274
7848
5586
4765
2940
4806
6540
4802
9173
7339
4536
7838
7392
8005
3716
2282
6300
9596
4756
6246
5558
7271
2030
6642
8526
6024
3022
5531
6823
7861
6425
2309
2679
4356
8622
9665
1726
3202
9544
5388
5364
1168
1537
1061
4059
218
5681
4520
2228
7237
916
4747
4029
4437
2137
8932
8600
872
7782
261
5382
4387
3705
2901
2050
6327
2666
4956
5323
6206
6300
6875
2521
2904
9298
2742
673
6749
3742
9663
6371
8350
3988
1168
9425
5629
2510
3237
2586
9205
1225
8595
4180
5144
3580
9465
6055
3715
4632
4514
3206
8544
4059
2931
9625
5015
8015
7735
726
9217
7871
6629
2895
4876
3290
6730
6644
7076
2800
8217
7561
3828
4825
6284
866
7496
4405
1093
3802
3326
6046
8501
6003
9241
8074
1352
2248
2786
4156
4492
3167
3403
8634
1772
6922
2881
4985
2269
6764
9518
2228
1604
6489
1175
3404
401
5318
5369
1545
1933
6751
8939
7951
6427
3303
9744
444
8878
4298
5867
7325
7591
4319
8863
9024
4377
9273
3346
6340
3676
3629
6638
3053
1625
3997
7508
1700
1960
2531
8013
9483
5700
3321
1790
8894
8600
9077
1703
9893
8265
1395
1800
1318
1359
7338
6704
2439
8160
4640
9620
2081
5579
4377
9625
224
782
7275
6350
647
4981
7613
1240
1232
512
1501
4987
4289
8367
4529
1122
8762
6988
278
9116
6347
3429
9956
5331
3443
1429
5843
5130
9507
5087
7366
8050
5761
3798
4037
7113
5720
4667
920
9552
1324
6243
8447
4631
3563
8292
1136
1367
4575
781
1608
9707
2752
9407
6114
1516
9383
7852
4229
1544
2062
5659
3079
7822
130
7924
7504
4025
2282
3934
1641
9783
8802
5987
659
3924
5728
2652
6644
6984
9639
5278
2573
1593
7770
3009
2359
7678
3864
473
1563
3410
6133
1043
2432
9921
2010
4718
8319
1778
179
5395
4227
5649
4742
8018
2221
3992
980
5498
6675
8281
759
4261
4648
4731
7307
9998
4359
1790
8233
8096
