1867
8725
3750
6864
8781
5719
3893
6203
5406
7913
775
8730
3083
883
2073
9561
4200
4132
1057
9643
8003
5740
9894
6777
4850
6475
7918
3098
4762
5219
6002
219
4721
6732
9486
6428
5899
1364
2821
7127
193
2144
3474
1677
8209
1028
9529
9903
6110
2667
187
1830
791
4132
2696
8191
1766
8073
9167
855
1999
4429
1601
6526
4376
9041
1636
8763
9991
9395
7283
1932
7686
7779
195
440
6404
8435
5872
9268
7686
2203
4166
3774
315
5750
9019
5993
173
8861
2825
6933
706
7374
8106
7210
7282
1193
9740
305
804
6422
5348
7743
5137
2278
3438
8607
842
7188
7234
43
436
7816
9667
7447
5473
8296
6338
9194
8619
7851
6895
5753
7962
44
3167
4434
9173
231
9001
6290
5525
3251
5178
947
852
1084
9384
4134
7381
1371
3348
8681
9117
9701
5528
6901
5118
6237
8320
2262
9925
2695
6406
9640
5577
9578
8149
2714
4948
9200
9471
4450
5615
8573
1498
3453
3077
2378
2181
5105
3865
5677
3640
4241
5012
5367
3737
7579
5158
4633
9387
7762
7406
4484
7169
2484
8341
2892
5393
7207
3380
6071
3363
7348
9510
2904
1688
8048
2791
5427
7352
9651
1820
9196
7348
743
5629
689
7706
5439
8925
592
4966
5361
6874
4102
2277
2258
7456
8198
4869
3756
3736
6098
6905
7198
9885
4712
1321
6576
6719
8700
6837
7266
9792
6670
5002
9616
5596
3672
3165
4612
5590
6759
5061
5512
2462
4915
4101
3942
1006
2444
1367
8190
868
483
4916
7427
8553
7730
4735
50
2240
7929
9634
4400
42
86
3935
1231
454
6128
5401
2989
1847
2432
9996
4218
6205
653
2550
4947
8677
8002
8361
4800
6812
2126
7097
374
511
456
8703
4281
9934
1229
5008
2274
7694
6104
5160
5721
7870
764
2880
3776
8930
3201
4751
5867
635
4233
9644
15
8087
7981
9713
2998
8964
4857
1627
7276
8320
4016
2894
154
733
9581
5781
3565
7824
56
6152
177
9176
7138
9926
8479
7371
6317
8305
7280
6076
1642
4122
2253
8089
3616
7105
6933
3009
5270
9662
4250
1059
5981
7198
5768
4225
1661
7829
4947
8660
362
1234
9596
8201
5715
5664
9519
2632
936
8872
7116
9061
3237
6020
944
31
5567
719
5040
1478
4409
2424
6098
7371
1603
2085
1463
3583
2272
6947
281
2717
5875
8812
5149
8659
9046
4834
8868
5755
4102
1303
3668
2745
7406
4799
1854
573
4718
6717
4316
5304
9351
9306
9769
8363
8182
4053
1180
1514
2299
6532
5187
5808
7286
8216
4440
8028
5501
8527
6306
6538
3483
2274
9083
9388
5976
4735
7945
7878
8641
9601
8300
8170
36
2235
1043
3800
5211
8708
9531
8247
3202
9787
4020
5873
6054
2204
850
9720
6476
5851
1821
1974
9372
5885
9013
2947
3192
1287
8007
5712
9324
7854
9652
9392
8708
7261
9924
1782
1988
8804
2374
664
8568
989
946
3331
3625
3787
2974
8345
7241
1867
3161
7094
2619
9612
711
5617
5362
9067
282
2797
1284
807
5625
9598
7434
9828
6688
5368
8439
43
4051
8883
6434
4926
2592
8428
1938
1416
576
5989
2870
3747
6586
1885
5486
804
197
3546
9481
3617
3063
8194
8924
5970
7998
344
5403
5397
5562
9860
6103
891
3654
5740
8788
1745
9265
9278
6934
2969
2397
6848
5128
9558
5475
6270
8296
5287
2209
5554
1714
5722
9474
6530
6167
8642
6984
3827
6186
83
7304
6204
7736
1914
530
9253
9953
2682
8699
3262
1463
2801
8585
6652
5506
7977
3082
110
77
3818
3953
4798
2145
4012
8143
8306
4523
8219
6762
7474
3837
1251
1292
7765
7086
1019
5307
6116
9454
8494
4704
1824
2139
1940
9574
1407
3545
7103
9489
9489
2177
641
8921
4129
6553
4683
4545
55
2348
6912
4984
394
8005
8121
9100
4162
1869
3617
9206
44
2815
2416
7413
9559
3828
5126
1482
7132
8737
5837
2718
1674
9513
2592
4380
9119
3647
8554
9182
4163
6316
8679
3095
8349
4377
3144
5002
3881
6922
3298
2518
3858
4135
8533
8559
4825
8904
2746
8761
2695
4877
838
1331
1775
9383
6668
3534
2076
4727
798
2649
3962
5856
6915
5898
8833
347
2580
6075
5708
8663
3761
9487
7240
4843
4673
3616
1928
8730
566
7014
4469
6242
4287
2949
2658
6033
3671
3236
765
7860
5162
373
3074
8845
4376
310
1834
8848
8786
8291
7312
7978
8434
8838
5652
1391
711
9117
1321
847
7997
373
7721
8099
6155
5208
6568
9258
8438
8129
2021
971
2755
600
3533
5798
1610
5118
7178
2827
4278
4086
6985
8054
7017
2462
3033
1014
8700
2233
7599
2857
4035
6331
5367
3382
2815
3568
9061
1334
5198
5753
3593
6607
7085
2036
2896
6143
5037
7095
5687
6929
8579
2280
9003
6047
1337
1516
8364
2789
1107
938
4560
253
3756
7835
3331
5709
5695
6977
988
9881
2337
7265
6283
214
2843
9214
7295
8524
3541
948
9604
6310
6718
8525
6745
650
6376
803
3312
5807
4529
9267
7374
7296
5996
4602
6098
332
6141
3087
5634
1879
420
1820
9857
8193
9057
1291
5230
5889
1878
7513
8725
2526
3338
4457
4712
3481
1545
4088
2793
7242
5161
9512
1566
1829
647
4523
631
6841
3984
9566
123
4309
3260
3743
5598
5959
1396
5725
5680
962
2724
6475
8511
7500
3868
208
5724
4498
2544
8638
6747
7528
7855
8444
2884
5856
6321
2402
1430
5317
9722
2257
3867
1606
2235
1725
8039
1178
1672
9049
4938
1908
3651
9341
6597
7396
5767
4549
9721
1351
2657
5289
3755
6253
6121
5189
8563
4645
335
2436
308
5079
8399
2958
5878
2317
3671
7035
639
1471
144
1698
6944
4858
2743
2355
1291
3500
5200
4878
451
6286
6256
9502
460
9886
8409
3125
1121
648
7171
2612
4
5105
1701
9575
6287
5408
9458
7404
7930
1082
7600
2510
582
3800
5493
6834
5766
4886
2714
9421
8221
2522
9169
2528
2018
6431
4403
3313
9200
2302
4802
7319
9818
696
9149
6850
1324
4818
8034
1812
7964
4574
9421
6464
6703
4626
2223
7806
1528
9991
8938
919
2556
9935
4904
2627
8225
980
7596
7485
7173
8585
9488
6464
8730
4528
6461
273
735
9080
7657
6360
7578
6927
2251
9387
4001
8428
8554
9001
8408
786
3875
9953
2548
226
9498
5452
9854
6560
8807
3501
5443
8463
9249
9156
3241
6636
7593
2457
3132
4724
3693
3739
7015
8771
4285
1317
142
2474
42
7097
2999
2204
5274
2445
6297
6917
3977
3663
6076
7512
5993
8485
5984
2435
2298
5781
9050
9745
2996
1758
4729
9212
5489
7442
199
2476
6408
9520
1627
3265
8916
7842
9979
7001
8707
6816
7102
9310
8282
8414
2095
8287
6758
4425
2094
729
8605
1818
5697
9874
8051
4292
5048
3186
5368
6048
5182
815
7071
8418
2555
5379
5930
3191
6342
7628
7793
7070
8744
3968
9153
4544
1516
5594
9985
6989
8802
9141
7375
2740
3155
2292
1225
3615
4270
364
6408
233
2945
7295
2359
1869
1300
3350
7153
2092
8639
4362
8712
9178
3051
9343
1234
9510
8918
9613
3694
324
9504
8812
8597
5385
2323
3691
6059
147
4847
7693
8676
9042
3795
6353
867
7766
5144
5677
6558
2406
3943
5159
2157
9882
9131
639
6738
3334
4465
7739
258
1556
2172
4464
369
6637
8421
523
2060
2035
31
6794
480
4414
4696
2521
2824
5121
940
8220
19
3640
180
5286
644
8657
7723
1332
4675
6756
1425
1865
8785
9376
8153
7527
1384
4915
9101
2743
6593
3749
5985
1077
96
8498
4197
6619
3897
2386
4676
4328
7014
5415
9369
5980
5712
9394
3569
595
5002
8626
187
4539
9326
8683
1612
5012
9999
879
3696
2772
2973
8939
4331
5091
6967
9217
3005
1994
9851
4749
5299
3395
1833
9446
4682
1116
9798
2547
191
9006
1388
8823
3554
2309
2494
7562
5897
8683
1160
3638
4481
6213
6853
9275
4623
489
4203
5103
9204
8602
6578
5366
158
1571
3314
4553
7724
5484
3401
6982
9866
7467
9019
1204
8410
7130
900
5713
4324
2816
57
9819
9076
2383
3405
3767
1857
5034
7967
8257
5598
8897
6512
32
6458
7370
2451
6133
2322
5790
1390
6896
8838
2765
1852
4927
424
3886
1412
1573
5184
5767
5253
9906
5677
1062
6312
5012
3911
9178
9927
3866
7232
2625
7724
9569
4328
2958
2050
1229
7728
1382
136
1013
422
6088
5716
268
6191
2455
180
72
3747
6485
5967
5680
2257
7293
9450
6998
9411
4861
1063
4335
9965
1423
5736
2811
6047
4930
6961
3734
5498
9465
3788
4266
9711
4672
6517
7390
6531
6823
5765
2606
1311
2253
605
5864
7651
7001
376
513
138
9047
2307
6195
4761
1630
729
5556
3090
5354
6486
7763
5781
6507
9485
4465
5221
1930
4181
6921
8040
6738
4110
5885
3144
1250
3073
9103
4728
6878
7446
5657
208
5837
8303
5274
3977
7587
7474
8222
276
427
9940
5752
116
7664
6304
5918
7676
3288
7094
9697
5923
9374
657
9336
5108
9050
6705
2568
3810
7919
3207
1138
6137
1554
6111
4777
528
578
7943
7710
9642
9383
9918
5674
9867
4283
5032
3575
3848
9696
9710
3980
5079
685
9842
1395
9286
56
2320
6008
9815
7825
7776
9600
3689
8409
6215
547
8242
3662
301
1624
8568
6564
6026
1084
4943
3073
602
3167
4828
9541
528
2651
1400
7603
8102
8945
2897
49
4834
4130
6938
9624
5908
9863
8307
4792
1179
8429
5091
7564
8680
5744
8577
8197
8059
7587
6259
5109
5481
1881
9357
7291
5119
468
6987
6534
1408
6456
1498
967
362
9962
6240
4696
279
3306
6108
4946
9312
6106
3016
6224
8523
3866
1227
5038
597
7666
2955
3805
5722
2331
1583
3382
1297
1546
2739
6072
2805
6506
6532
4096
4574
69
9836
3908
1167
8111
5496
7164
6920
7855
9684
4093
4475
7242
6296
9859
6107
9101
4427
11
8785
6103
4822
4346
2969
7714
7572
1565
4473
2716
8933
8190
8833
4518
690
320
7053
1288
4058
2312
7336
2014
6971
2408
187
980
845
7960
3107
1753
1576
2435
5905
4259
565
8780
2618
6031
9602
9435
4255
9602
2479
3303
4887
2226
774
3649
9624
6682
4200
8987
4068
8670
1249
8020
2560
6395
3277
5234
8368
6170
4629
5194
3534
2001
6322
3550
458
4725
3954
1444
3067
8353
2391
8606
1812
8348
2253
7243
2513
5353
2292
3594
5185
1808
2283
2023
8717
5733
6382
3027
6758
7858
3958
9732
141
1110
463
9494
9628
6281
5239
6844
5138
3179
8145
9560
7036
1640
4201
4114
5391
3817
4675
6104
6417
8987
3932
9299
2951
7428
914
9489
5257
5143
3695
4820
2210
8438
2257
6407
3476
2591
309
4600
2520
68
6113
23
8675
219
1409
7241
8020
4542
4472
8041
3737
3712
1577
4092
1810
7390
7214
5951
7309
797
229
9168
8176
9461
3499
5765
7942
1033
5680
9836
6208
3282
74
3712
9245
6344
8838
6229
6132
5244
9849
2497
2638
1557
7828
7447
6448
1637
4662
2625
2166
1975
4443
1033
1692
8711
8979
8148
7910
5197
8877
236
2479
6952
8722
7768
6094
3252
5342
4586
932
3271
2952
21
6194
6413
4835
9848
5832
1438
3630
1916
104
1097
9654
1526
8233
7152
2059
4745
3127
1119
3503
9499
7464
4553
2107
2146
7802
8306
9388
651
4871
1363
8666
183
7946
1293
7705
6419
7196
8861
5401
1986
4519
7736
4232
6665
3740
6435
9224
8150
7279
9106
9179
4398
3552
7003
2249
7474
3653
3606
4164
6445
5650
7683
275
4429
7083
1160
3579
3931
9248
230
9052
9832
8823
9687
5463
8535
4840
8214
3389
9009
1089
1082
5203
8888
2954
5920
5394
6844
1779
2101
4571
980
9193
7229
9527
1898
455
3827
876
2949
6153
941
5355
3667
2108
5050
5254
4387
8274
459
7808
1133
9521
4332
4493
1695
9451
2814
4904
7956
4024
7378
3587
7971
5439
5619
2665
7474
5828
3009
1488
3668
2491
8182
7770
2918
6091
1606
7082
8354
2029
6008
8051
9630
3012
7243
5836
8372
3782
3431
8384
5551
6776
9090
7011
7887
2169
9803
2750
8217
3845
4854
443
9598
7241
8660
3980
7669
1510
2735
3974
4888
3790
815
9051
5752
6444
508
3717
5902
2624
5328
9214
2303
5816
7464
4732
1819
698
2903
650
5667
1229
8391
8514
5748
5912
589
871
180
3234
3335
5838
4680
8392
8213
8332
4751
4862
2082
4570
7167
9325
1421
422
5546
3354
2504
4036
9564
1494
7868
5841
1124
9058
2279
1352
4925
9931
9731
1117
4904
5763
7700
7830
551
7056
5454
2538
9512
5982
3137
1553
8908
6463
9586
5676
9747
6515
519
4030
470
1667
9726
5191
3969
6854
6298
625
971
535
4300
1203
9763
9070
1978
5363
409
3050
8142
2040
4486
5920
3182
9390
2264
3821
9059
8147
8334
8007
3448
8446
4029
6834
2993
6831
8493
4335
8325
5457
9299
7215
7562
2940
4987
3205
5884
2856
6401
2649
5193
2364
6348
5240
6172
3139
5033
9113
9364
3664
3167
4459
4704
7688
5812
9466
7817
2958
1068
992
5916
2093
4504
6072
7410
2894
2259
8653
4414
6425
8564
2529
4259
7336
6720
106
3088
6230
976
6711
504
4567
651
9777
9570
4785
9632
3484
5738
1368
3938
4141
9858
5752
9599
21
6472
6939
5071
6267
1509
7610
6422
1639
7808
2832
7958
5515
8205
9578
852
2908
7445
8667
5492
766
1170
588
4100
7919
2295
1457
2995
6569
8683
3414
3404
2555
9056
968
3987
9425
5604
8208
490
319
9667
9290
3840
925
2775
4564
4263
108
573
1746
5568
7639
181
4638
6357
4245
5734
5180
3123
2778
9611
4204
7666
9709
7822
3209
5811
3893
2544
6270
917
4844
2098
4120
6851
3509
4163
1687
3102
9194
6678
8670
5378
5022
4574
6217
8311
882
7962
718
7527
5635
1399
5421
8695
9232
7286
3505
6723
8137
1324
4968
9547
2867
751
7359
1300
6376
6980
3895
7580
8251
8610
6292
7086
9753
402
1075
3694
3147
662
2043
33
1624
9155
9565
6956
663
5164
1382
2968
5811
6252
1683
5599
3335
4624
7091
7622
7240
9679
9240
4918
9458
9238
6855
2728
2682
4500
5632
5869
483
143
6599
8679
8397
9170
5376
4712
8967
2436
3082
2805
6933
1941
5490
6534
8253
7543
4712
5229
2075
5847
5630
5088
6804
9494
4813
7652
1863
4457
4018
2808
3615
6265
774
508
9030
7480
683
3629
4612
1249
5506
4254
9477
5658
2985
5235
5272
9241
5249
1005
963
4608
1950
5565
212
9638
2520
7959
691
9684
31
933
5331
9289
3355
7524
5879
3978
6561
2063
5313
2361
2641
9383
1285
1568
6156
1564
5773
7834
8468
9178
6230
8431
5051
434
9543
282
1101
7284
6481
7049
7322
8006
370
8097
9611
6692
8436
4843
8838
5972
2338
6894
909
5460
7115
5978
9536
2802
9183
6606
8675
4136
7366
1927
1354
1203
9600
9334
9248
3934
4007
9373
3431
1248
1520
8101
3354
8382
9841
6751
2543
7854
4140
3045
9576
8057
2362
4476
9400
5900
3731
5721
2610
7196
6345
2525
9597
5619
4068
7630
6245
8315
5816
5779
9611
9910
4946
8763
5036
6040
8338
8587
1119
3665
2531
2515
1031
3723
8133
4667
1304
6716
5324
1887
8743
3736
673
6724
7386
2791
9510
8854
6703
9758
9399
319
8825
8605
1724
1606
6884
1589
1851
2226
1290
6003
4426
1066
718
4605
6786
4314
7781
3767
4495
3892
52
8754
1428
928
3477
771
8427
4369
339
8236
8314
1638
7781
3209
4833
9738
5144
7592
7632
4345
9044
790
726
575
9632
3586
5156
4270
7330
8161
7135
8795
8351
6429
8900
4214
2912
1386
1303
8821
1573
887
4740
2668
9028
4813
7078
6106
7338
6920
437
1075
3970
1054
9818
7910
5539
7728
5423
7754
3315
605
3169
7642
4666
2701
9703
1209
6017
5777
3245
2404
8889
725
4233
1363
2360
8958
8926
5836
5823
5510
1998
8148
1063
8801
4571
7186
6745
3979
150
4290
636
2032
5369
8179
345
7271
1488
5022
2123
3404
1505
8371
243
7448
2732
5122
9255
5744
6334
3778
8250
9943
4688
241
2775
3025
7596
3321
4727
6021
6719
9179
4194
9405
3530
8043
578
8605
5347
8392
803
5534
6520
166
9174
4902
7651
5290
1893
4150
6729
1553
9601
7168
5533
397
3942
6770
7298
8142
3649
563
8637
1273
6760
1497
3128
5767
1335
1077
1491
2316
4187
7612
7606
6241
4263
3474
9329
3601
8852
6421
4980
750
2198
8211
2410
5005
3305
3977
3952
3204
2506
7594
20
750
9714
3496
409
8729
9677
1586
5190
5597
2201
8809
286
9224
9290
897
8458
8698
9178
1249
2930
8315
1758
4870
6252
8852
7907
3482
4811
3281
1463
8189
7640
7088
4949
2525
2766
694
9240
8184
6927
799
2528
4107
5572
2767
5795
693
6578
2698
5690
6893
9864
6221
5068
6732
5429
1143
9625
1049
5590
6679
4332
8048
6269
9731
9636
4702
6509
6290
3676
8187
6466
2199
9029
6260
7230
2618
3637
7267
1597
2436
313
6878
2890
1688
7350
3065
7786
777
8093
8553
3686
7051
781
9655
3479
8954
8515
8508
4506
5073
5276
9359
7491
2840
299
9480
1933
2797
1253
1344
4623
8045
1481
5496
2843
6015
2190
5042
6864
7054
357
3903
1423
1217
94
3686
1258
377
3638
1598
8376
6182
1549
1272
4390
2646
7494
3820
9175
7755
8375
4751
7228
4328
6272
7774
3631
456
1033
937
233
5995
1508
1759
7380
1053
6546
5393
9786
485
9746
2966
6108
5287
6035
6219
6783
9286
8778
3972
1360
7754
1279
3796
3672
5001
834
2901
3579
1638
2667
6260
3787
5859
5567
2284
8697
5171
5390
9421
859
4977
8042
5849
6921
4007
7074
8539
8082
9148
9388
1604
8235
5756
2257
2803
4503
5141
8369
8464
211
2956
1320
4150
5560
2618
2073
8811
1459
71
5862
6765
9825
833
2898
8698
4260
8793
7293
9724
1795
2954
3727
7519
9629
4839
8912
1776
526
2847
5555
3556
3258
7536
7331
8819
7142
2997
5494
8127
2870
7437
2094
9349
4337
6618
4254
2286
624
530
9034
3826
7270
6902
7671
58
762
5229
9441
7872
8143
60
8955
3637
8532
7028
337
3855
9335
8280
3994
6973
8933
5497
2938
4857
8093
4736
9171
8665
6882
4535
7915
529
8719
2084
8312
9672
324
8211
5976
4517
9663
8943
5534
5207
6374
8333
3014
4510
9873
1094
3850
4809
6501
9102
4157
2829
9514
2869
5556
9774
1534
8442
2341
1101
8146
9431
3911
4334
3970
5197
1209
4469
386
125
5870
7645
836
3583
38
9317
8902
4035
1337
2663
7305
482
3180
1957
9996
9951
3285
610
3638
6976
75
4843
5203
9299
9527
7472
8678
15
8487
9571
4300
3800
7697
4860
7217
9678
5973
6630
1372
7491
9323
8378
5413
3991
4459
8646
8856
498
75
2169
5697
13
67
5709
6486
1165
5564
6738
3476
9885
4247
2563
1154
9991
4155
7751
9394
3918
950
5095
8694
5659
2276
8887
8431
7891
1853
2178
9744
9953
3929
6118
7361
2933
8511
2953
7983
1480
3755
8007
6449
6091
8509
2073
2950
7067
4942
7428
9018
1891
2574
9851
8376
4591
1513
513
7656
1192
8920
7503
2809
2736
5747
6542
1930
4860
980
8418
1683
6361
8887
7508
2689
636
3245
3178
6414
3082
4080
52
174
4161
6561
1846
6581
1137
5085
1021
7399
8219
8110
7456
3736
6836
6750
7061
2737
6485
7158
2316
3316
8659
4196
8236
4887
9766
1387
328
4060
5368
564
2574
4833
8044
9955
1948
8531
3800
6148
5103
7838
6608
2340
7065
415
288
5116
7726
5018
1190
8808
7548
8039
810
6278
2740
8519
7115
1002
1257
2869
3880
8335
6308
8360
9815
9431
6273
9253
2837
9619
7018
561
7483
9118
9998
7443
6777
7443
5534
8616
6690
2112
7908
8193
9363
9074
6544
7783
3857
7535
5952
5342
1870
8195
1531
3111
3080
8530
90
6639
5806
8253
1267
9669
8128
7983
8980
8121
3250
8471
3769
9824
9036
656
1194
6980
1633
9131
2403
5304
8346
7438
2145
857
303
1878
1686
1136
9329
8216
2810
8501
8711
8774
3118
9885
6962
3213
3757
2515
175
4810
3074
2165
9849
9965
784
7189
4985
8181
8034
2608
1819
7979
6688
7532
9598
2523
3066
5930
1015
829
3444
1931
2706
2834
1759
366
9943
9834
335
8567
2997
7762
4190
4556
6030
2682
8476
3817
8110
645
81
6931
9256
5050
6273
857
2415
3655
3419
7735
463
5605
798
6660
1702
8150
4121
1868
1154
1259
7757
5480
2583
1074
5120
5704
9869
3533
3905
2802
3300
7502
8851
4452
3333
5134
265
6
6471
3757
2124
2619
1291
4883
4940
3430
8340
6229
3216
7722
1302
2115
1563
3929
7690
2383
6318
350
9755
6696
1700
838
9648
4148
3757
7048
6374
2572
5707
5510
5690
5569
7667
6747
5680
9052
9888
9188
5474
5683
1738
1004
8392
6216
3037
4784
4785
4059
4762
3633
5996
256
631
8583
7365
4747
8707
7218
9983
6520
794
8252
3146
1111
5729
1707
4146
4068
5695
9875
8596
4021
7337
9031
4541
7964
2424
7471
4224
5036
776
2710
8052
361
4960
5899
7496
440
5497
3015
2548
7669
4172
7950
1533
4132
9053
7054
2100
2303
5390
9221
6589
430
9521
3231
8743
788
1454
5916
9324
9334
3613
7440
5942
4214
609
2244
8156
1342
674
3851
4552
2905
804
3071
9879
5451
1689
3657
6092
3136
7664
5135
737
7042
2008
2695
4715
6180
2677
4122
968
6507
8829
8324
8600
4669
3536
4632
8182
641
4994
768
2577
8774
7319
3762
8731
9504
3001
9791
605
9709
6313
213
7461
3077
1152
4868
1981
7056
3504
2973
8633
9617
8204
6213
4509
2704
96
4266
7992
1542
8238
1245
2993
5601
407
9869
5245
8247
9027
4517
4410
2584
3533
6315
8364
8284
7949
3561
7569
5371
5299
4792
7890
3355
3213
1976
232
564
2437
3565
697
6304
4730
3172
3406
5950
4570
4787
5794
2613
9801
8270
3017
8757
1728
3141
1306
2906
2597
6939
11
8650
1650
9249
679
6046
8213
7121
8527
8317
6836
4583
4058
3539
570
1353
2842
5488
210
4280
3069
4157
2159
4254
1612
5690
3894
55
7972
3427
8025
2701
1118
2529
8977
4187
3005
9100
4599
8835
8804
1886
7743
507
1761
6787
9809
2241
5226
909
9317
8432
1523
6835
7819
1771
3033
1625
6036
966
9629
7419
8704
6884
8432
4916
4565
2394
7160
9403
88
2338
2716
6396
8684
7613
5538
405
1396
2384
7010
5783
9606
7743
1079
9100
8559
3047
3650
1880
3565
6100
8442
5111
5708
9043
5316
8054
1392
3298
7850
9150
9788
9540
3035
8283
7789
9488
240
7548
7767
9321
7142
4291
842
473
7293
1531
7631
5526
7932
2233
6213
5894
4398
186
7058
6463
5373
2204
4984
2359
1785
5914
9815
4058
5637
5295
2072
3466
7071
7484
8797
8209
6730
1124
3267
9538
4250
6548
7457
7789
3499
3824
2336
9073
4014
1641
5270
2859
2752
4394
704
7277
3993
3810
3516
7962
446
3628
5392
5678
7876
9337
1051
9947
2802
5616
9030
6190
385
2844
3415
8095
4979
6915
786
1079
9245
9590
987
2588
1234
5268
8476
9192
4893
3946
6591
7704
4538
4709
7866
208
4066
7992
9557
6796
8114
9337
5848
3249
7047
4597
2165
2097
8359
1684
3119
6573
6415
247
9366
6518
4741
7358
8896
7868
7625
8678
9414
6231
7725
2639
2744
3092
9182
1020
5006
8679
6941
9684
4476
6879
1743
4469
4304
3175
8605
8712
3372
8760
5225
7551
8890
1644
8398
8619
3121
109
6258
683
1891
4300
427
2350
4480
5134
8922
7642
6187
6848
8681
581
9366
4268
9533
7728
7772
9108
3304
1091
8171
1834
1550
9507
8349
3314
1953
7520
4145
6751
2363
8540
7291
2554
1191
9238
868
386
3053
7892
7711
6605
3784
8351
426
3628
2886
5688
317
5148
7691
7161
7122
5673
7490
7398
8129
2013
6450
7857
6454
7350
8824
1597
5905
8214
5687
6811
1786
5204
5465
3824
7695
5360
9392
936
6076
5379
1437
2995
5286
596
3948
8397
8116
1879
9802
4428
4138
8289
6916
3362
3283
7094
6606
3234
4970
771
1693
400
7285
6744
1778
9025
7903
2589
1763
1458
6593
3893
3735
436
1068
6368
4573
8052
4677
1130
2874
7113
2525
3057
1005
6503
620
596
5105
4352
4778
406
6382
8762
4298
5554
4156
3004
4787
2425
2998
1490
2267
3254
4551
9968
2098
659
3683
7650
5529
117
7252
3394
9598
6177
1888
6259
2341
7778
4515
3370
1044
6355
1487
1869
1755
9494
828
1059
9342
2599
9149
7723
1984
6155
3105
4329
7982
1826
7794
7755
9845
4251
7438
5386
5377
4871
8864
2795
4787
4885
27
3749
8877
7997
1698
2941
1485
808
5654
2669
4213
4268
1548
1987
1075
5046
7802
8741
9714
8544
5471
7667
2011
7266
508
5077
9641
9460
9523
4627
2600
5825
2490
723
4889
488
6364
6541
357
1820
5100
2779
7851
4540
5191
5612
3240
7372
4709
8263
8482
6370
1995
3853
4785
4813
3185
9383
1482
8142
3259
4703
7530
8507
2806
1098
8203
281
7121
2930
3606
5543
677
2306
389
2586
9266
7147
1747
9410
535
756
1571
5915
4541
6366
2778
9423
9745
8965
2426
4489
4461
5202
4844
693
82
6717
8536
2483
7060
7408
356
9499
6066
8023
1159
6698
272
5236
5641
8650
4067
95
7321
7552
6136
2234
1754
7710
3777
4514
1979
329
7181
4897
130
853
4323
7345
1540
8236
1243
507
4787
9997
7961
9885
1572
9393
4583
6730
7932
329
1165
5932
711
9620
3776
6837
4613
5277
2660
9634
6882
5008
6639
4416
2640
7581
6540
2761
6626
1093
8745
7767
3271
2193
7006
3033
7762
1699
2521
5507
4210
4388
9034
879
4355
1148
2504
8610
2112
9280
9423
2138
8194
37
9511
3939
9962
4018
9874
9673
5575
596
1585
3063
7029
4252
4195
9246
1410
8195
4844
5441
5118
909
6878
717
7534
4555
5526
4438
7693
4234
2037
8157
7488
3754
4697
7982
4772
3545
2600
1493
7399
4157
5065
6928
751
8368
2927
5648
9403
8533
4258
6921
5604
4362
7595
1081
5935
8406
1228
8373
4354
3585
8074
3855
3712
7731
3817
4372
7379
596
2962
7393
6693
595
515
5718
7819
5763
3795
7459
8831
6063
1104
1167
7096
8077
455
1639
6712
9072
9760
1987
8194
1816
7875
9956
6325
9557
3002
4906
7642
5337
7909
1650
2710
1867
3108
1309
8524
6647
8565
4475
946
1986
5962
4310
3742
9292
6566
6876
8974
4334
9348
5348
6833
9619
1187
9281
996
8291
9954
7492
6333
747
6228
379
158
216
192
4216
6902
9825
9721
1341
3178
4869
3716
1299
5227
4553
859
1530
7588
1428
2173
443
1811
8662
4079
8985
625
5362
8644
6198
8576
45
2884
2081
8016
815
2924
1020
6797
5254
1889
4508
89
7433
7250
6731
1762
5562
3098
8183
6047
8661
7151
9821
3964
357
3098
3920
8927
8134
7395
3859
1319
6405
7880
4887
9137
3347
2073
6973
8422
1768
6964
2045
9572
597
8008
8207
9430
3618
6472
3959
7379
9846
8750
9566
6433
8692
521
8347
6643
6210
5684
7056
7350
293
7012
3841
1508
7321
1598
8319
8739
9661
3923
1763
5406
203
778
3926
7581
852
9672
7612
6691
3114
4478
7362
5236
839
3198
3357
6657
7707
5003
945
5234
7347
8221
291
5710
6324
4622
5334
8570
7352
5060
6097
3164
47
6283
1026
6570
7366
9262
332
820
6197
8402
4076
187
5346
9792
8058
8092
2724
5868
6458
6733
226
5238
2385
6867
6953
5421
4133
3646
9388
7723
7886
5186
3142
7873
2633
7682
2443
3775
5851
7034
8796
7936
3137
8777
5402
6192
7414
2969
5025
2539
9119
9085
2758
1428
256
9959
4796
7342
5553
499
2191
5291
4651
787
8323
734
2957
9623
4247
3503
1691
6008
6947
2059
2485
5938
1569
7444
2902
1836
7272
7404
5763
6773
8066
4442
5139
6925
5088
1319
94
893
6532
6376
4862
6356
7803
5080
2034
5439
1965
6608
5138
7507
5293
1862
6204
4890
5820
5152
765
5608
5402
5907
171
729
4524
7549
1295
6314
553
314
3584
6496
3166
2311
6218
6216
66
4561
3934
9644
1843
9049
3043
4927
2303
1718
4138
1158
8815
8679
8495
5442
8334
6548
2827
9870
9335
9887
5510
7297
9196
2605
7018
3041
4387
155
7796
8789
5595
4318
9187
5780
9180
6347
946
9711
1628
8176
3890
9560
7534
4541
2560
8814
6805
7778
8775
1814
4279
695
3998
2711
8461
2754
8066
1074
7782
1288
5038
8109
6058
6707
9750
2298
8940
3644
8740
5704
6281
3126
4457
6950
4270
5943
837
9167
3078
8211
1490
9591
6640
4342
2283
5520
6639
9534
9578
8905
6859
9987
1438
5108
9028
436
891
1699
4903
7728
3756
9598
1786
2813
8723
1699
7857
7800
4273
3530
9651
9129
7426
7524
1222
4626
2479
6064
1462
1669
1399
7673
3749
1359
7527
3439
5341
6565
7494
3409
5665
5321
4174
4964
5793
297
5572
7043
1676
5556
2441
4515
2608
6666
8457
2161
7549
4591
864
6506
2423
3227
5660
2134
6202
5489
4798
4114
3752
8602
6346
1673
8366
1726
670
8863
7493
1054
8288
4826
6724
8544
7503
1357
1154
9928
3243
6162
7337
6416
129
4995
4742
4948
9967
1812
8413
5532
9638
9153
4586
7831
1901
16
898
176
4737
4611
776
3664
682
4044
4027
4432
1001
7101
9068
3384
7310
5211
7022
5081
2742
9854
6118
3460
5698
5160
7906
261
4899
8767
4326
4495
9905
6121
2913
613
778
3603
7326
3890
9511
7902
6727
7270
4586
2934
4243
7902
2980
1664
7984
207
4532
3488
6204
1838
6218
7732
3677
8671
6073
6481
7441
5976
6266
2344
8831
2001
5693
1412
1452
9130
6507
3906
5274
8520
4519
7854
3659
6862
6275
5686
755
2613
6670
781
6843
6296
1019
542
8370
2686
4157
8731
2670
6356
7438
7585
2480
3926
7775
3881
4966
5306
3866
6126
9338
7082
931
4534
1975
4700
2589
8656
699
6351
5048
6392
8808
7860
6120
665
6437
5575
3122
5232
5730
9336
3327
2088
8200
5531
7555
7496
4751
3448
4887
4949
8489
4063
34
533
8267
5932
8646
5826
5788
4514
9943
4662
8358
9112
4998
2153
3498
2109
5020
4645
6480
3353
1730
2658
876
3585
6205
7859
8363
6694
775
891
2173
3979
6504
4749
6381
1074
2164
1248
8555
8754
1310
3947
7466
2518
2122
8946
5333
3493
2399
6413
7917
7465
7995
3505
3374
5198
3185
3518
8928
633
5294
2261
6696
4211
1514
3811
4366
9521
5081
2894
9322
6097
6945
730
3176
2755
8773
1049
9962
3217
3760
7085
2332
3917
2558
5755
7379
3446
4964
2238
4287
6902
5584
517
7040
7242
8235
1018
8356
8383
3690
9104
7134
8662
8164
56
4963
627
3374
2576
3821
9320
1858
105
4834
5929
7358
8931
1759
9260
6761
7335
4510
4575
6368
2193
4616
5749
1231
9672
1059
6382
8555
5227
1147
7010
2124
8441
9471
1098
1383
4013
1971
9580
1401
9956
387
529
9313
3805
551
4484
4420
4573
2017
9417
3844
267
9971
2359
7786
846
8334
3843
8752
2529
8774
3707
1403
400
6081
1852
3222
6339
6046
7585
7706
8964
2674
8248
7945
6285
7661
3074
9178
883
3451
2679
7550
5881
2263
1188
6769
963
8506
323
8476
7304
6993
8628
8600
7458
6077
7853
4605
2070
8947
6203
6632
2090
2019
2580
2907
4552
2950
1579
7278
6478
5249
9647
3811
3966
151
3233
375
8393
7050
1152
804
7651
8657
4466
9940
8883
4534
1969
3952
1002
3622
287
8183
6157
4187
8872
6602
1824
567
8707
6948
7841
950
5844
3382
8270
3926
1777
8816
5269
5907
2575
3820
6806
6427
4120
6613
7734
8512
5115
5861
1795
3180
5713
443
4351
1886
279
7515
363
5826
9581
224
6817
3023
7578
3501
8542
4474
5177
721
1978
8985
9316
8360
3333
7233
7211
7950
3104
7968
8817
702
3797
7799
5892
2713
2453
7151
583
3235
9468
6237
7325
8487
3282
1024
7444
7786
9808
7238
604
8109
2397
5934
8035
6364
3269
3433
4014
6659
4965
1210
1061
288
2005
5676
4620
7092
3058
5491
2042
5124
119
8362
1096
3788
3095
2508
5927
1362
4762
2894
9758
9096
738
4009
5103
8139
888
7189
8517
1577
9800
1185
8093
6143
9558
4416
45
208
6923
2797
9301
7154
6320
2351
3329
8483
454
151
4312
8425
7295
4918
5540
2342
9260
9948
1214
1994
3316
3435
9845
1523
606
2666
9499
5471
9596
4693
1324
6098
6084
9426
5628
1923
2139
8782
7900
5936
3760
5398
5577
3266
3603
6562
1505
988
3008
3595
4642
3725
6460
5933
9025
6549
6731
2152
7476
9860
5723
2481
5453
5581
3968
3397
6963
5289
4637
5885
6686
600
7660
2780
2959
5507
106
1078
7818
349
3650
603
3361
4824
5732
2993
5198
9475
5506
432
4796
5329
8999
8950
2323
5029
932
8059
9246
6441
7896
8127
5147
1870
4124
9823
4606
542
7864
8646
9986
3085
1157
6048
9453
6894
2560
9802
2575
5762
2648
2453
1543
6747
836
2714
8066
686
7732
8871
3553
4823
8354
5175
1717
5431
7812
7744
5082
680
162
3846
6797
2721
942
1597
6716
6676
277
4059
3064
8133
6336
5260
5961
5734
7959
8799
6623
1437
1715
1950
9920
4119
6766
9531
946
7557
490
1269
6487
549
3066
7946
4688
1116
8145
4534
3520
4446
4037
3770
9902
5072
7360
536
422
5381
5843
6187
5133
9013
6358
2547
1806
1468
2288
1822
9366
7726
1600
2882
6553
2248
3622
5382
3070
6866
1585
9393
6030
3968
8230
1850
2228
1240
1049
2510
3394
2110
7052
8560
7424
2058
7169
5419
9121
4555
621
6531
6052
5125
3307
1722
5411
3830
73
590
6220
2247
7827
8735
5738
1358
3323
9375
6079
7296
4466
5874
9232
947
8054
9156
4157
7633
8231
3242
7419
3928
3191
6336
4160
4415
750
1394
155
4003
9847
4438
5997
3920
5851
4790
2888
2667
9384
1868
7394
5292
2541
2711
8438
4985
3637
458
6471
221
2285
8675
6610
2375
4052
4168
1615
1743
1358
7005
4547
5571
7684
9123
5718
1104
1580
106
9628
6732
9985
5303
3202
1584
5007
3089
4918
5555
7917
4469
7235
8178
4407
1898
7464
5756
3478
1055
8308
5417
9375
2880
993
9562
1397
1847
9450
2107
5979
1886
2697
4165
1706
8659
1985
7201
4987
5605
1013
5767
7666
3243
8500
1332
8968
8020
1538
9130
8083
2761
8804
481
9444
7742
9543
923
1676
9671
4221
8453
9356
8055
8549
4186
4152
9844
2358
6546
2023
3351
5752
167
7513
1871
3727
6024
6677
5493
3236
2582
2350
9370
1426
7132
4466
4220
1866
6667
6575
5847
4004
9939
9106
6057
6242
4894
1917
7358
914
3687
8516
9834
8289
5064
2997
6197
6470
6705
9490
3456
818
4100
331
4485
3922
9260
9804
3933
4014
174
6513
8268
1202
4584
4610
4326
886
5975
6127
597
4619
4148
4265
4914
1749
3086
9146
6641
1824
2275
9122
6441
6848
8503
1343
2224
1865
5080
6360
1494
9687
6056
6662
3864
9915
7753
2048
6501
9443
8487
5217
1565
9797
2526
8184
3396
4136
9341
1372
4982
6078
4514
9914
2597
2050
725
4188
8030
2554
7057
9864
7738
6761
9421
5266
9840
4820
2520
9887
4648
3438
2499
3399
7802
4707
4664
7046
6340
8702
1000
2015
9018
2103
3827
6109
7384
7788
8784
7144
4707
7322
9213
6464
7278
4440
6640
2170
1545
1952
971
1588
4291
3084
862
5797
4016
3193
2007
1414
5973
7738
4708
24
1120
8220
3561
8080
3621
6417
7469
9046
8756
5564
207
6294
3526
6248
6742
9504
7301
4980
1333
8978
347
3839
4606
4784
9523
4748
2397
1421
3324
7714
5653
6281
7372
6451
5289
263
4177
3095
768
5450
4371
7172
3787
1435
3445
6476
787
10
8122
4323
4283
3790
1204
6156
6101
9338
743
7407
8464
8799
2156
7705
1759
9368
3314
3439
1589
2502
9247
4384
6892
6712
4357
7767
6790
3766
6127
1530
5514
7386
8714
3650
368
6220
5473
6711
4920
6553
3152
710
8804
4159
5626
8354
1301
7912
9446
7909
9107
8640
1684
5745
8407
5604
6814
5720
5442
8137
6633
6484
385
2518
3627
2740
8616
8816
534
2003
3226
1696
1810
7846
2155
1474
6537
6018
7533
5133
7804
2696
5334
7578
5156
2175
1171
7923
9554
348
6518
6249
4471
7615
4298
2674
6319
7853
2487
349
6584
1558
4673
9347
2418
2451
6395
7804
5726
5422
9433
3627
1000
8717
5667
1575
353
3948
7701
6151
4069
6
4899
1402
2876
1776
3946
96
4316
9282
6194
8408
5051
7139
4847
5926
6354
6351
263
2928
6877
4920
4878
3286
1518
1751
7020
669
4850
2941
161
7062
5340
7706
7887
2991
6253
4569
7381
3701
117
2758
6476
8452
1698
8861
6857
6942
7063
6561
3683
6115
5689
6629
4527
8515
7939
1978
1592
685
6537
9462
7642
7779
2953
4877
2269
9997
8541
5375
4494
2870
7117
4526
8393
8886
4098
7321
4003
3741
4197
4970
5412
6313
1014
3625
4482
2229
6953
9163
1768
1022
5306
6011
2389
2258
1841
7106
9889
2583
8801
5638
9195
1510
5066
2845
9405
4354
5550
732
1233
3225
5329
1888
1853
8661
1289
8488
3305
5503
3125
6941
721
7778
1834
6959
6534
9751
2440
9918
7871
4322
9484
7778
1198
7048
2287
3287
4509
5052
5259
1848
6390
2469
8253
3222
9682
4428
102
2438
4169
1303
5387
1685
7672
6782
1901
7992
481
4631
4931
8292
44
4418
2867
3590
8572
9699
143
2225
3564
2503
9420
2482
6599
8196
4510
2321
2343
1730
5296
6758
4070
7504
2224
3430
5184
5493
4294
521
2874
2788
9380
1752
3019
4203
3817
4216
2728
2056
1568
9518
5902
4055
8694
6046
8088
2925
6073
7348
353
6154
1803
3998
6403
8463
2646
2196
3150
2092
9529
5733
7492
3860
9025
367
1585
3632
1667
9723
9448
1676
2773
2227
1592
3714
5516
6864
5741
5009
5264
5076
3587
8393
2476
8625
8726
6006
5858
6244
4549
1687
5931
2930
6324
9210
3100
9149
768
2054
9236
8242
3422
3172
8082
9283
2941
9242
627
2796
4202
901
425
3044
1153
1907
6295
162
5761
5195
4953
8681
8025
521
9232
66
1454
2906
4571
7828
6958
736
5553
3907
591
5042
7003
9890
6993
8996
6735
8406
5058
2254
7638
1656
6768
3003
6463
8614
6649
8689
5517
5880
4126
6487
347
5882
8534
3992
5648
9034
3119
5203
318
6224
5759
1436
6308
181
152
2323
5859
3201
4762
6863
2669
9237
1715
6
3993
7778
5553
9531
9347
1412
2696
3045
8561
5182
4479
4456
4561
1027
4949
2035
7470
1774
4481
6069
9761
9135
4743
3468
4755
6771
6742
2828
9904
7966
9790
3080
8472
3544
4879
656
1184
4753
3244
7559
3829
3810
8639
4847
6464
6946
886
4531
5909
993
1051
5409
150
4389
5809
6211
372
9934
7898
5609
6101
3592
6053
4900
673
93
3477
1041
5014
2676
925
5056
7196
554
8184
175
5603
1323
597
3784
1208
3757
7103
1445
8967
5674
6330
6603
7978
6440
5641
874
7359
9798
3101
3871
8695
5669
8408
6707
7179
8928
6320
1684
4793
4970
5087
6990
2557
403
7190
8614
9067
9926
6450
1011
1096
5314
5255
9961
4728
6083
6617
499
2913
6220
201
9004
8783
5300
1820
251
5393
7674
3656
9001
9137
2134
8263
7215
7201
7021
8734
9024
9633
3280
3111
3633
7149
3650
3131
7025
9554
4724
4204
5049
1089
8415
4541
3825
5900
6749
3957
8859
3502
6981
1064
913
360
3441
5542
454
8645
6590
2800
9595
4510
4063
1108
6049
5402
8813
554
7078
4845
7615
5686
2238
6658
658
9806
5455
5331
2470
9526
8985
9573
6069
7271
7680
1088
8801
3502
8344
9116
5752
5600
8027
7464
3974
1099
2553
435
6840
9624
1869
5389
5976
1165
1880
2248
7866
8751
973
7000
5730
1140
6792
4313
2607
1382
8796
3968
280
3364
9383
6458
7554
2387
6452
4032
1659
2305
5532
428
5318
3754
3098
8165
403
5651
4922
4678
3994
7700
7181
2318
980
7875
9852
8112
6471
5467
7766
9178
1740
6764
2985
8002
8590
8795
4249
4028
7808
6938
7359
6697
9003
7651
7872
9402
5892
1965
5448
7234
1447
6673
228
9417
4626
7255
6378
6637
847
8345
2821
3778
5455
5689
3056
9402
7008
4398
6334
9296
891
1546
6132
6350
5580
6599
5844
4367
9919
6943
9351
4159
1427
8859
2422
3614
1918
8835
9348
8835
8045
3109
7755
1869
950
3120
8226
9301
2492
8960
3896
5167
6014
5460
881
2720
8669
7802
794
4297
9431
7373
3385
9201
837
309
7942
9777
3437
1085
5472
9720
5221
1265
4237
7519
8117
8902
7826
5447
8167
1843
8715
1902
4414
7101
5208
7025
1920
81
5653
5243
3730
3963
6308
3676
8222
5203
216
6405
275
7159
9041
959
4938
4387
6831
4859
6320
9836
868
3812
8005
8717
2763
1457
7151
7385
4047
7814
4955
6447
1978
4058
594
3964
3915
468
5332
8634
4674
7966
3396
3157
4267
3676
240
2254
7844
950
363
5017
909
9152
8856
1281
2203
7067
1061
988
8857
7172
8498
4217
156
9002
3965
3717
3586
4717
2443
1437
4918
1650
6292
1501
3330
7171
5244
4855
6529
403
6090
4560
4719
2351
9879
772
7616
2752
3508
9177
394
2813
7832
5297
4065
190
9333
2682
1789
7739
8214
8768
633
482
1815
5969
2090
6200
5905
65
7290
7238
4736
740
4144
1781
9283
7193
5918
1861
2224
6982
9111
9654
4385
2125
4571
1962
3391
8078
144
6818
9673
2615
3502
7348
4065
1863
8807
6878
4419
3296
6834
3093
6915
7130
819
8742
4834
8676
1208
7421
9229
37
7714
5508
4818
4720
3966
6035
5039
2087
799
5398
6857
6295
3914
1724
7158
529
4046
5739
7447
120
1150
2657
758
4726
2316
1510
1672
1033
6371
9773
7262
9419
5697
2601
1070
3391
1007
1980
649
3303
7663
2795
6633
8163
4737
1773
6473
8067
7362
7410
7025
1806
2369
6417
8748
9595
1151
761
7527
2156
5491
4121
5705
747
8039
6875
4010
5261
7698
1195
8929
6979
5187
8901
7405
2031
5062
9164
3008
6643
8695
5447
1651
1941
2752
1431
4250
3054
2384
5363
9862
6482
9723
1716
7120
2091
2232
4860
8297
6446
2347
3729
7211
2351
174
1112
426
7615
5486
3021
6557
9027
7489
7198
2900
9617
1263
1303
3077
7956
8804
4953
2966
4302
2096
1907
6121
8029
2056
5634
4367
9942
3293
7668
170
6046
9382
6249
9284
2280
1597
6466
3077
3048
8404
5468
2069
9238
914
4198
1103
1023
9981
3949
8061
9381
5893
8761
614
6166
747
5888
7985
9978
5261
2184
788
7989
6495
8346
4925
9165
8055
2306
1565
214
980
9747
5196
409
6812
5447
5037
2243
1745
1284
6063
7769
2783
9370
9020
4266
5381
9945
1506
317
158
5152
5627
1496
5835
3200
6284
7426
6287
3183
2535
6817
614
8712
8924
7277
2402
95
2067
5846
3171
9810
5919
6688
4530
1324
3519
6316
4299
2083
1766
1731
7669
5137
5061
9643
3568
7967
7250
876
6553
5341
9672
7580
8764
4991
6618
9718
3575
8146
5365
6442
7511
3308
4929
2846
9042
6448
8323
6385
9392
9201
5218
9776
6646
6302
6868
4882
9280
2924
1141
366
6203
9697
6596
8956
3660
4028
8041
9385
5440
7043
2934
5812
769
9396
858
9061
6354
2780
7628
8702
7784
9446
8618
2681
884
4860
6669
1152
7889
4633
568
7404
7831
8271
8686
5909
5769
2387
1982
1369
6273
7798
8796
9448
6918
6527
1437
1019
1655
4564
4126
1060
8375
8488
8033
5889
2053
1150
789
3963
5446
3979
2912
6923
929
2394
3676
1051
807
4745
684
1546
3053
8352
8330
1977
8872
5938
7678
2579
948
1420
3420
7978
8721
3498
7867
3068
1594
9737
5006
5669
8915
7495
3216
3981
606
54
3649
9970
3178
4912
1687
1296
538
7749
1491
6813
6109
6735
3506
2034
6590
5670
8188
5411
2186
3968
1852
9183
6010
2304
3036
8594
796
3551
669
9752
8978
6776
2160
2685
2359
2717
7956
4384
4745
3080
1948
7382
9112
540
1900
4090
8985
9529
4592
8866
1783
1054
409
7453
8535
3160
9141
6184
8662
9017
2506
6720
7281
5636
9119
5633
4177
3157
7990
7565
8097
6429
5850
825
4797
2907
1137
225
3689
567
7502
3084
2523
7399
1862
954
5958
1188
2220
233
355
7255
4459
5991
526
3517
5376
3554
7867
8698
3410
6875
2612
6218
8527
6922
7952
7826
2004
9226
2785
1636
8904
517
457
4673
838
4458
4538
8873
3093
7786
8697
1055
1077
7475
7598
6504
4136
5556
3435
2914
4763
5071
2054
1376
8816
3132
4597
67
1465
4346
2613
8005
2419
7728
3751
8751
4173
1986
8360
6955
5155
5183
7387
5139
6363
7575
7413
4344
1131
3658
6548
4559
1029
8268
7549
3574
2257
7444
6769
2372
4597
4164
6715
14
1827
8019
1512
3557
3183
1765
3140
2509
5516
9884
4397
3609
4290
5160
6870
2978
7150
8474
6570
1095
2885
9270
9435
6733
2982
2998
1926
4951
9324
188
4181
1058
7580
7248
9121
2551
609
5015
4353
1715
2082
7684
4931
8724
2333
8824
1350
5321
9330
8054
1186
5484
6015
1857
3541
8380
4227
4038
8378
5362
6720
870
5928
1093
8274
9532
4020
2521
8519
1325
3396
9699
8554
4877
7282
4615
1232
541
4169
4706
4686
6706
3214
5140
2773
8114
9102
9909
9548
6344
2624
7048
472
6823
2727
8172
921
3562
5303
8671
7236
6090
1841
6814
9017
1337
2716
8824
480
4123
7634
9152
1573
2516
7668
1313
125
6844
4747
9756
8068
9119
3532
1900
7301
7986
1287
91
4421
8672
1053
7421
2524
7122
75
9434
305
5852
1095
9578
7456
2084
7782
3016
6219
1870
8295
7113
6059
7603
3424
4550
3953
289
3971
4196
3037
7403
4668
421
1834
1520
9482
4152
9204
5209
7559
4347
1271
8604
9574
1712
9333
8142
5992
5694
7891
2005
1659
2318
514
5820
3504
3030
9221
9727
1031
8547
5875
5190
9929
7359
8555
3471
6882
3250
7615
9380
1241
6708
7247
8843
8797
1296
6050
812
6173
9589
5603
5021
4228
2230
1830
4602
1664
6321
8774
8608
3838
8285
7164
3576
7283
1548
6590
5889
5721
5808
2865
8694
3700
6202
3980
9471
4064
7821
9708
2643
6121
6081
1693
2618
8070
9668
6076
3857
3699
4491
3350
8439
634
7046
7627
4020
2958
8481
7429
7882
4147
1382
2335
627
4861
4992
3124
4233
7635
7803
2198
6085
5264
3335
7767
4192
3078
6540
1895
8805
9823
407
4826
8103
8177
9842
4629
7166
4509
7169
1029
205
229
9288
5148
7871
7207
1051
4618
9120
6827
6078
2084
9464
1301
7771
7507
9170
1447
3025
1755
9579
1542
9881
3782
6949
6758
5444
5821
4059
3237
7041
5282
4319
9234
1259
1661
6191
4440
8814
3201
6247
7018
8378
7834
3231
3917
3600
3734
5541
572
4569
5197
6438
4908
5462
4126
7637
1997
6498
5719
7358
250
8404
7808
8420
4957
8097
9381
6102
5522
6974
9119
8417
3030
8083
7598
911
8459
8730
4100
8973
9019
8247
6592
5258
3463
6514
7158
5163
507
8239
424
7467
4911
1951
8371
7936
7612
4047
4569
8441
281
7246
9430
7939
8242
6013
2625
7499
5748
2511
1025
9885
6439
8831
5849
395
248
240
930
7274
7730
351
7971
551
1529
4662
9967
3686
4819
2586
1900
7402
8642
4867
3387
7057
1138
7916
2649
919
3612
9712
8513
3003
1973
8693
6331
5118
8710
8053
6341
2135
5192
7430
5069
7812
5724
1099
408
3692
1044
2500
7106
7343
6001
9121
2066
1694
2298
2548
5849
6215
86
3651
4968
2969
247
9293
5723
3062
6179
1124
7461
9142
5328
8120
1225
2072
795
8277
7298
7236
8388
2691
1456
8939
8458
8299
1247
9520
1647
841
4422
9152
6455
2028
2889
684
5859
2859
5052
9960
2724
5746
7892
6043
190
9082
8443
7367
9307
5094
7024
9747
4744
5497
841
7347
672
1989
2070
7801
1427
255
147
917
2899
2590
5514
1112
8155
3763
3362
3686
4349
5170
8536
7450
1510
462
8184
4211
5487
9938
1736
1820
8835
4156
9537
5130
2632
2388
1419
5454
5916
6698
5557
8458
1278
7182
3037
3696
5445
3865
9602
3638
609
4089
451
8710
3692
6201
9427
1410
2028
2735
332
1765
5465
3374
3165
1652
8101
3756
7250
5827
7805
4206
4286
2276
4987
6432
3080
5066
4100
2833
2047
3019
8469
8522
6410
8468
8981
3007
7649
4343
8518
6094
1906
3232
8334
2149
1601
3717
8461
9136
943
2859
5786
5967
549
7141
2430
5526
9789
6232
3308
9855
3053
6810
9628
1178
3090
8344
8387
5236
3013
8167
3457
1045
7916
4482
1430
7939
5807
6322
3505
5221
3781
6908
1511
5682
5084
3107
4733
9815
3537
8431
3906
2087
6881
758
6795
1276
1821
1430
204
8316
5955
9252
6016
9848
9391
1919
9750
1198
3678
878
472
7182
330
6776
6936
393
6711
7426
8010
421
5736
1570
152
2605
3663
8883
2614
9845
1872
9537
1571
5372
4560
8708
1384
810
2863
6074
1296
8681
6959
29
964
6240
4176
5059
7394
6361
2938
1476
1769
6292
9526
2391
4644
1573
4682
3765
7409
4073
4174
3983
5740
4278
7567
9674
8684
5600
5104
5512
9354
8743
24
2643
570
5310
7869
5107
8568
871
6170
9423
7152
6009
5711
9568
7929
3267
7446
1696
1471
1595
8269
9586
2523
7791
9301
4939
1410
5725
5526
3309
6855
958
9725
2693
8269
1981
627
4939
2973
9909
7339
9174
4257
2504
9975
3250
1387
3484
6535
9801
9812
8431
9952
4910
1605
588
9157
6442
3259
1766
5621
9437
5739
3249
1552
70
4754
2272
247
9134
3047
2600
9471
9662
7296
7668
1698
8705
9278
8338
4370
4243
518
506
2010
7609
9036
6671
9364
3211
2846
4222
8896
6796
1930
2276
9720
4346
3501
9020
5613
8625
9962
7989
1516
6650
4371
2321
5939
5344
5814
3450
4923
8643
3799
1520
7425
7765
9430
8974
2020
4962
3805
890
9485
1261
713
1466
8006
5190
8738
9284
2329
8456
1064
2094
8454
3230
3308
4437
4192
8101
1528
7225
996
1820
1820
8052
7671
9992
7558
9451
6044
9540
6477
445
7727
7142
554
6761
7232
4653
756
717
3551
1558
7510
7321
3424
8718
4703
3665
6539
6754
3718
1809
1748
1154
4760
1019
3234
8116
7536
3260
2573
5076
1345
5132
8073
7721
3683
9188
922
707
951
9914
5010
2384
1337
9560
9918
479
4801
6699
6234
5036
1606
4503
2956
7977
4000
9768
1236
6733
9656
2355
4878
8694
5934
6139
5728
6491
9575
3263
166
9948
9489
1488
4984
203
148
6577
7621
2259
7334
5415
9327
3094
971
8608
8226
4933
8840
5360
7986
2649
4674
2358
9296
2767
1576
1725
5608
6303
3434
1278
4923
9661
9172
1699
468
360
5707
8678
5736
993
8850
4904
239
8790
4569
1198
362
5499
4803
7302
1216
5066
7635
1543
3513
2177
930
8854
8278
9210
2176
6245
9914
9177
6533
5766
9113
3454
6498
1613
1724
106
5704
6995
9806
5998
2852
5751
5559
750
7366
6767
1954
1893
4685
6748
460
5491
5378
5819
3612
5041
8925
8840
9801
4116
4407
2317
77
5168
9725
809
6580
2116
5485
1899
1968
9043
1281
5213
9405
7475
9973
558
1500
4926
3766
1400
366
6310
6809
2016
8734
3494
4197
2059
2476
867
1855
4221
754
6721
4448
5133
7412
3266
2805
6165
9161
5081
9010
5590
8528
4477
4771
6968
9793
6553
305
6814
3842
8416
4702
4120
9090
1325
1005
7298
806
7593
7457
6682
8653
7878
5104
8351
4673
3800
9523
5237
125
6131
6877
6196
7702
96
6693
7920
2535
8041
5842
9268
8781
3923
4067
4952
5675
6572
4888
9777
619
1834
6992
7127
7394
2323
5343
2802
3167
6634
6636
6781
6416
4599
5685
6781
8000
8992
2959
7467
2529
9347
590
3037
6274
7926
1260
8611
8109
9877
2330
4572
8080
5578
6513
9529
7845
9243
1187
5369
288
8957
595
1332
9445
3031
4862
7796
1364
3665
6052
3869
6002
6043
1879
3804
7637
4266
2559
8429
5627
845
5047
231
3304
5038
2503
643
4330
7284
975
4730
2634
6692
2109
3820
6226
7240
1420
7404
3509
5240
8345
8024
2335
5877
3715
2503
6939
629
1534
5660
2155
4328
4547
1927
5127
9785
1896
9738
4085
1056
7335
8184
2673
1076
446
2297
233
142
99
9883
6760
8168
3842
83
6877
564
9380
9649
1799
5578
4605
5569
6591
6329
7843
5966
3186
4703
118
2945
4490
4612
5952
6119
4600
5392
90
4848
1919
4364
5704
1700
4064
2310
4402
4160
2702
8286
7168
6334
637
4093
2690
6979
2588
9718
2745
193
5484
6836
9941
1101
8268
179
1756
5115
5667
9099
3844
1925
7865
4631
4733
3451
7521
692
3902
4884
7223
2229
9034
4898
7250
3171
79
9203
9895
7793
9595
3860
9754
461
2011
9505
4449
2915
6513
7864
9526
1436
6529
9579
7817
3507
1096
5011
7024
2072
4170
2050
444
8894
9670
8961
7370
1327
4008
6088
6130
2255
812
4332
303
7053
6042
8466
5531
3622
4770
2546
3159
5924
1348
2583
9556
1508
5708
4658
8129
9989
6153
4398
8193
4332
5801
8543
664
181
6867
2852
130
788
2416
4203
7712
2537
3830
6579
543
5857
4723
9021
7703
8825
5218
8572
9630
6798
1805
5995
1670
9328
976
4205
8634
6501
8597
80
2016
3337
3682
9211
8426
6339
1355
9718
2255
2259
228
329
4994
744
1224
957
8284
1454
5695
3838
6635
2084
2511
8850
981
316
2706
995
1178
1899
9968
4232
3654
8416
4953
3426
3296
6017
1409
8786
7347
417
9448
3720
486
9951
869
4646
8553
7128
8750
1907
2126
8395
4935
3387
8962
7325
1829
7011
3143
3731
1021
9403
8447
8141
4765
6268
2183
7091
9239
8401
9534
1798
3926
7747
2176
969
7470
1052
2595
7513
5444
1180
5837
6871
3815
2778
9920
1463
426
3570
3395
9889
880
6829
2287
7284
6946
2270
9507
9082
5487
9913
3924
8919
2161
9086
9412
6779
5016
83
6013
1847
4853
3360
5003
9324
2645
9091
9635
9727
3608
3763
3748
1512
9309
3138
4681
1498
7452
1836
791
1901
2383
5452
8873
407
3710
9566
8806
4297
8310
5263
6140
9077
9541
8352
2459
4926
8804
442
2768
6184
6161
2395
4508
430
7112
8942
4097
8226
5742
9689
8361
4782
1802
8560
690
2330
7616
7431
5082
8023
5691
8868
2370
8408
1879
2659
1554
9440
4408
4067
4026
662
1930
1325
6144
2709
9398
9621
4219
5040
6845
2426
1931
7491
4420
9751
7602
4164
5292
4108
6115
8952
7549
3814
4806
9123
3727
6011
8069
9511
7525
6194
9382
285
6534
286
389
5554
5673
1068
3068
56
8764
6866
5362
6926
2033
7911
3742
9594
6838
6289
343
5858
4208
3306
8298
8810
8851
8780
3542
7735
9104
5947
3751
5810
9163
2162
7581
7608
6455
9509
6680
8831
7057
4805
1138
6931
4614
9459
8617
191
50
812
2824
6423
8662
8994
2226
9921
2341
5883
4538
1028
7563
6050
6961
9992
2298
1036
4269
3549
6707
9941
6594
7928
2862
6809
879
2568
5941
9694
504
9335
7331
9438
156
7100
1524
1491
1090
8381
4537
8619
8037
5185
8156
9451
649
627
6874
112
696
1139
7681
4992
8254
3079
9863
511
1821
4879
6804
974
9662
2662
6238
8206
4853
9172
8927
5746
2591
8768
197
4897
9931
5443
9046
9915
8978
1160
9005
643
5972
6223
4517
1451
6865
3201
8481
8910
1088
8237
1238
8598
63
6865
1574
7613
2232
1781
746
6065
8413
3313
6619
5633
9648
526
4989
4068
2993
8666
2968
6137
1924
181
7908
1816
3214
7113
1568
455
6060
70
9391
4345
1888
8795
2880
1026
2297
1969
8265
1413
2494
1105
9855
1166
711
2694
8549
123
9609
5757
6830
7573
4891
4377
6800
2573
9657
5171
2871
9953
6053
7758
6259
1373
5236
1032
6304
8382
4940
877
2160
6707
4712
182
1639
5868
3654
8575
802
4404
5310
9861
4196
3083
7967
2606
3407
3020
2551
8323
5244
7742
3742
5080
2455
5941
2848
1277
6329
7304
3797
2365
3443
4509
7455
1715
741
6289
400
5052
7688
1844
2597
4663
7662
1216
8338
2297
7492
3402
2955
5470
544
7794
6141
1242
2605
4021
9319
4813
1889
3154
712
