1705
2428
1966
4748
8070
4447
7867
3222
7256
6889
8150
5341
2331
2996
3293
3877
2672
3222
1786
2467
9281
8480
4274
2356
4687
5203
4552
9370
71
6192
6815
6676
2963
3611
3084
521
4940
9099
6154
5569
1213
3073
6550
2240
4771
6754
6427
3184
113
6834
696
9914
6992
2559
4733
9872
2228
3527
6165
1978
313
1735
9341
6859
1996
7426
6179
7423
4678
1082
8618
3043
6227
8685
8953
8177
769
8607
4099
2807
1364
9568
8705
7795
3590
4090
6315
4669
2844
394
839
2881
1411
8136
8760
8279
9209
308
9639
497
3865
8031
1759
5504
6606
7235
4882
7508
4504
8256
2457
6414
1821
4133
3865
7171
7414
2951
4113
8175
3930
1936
32
4659
2537
3303
2723
9886
9470
1847
9708
9683
1496
6015
1758
1276
2962
8198
9413
9403
1645
9849
5827
3785
5071
8995
8692
509
7637
2776
995
3722
1252
7021
7301
6213
1469
5223
7747
9986
671
6942
6230
8794
5863
9262
9419
4859
8946
7259
4166
316
5203
6606
3090
5099
9503
176
6054
1206
726
7409
3380
4562
2396
9477
875
891
5061
6477
4220
8536
3840
3566
6969
970
3354
607
2361
1585
8771
500
441
4795
3358
8850
6781
394
6561
6975
6435
7665
2573
871
3416
1499
3687
4237
1988
9975
821
5772
5969
4564
8516
9145
9625
3253
7478
24
3581
8210
1673
5191
9154
8235
4850
9162
4933
5881
3161
8052
1103
7538
6222
782
8436
4664
2249
2872
2822
9152
6031
2233
5270
2314
5088
9029
3370
481
6286
1162
778
5041
7032
998
9525
9616
4452
7417
6465
6251
6699
8611
7471
174
3501
1658
3036
447
9638
8585
2083
8567
1513
2120
2288
7934
8744
7092
5376
4514
1782
1388
8533
5764
9267
8743
7958
8063
6007
7541
2962
6677
9754
4416
7653
5576
5903
2606
6675
4322
9809
5062
193
2098
2918
61
6435
2180
9440
9372
2272
3723
8674
7120
1249
2445
9744
4861
265
331
6495
7663
8591
7964
5371
3263
2870
629
1127
1247
5661
6135
3119
9362
2930
2228
5850
955
274
8127
9020
2544
3884
656
7815
8202
707
2833
6561
828
8802
233
4016
2942
3578
5986
8642
1397
4694
6424
9818
9328
5248
9520
1956
9618
3868
1298
282
2743
2642
2197
9759
3668
9209
8886
1688
160
3439
2836
3243
4649
6341
3580
1391
3668
2295
6172
7795
2917
4841
7445
5259
9975
3405
6354
6996
1240
1618
3775
7849
788
8902
7608
2766
1133
3723
1808
1882
1012
2840
5755
1665
7174
5926
472
9903
5910
6683
4846
5233
4947
1812
3489
8670
1222
3770
9121
9555
6170
327
3136
7627
6647
3939
78
2397
5917
8919
8739
9551
570
1922
7640
2937
8857
5577
9586
3380
4871
3321
3036
7266
2275
2425
5455
1111
9297
9323
4657
9156
2394
4177
3416
9252
2228
8764
7705
3232
5818
6831
6610
9629
8760
4450
5887
7109
4853
9923
8733
2291
4300
8678
1609
3656
8569
3853
5636
986
3725
771
278
844
9342
5123
1723
8169
95
8918
6062
6714
4711
7736
5313
8967
64
1308
8294
9898
2318
3030
6605
5471
2265
5174
4283
583
4361
9733
7283
2748
5822
1079
2228
6767
713
3696
1774
6461
8219
8244
49
9408
1000
951
8645
8226
4294
5123
6416
1884
8072
4519
2679
1996
2162
12
9381
6821
9848
1107
9617
2960
1591
3754
1102
2097
1424
3870
4740
6628
9117
3643
5415
2806
1105
2446
785
6752
8080
2139
9393
8366
1031
6874
8991
7726
7258
9421
2986
2628
4329
3468
8464
1211
2734
6465
8650
3333
4693
9344
4770
7427
2488
606
2705
1920
8614
1107
137
9447
2544
4921
7356
758
7712
3332
9384
7658
7766
4588
9903
3626
6944
9445
6935
8383
4756
2880
7898
6480
5006
9306
2763
9821
8593
8786
1702
9202
3756
9912
5874
1083
1834
6897
4615
9574
5333
6023
6038
115
2393
2317
6137
3608
7697
1232
5239
7074
2128
9834
1956
3014
6877
896
7523
4998
3372
2938
8153
3471
3253
8467
1152
1790
6900
4086
8644
3555
7052
2936
3341
3102
8776
7253
938
8949
6000
2323
1622
3015
5252
8259
1546
4779
5592
3158
6927
6274
652
1195
9358
9708
1319
8694
5254
9062
4575
2317
3448
5664
3848
540
6467
1677
4743
584
4839
3572
3281
5329
3256
5811
4485
3904
3105
2211
7522
4048
4706
8342
9622
473
7464
3853
2789
4583
1464
5382
1106
8921
9671
7235
5837
629
9049
1958
2105
1385
8324
2808
5817
6397
9056
5401
8550
2756
4669
6897
9711
4210
9137
5941
3166
6503
9725
2934
2115
4152
4938
3443
975
8975
8949
750
6591
5673
7333
2492
3043
7965
9061
9718
5146
3837
4482
3117
3772
2613
5026
4762
3508
6768
6271
3523
1463
1001
1055
7626
7077
1951
7937
3215
1931
5074
8790
646
5123
3786
7194
7795
5497
6440
4366
9346
3434
755
5427
7651
6763
2052
8900
1698
9347
9166
7904
693
2678
3460
3555
2718
2943
6351
4241
3904
3562
4487
1694
5711
1691
5854
7501
1024
8318
7420
5058
5440
7228
6245
4086
3856
6982
1095
7159
2653
994
1968
1385
1342
9983
7372
1982
1894
1350
9259
8221
3290
175
1601
1025
3837
9517
3096
3649
1510
3671
2768
6183
4163
1572
5302
6624
8087
6402
7378
3055
7630
1875
6186
4974
8562
6485
132
8882
4070
3277
1577
1209
2767
5471
6805
307
259
6668
7851
2970
6969
5544
2214
5600
2160
5350
5402
6467
7452
4579
6712
9024
9387
8988
2848
577
5141
9197
7377
9332
9458
6743
124
1706
8021
5165
4311
4807
7334
7500
4685
7485
5038
7268
3698
1328
3371
5095
8164
5878
8307
7052
1054
6685
6150
9024
4870
1096
652
4683
8294
5336
1773
1306
9368
51
8095
6815
1946
1827
378
6977
2944
9469
1368
7984
6281
7452
1144
7321
8618
2075
4065
7394
855
9292
1572
5588
1984
1495
1418
5378
1720
9825
2876
922
5568
584
6450
3942
4354
2457
4227
4543
3290
8959
4219
2576
3119
3497
8154
9330
4959
9878
8601
9065
1992
79
8760
5930
5267
9073
8963
7719
9562
2085
3555
905
7610
5694
416
5609
4516
287
2212
8171
5550
422
6683
1495
7143
3305
8919
8533
1447
6203
4512
8900
852
2123
6008
9720
7553
5578
5804
942
2897
3847
390
8668
5529
5336
879
282
1508
5095
8563
1607
3504
4887
4333
7706
2085
2673
4705
6598
5318
7423
5080
5944
4816
3284
1318
7328
1439
3111
6071
3914
5264
4794
7816
2200
449
6683
8467
6910
1861
8086
9570
7209
2627
5956
6036
5276
1742
6613
1853
2121
9664
1286
3799
7449
4543
9822
7559
6504
4241
7403
9962
1952
4172
5220
5455
5152
1270
8426
3614
6648
9179
352
69
1028
8413
2100
1140
9683
4582
8073
6142
1763
3033
3586
432
1978
7190
4285
5598
9379
5948
1930
3833
6947
8040
5383
9565
7656
1692
3321
4086
4621
4523
41
4098
1852
481
937
8753
4353
3888
2641
6106
854
9461
2922
2744
496
4008
5589
4417
9877
5890
5065
5878
8425
3929
8248
7190
7524
6951
7149
2718
7745
3161
997
6267
3189
5379
1815
944
5146
8657
7408
2387
6936
5352
5727
7473
7391
5354
3498
18
387
8889
8059
1239
6148
3539
9051
784
3528
1707
2394
8026
6104
3160
7400
5558
1092
5175
5666
3188
1203
7324
5004
7678
3708
310
3991
1569
426
3728
704
6038
3423
2691
1349
5392
5416
7289
5540
1741
1769
7516
9154
6927
8757
1165
2581
4421
8699
6497
447
754
3728
8598
8007
9311
6150
355
5830
9020
4150
5037
122
5729
9855
3253
6410
3187
2154
191
4919
9139
473
8062
9019
2080
1212
1771
1954
3820
16
7381
6689
1388
4661
7826
4071
3241
3226
8739
6158
7940
5062
9781
862
2935
4822
6596
399
6310
1502
2282
2408
900
1534
2901
8873
2289
8147
1511
3889
5473
2422
8903
8509
7464
2469
3301
6958
562
4588
5370
1046
2319
8352
1517
3870
923
216
6738
3639
7324
5384
7198
283
4756
7771
8022
367
2119
6972
7252
8232
3670
177
6507
3910
89
5125
1618
2625
8364
2032
4908
6751
5904
9094
777
720
5490
1209
9397
2598
2009
2635
2478
6516
1641
8692
2339
4865
3492
1243
967
3705
8768
7477
709
5953
660
1016
6622
2293
8412
1435
2526
7855
9804
6092
1548
6790
3344
1229
1632
9361
6530
812
6255
4022
5221
4813
8177
3924
7582
1142
9044
1193
7683
7223
4665
5921
7212
8931
6588
556
4757
6608
5506
9258
7637
7223
4283
7461
1929
1800
4550
4827
3834
1502
2148
8567
221
6698
7684
5371
1385
271
6078
9436
2275
5561
9483
2890
4565
5978
2161
7659
7405
4579
1693
787
9937
5787
5113
5057
2769
1775
205
8281
3941
3670
5825
6329
4181
1744
7825
3035
5399
5883
6857
5782
4739
6737
3440
7057
8323
2689
7121
5989
9382
4680
2019
6622
564
124
6875
2574
9899
2373
8840
7166
3463
6856
8012
2018
2593
5681
7658
7479
5182
9885
9178
8411
7368
3714
2714
9465
3611
8891
9903
3440
9861
1635
8809
7456
8848
1405
7412
3440
5340
3374
9258
2286
9013
9704
7398
2052
52
7235
9604
8755
6705
7866
8501
4559
3782
6400
622
5495
367
1229
1599
6399
2574
7176
3697
4508
6331
6707
7801
5483
1672
2414
3321
5918
9842
7401
822
1940
1267
9385
3940
3556
7349
9846
3437
8326
3585
3759
3648
9342
4326
2394
1062
7845
7573
9180
1456
998
5704
129
6093
7154
579
7321
856
2641
5314
9039
2525
7782
3618
8247
5516
5453
9885
6340
3078
2723
4973
2707
9749
370
7249
4711
7304
2376
3565
5682
5883
4531
7051
9196
1797
3499
2144
1427
3163
8492
7018
6592
6098
6558
261
8562
3586
8595
7501
2377
5157
4012
4285
2656
3455
4104
966
6376
1960
7146
1019
9246
8196
5990
8057
9304
6820
9912
6596
6513
3286
2018
8413
1918
3607
7840
9504
6924
6680
7192
5465
6008
2398
3923
1750
9547
419
7923
8088
1104
8795
9745
9491
4324
1969
2996
9749
2632
9983
6335
7619
4261
3116
2711
5599
3758
2128
6047
6486
7851
3300
5763
8294
311
4292
1470
4172
7415
6182
1272
987
5028
4340
3055
6537
376
8676
7168
6211
5922
6922
1250
4465
2517
7267
2160
5492
739
6402
481
188
1233
9416
4214
4630
5160
7884
7103
6515
8504
9658
6922
1924
8760
3688
9625
1792
8110
7203
5950
9832
1767
5448
4230
2930
8292
6478
5408
6065
8962
9825
7785
2870
9108
7322
1925
7504
5327
5865
1995
6782
914
981
525
8853
3055
1066
9379
878
8651
6545
3
4983
6206
893
7343
9721
4630
497
5036
9529
3023
8048
3946
120
7335
348
8436
2293
2945
1920
1430
5331
201
7705
2038
6853
9774
7455
2369
5285
5825
705
3395
4660
9689
2318
4290
1099
8816
1440
7207
4752
2301
5251
9674
6165
6591
8932
7721
6555
2514
2308
2500
1940
1345
1596
4488
7925
9017
1914
4871
330
566
5033
3008
835
3404
1407
1920
4908
8900
3919
7733
9915
3521
8687
1659
6146
3806
5253
821
133
6758
3882
3081
7317
6431
7552
2856
9259
739
3728
1336
5440
1949
9212
8865
5193
1005
5875
5024
9584
7112
6466
3755
2637
7759
3064
6274
7299
9273
7458
4910
9959
9488
1173
8761
3308
806
8523
7593
8794
4305
5556
6170
8861
5882
8989
9191
5337
3662
7454
6197
4794
5231
2558
9084
1162
1706
8609
4691
6156
1365
577
6935
7846
2149
602
2935
7531
5081
2559
959
3014
9815
7275
5824
1987
433
8210
8168
4087
5124
9798
8979
5408
6717
9285
573
5846
7159
5455
7602
1009
6101
5253
5573
8372
5480
1181
3913
6727
1022
4914
7871
8403
5608
1768
4365
4471
2327
8638
8423
599
1986
8124
7021
2500
5526
5500
2737
9814
1114
9813
1491
4981
685
2226
6955
5304
9327
5041
5186
3588
5033
6871
2525
5942
3769
8832
7606
1660
2094
213
4441
110
5725
4454
3689
1338
7902
2327
2461
2621
2198
3768
730
4365
9185
8283
333
6211
2283
4458
7173
9590
1068
6913
3051
7506
6526
7127
5168
3752
2972
9786
6129
7263
7241
3512
6873
5592
1801
3962
2899
9567
9600
2267
3114
3917
6645
2550
4000
5627
3955
4109
9559
4961
9260
9446
9119
3548
6874
7200
2989
3629
4804
7715
6004
9822
2217
7861
5186
1088
1180
3545
6522
241
1036
5619
9465
8233
9934
6822
8439
5587
2457
7118
6861
8296
9502
7737
5933
6198
7394
4319
4594
2768
5466
4819
7477
1632
6290
7490
2888
4984
2378
2153
995
949
3213
8243
186
8452
8911
4607
6903
4575
9122
8224
5401
4128
1557
8062
5640
8246
9770
5897
2931
3125
4466
4238
5000
8408
5624
6611
784
5426
6310
2732
2453
8273
4040
1984
7776
4916
3259
2325
2403
3043
8449
615
0
3917
2021
9832
1492
3071
7781
6146
2724
9792
3120
5672
1538
202
4462
8683
4092
146
2758
9047
1473
3673
8272
1213
2656
4203
7064
3676
4832
9092
8907
6361
8422
3106
4162
8813
1174
326
1128
6141
7865
3284
9737
9925
726
4938
3625
5006
1696
1086
3166
4159
1981
1919
8555
7903
8591
9550
5401
9944
3552
8965
8036
5911
2702
7013
6368
784
1249
1758
839
3007
5797
5303
432
3945
6361
2141
3276
2353
4130
7944
5536
134
4748
6249
4362
3897
3183
8224
7603
637
3770
5819
9344
2967
5662
7368
6308
9237
6057
3595
7397
5323
5998
2363
3065
2648
4686
8678
6509
3351
9413
7765
9729
7426
3683
3435
1876
2336
805
4167
4552
6415
2959
7896
6210
1245
8761
3232
864
2704
7731
1905
1271
6838
1798
8308
9639
1110
8601
8345
7325
4965
2093
4265
6614
5477
6725
2999
9051
1688
1413
2181
8062
9778
7430
9570
6638
9308
3250
1489
3674
8693
1731
9925
1696
5459
9011
1048
8993
9079
9263
763
8499
7023
7437
616
9378
6517
6007
6355
8788
4340
8147
7263
1447
618
9760
8012
5146
8121
6447
7246
7493
4552
6075
8362
7861
5959
2487
9113
8072
3152
6771
8575
2881
4248
9771
6437
8825
9764
5324
898
1891
7929
4594
1016
1369
9532
2851
5563
8072
5848
6706
5709
5109
2365
6098
6724
922
6197
9479
5148
673
9379
138
6793
9180
9285
6777
7301
7999
1528
9448
2392
2715
3802
9768
8742
7223
1530
7554
5026
1565
2667
8929
3824
3198
9704
9369
5863
5971
8002
9047
165
3825
9893
6343
5853
6600
6521
9836
332
9032
307
8176
4762
3665
7403
8280
7947
1797
1161
7730
5125
2044
6361
8766
1644
3908
1709
3318
7896
4579
8738
7452
7432
6347
6442
4078
1280
4888
4072
1272
8670
2969
8603
9511
1131
7784
5793
4581
8604
8536
1549
9958
9832
7578
3444
5598
1700
7500
8209
316
6394
2831
8472
4999
7945
3987
8759
7524
9077
3249
3992
2097
6495
9924
4323
6513
4975
3029
2496
5109
8477
8306
379
5955
8800
795
9312
4213
7966
6360
9334
6400
1249
2762
3368
7935
4843
7677
4302
9404
2064
3718
1450
1259
3042
9519
7134
707
5098
1804
6779
26
3714
889
7093
9772
9776
7170
6514
663
2012
8318
1713
6517
7458
8217
8199
23
1043
3901
3092
4891
7478
7996
8500
8090
8940
9885
1586
4561
8145
6768
3911
6393
2750
7856
8800
6757
9420
2276
3918
5880
8755
1201
7622
7056
8576
6000
7913
115
9461
1703
7310
2084
4698
1447
458
6258
9649
2354
6114
5934
343
9206
9847
1878
3718
2875
8337
9059
1640
5221
5895
6299
8455
7765
9305
4900
9503
3330
9137
5638
228
48
574
1580
464
3259
2400
9159
7701
1074
706
7134
8544
3666
3248
2725
8686
4222
6442
5721
7849
1048
4161
4950
1947
9039
1791
3765
8532
6821
5331
4902
8486
6411
3065
4373
1516
2011
9096
1276
7451
9249
1269
4053
6977
5032
982
8490
6938
3085
7984
6492
5682
7570
5041
6716
4836
737
1562
6120
5073
4234
9172
2613
237
2891
6068
2502
2963
2812
7769
1927
7688
9364
897
7208
4109
6587
5548
4681
6030
3948
8648
5759
1527
5622
6683
4192
6807
929
335
7920
3948
472
3048
2329
542
5446
1665
6256
5016
6193
4405
4970
400
974
3241
7451
5224
6863
4230
9590
8109
768
2836
9254
5037
4698
4530
9479
710
5233
915
4338
7113
9857
6914
2116
2476
640
9030
7658
1679
3167
2768
4554
6583
7891
7377
4401
646
5466
2745
7957
4140
5228
9466
6294
2983
240
3915
5622
9605
6919
856
1009
186
1961
4135
9035
9373
4571
9509
2389
9693
2042
6159
4124
4433
7527
7485
5086
492
6990
3448
2473
2447
9972
7085
4914
2393
780
2665
3167
7098
5478
9284
6274
8181
9014
9274
2242
3235
3916
4660
9879
7668
6805
9030
8626
113
9630
369
8007
9661
5680
8040
4952
4218
2028
8640
2415
6551
387
5553
5431
3863
1859
6793
823
1565
3194
9408
6669
1971
8200
6726
4419
890
9973
536
5521
908
6236
2385
6463
301
8995
237
7092
7920
5672
5705
6096
9462
2841
8630
6050
5713
4064
6749
9159
9638
2937
9020
9104
3617
3234
7598
7262
5363
7134
5241
6285
2710
1013
5969
4602
5329
7452
3882
6322
3382
204
8571
8585
6825
4642
2701
9012
5964
4819
3314
3987
6949
6297
4083
5662
2209
4974
9154
1515
3873
419
1982
9417
9075
766
2869
7325
6716
7967
8324
6774
4785
3389
5929
3231
4532
6225
6681
3680
4747
6894
1822
5137
4445
6012
9592
717
518
6304
8549
8143
8730
1785
3659
5707
9078
6330
625
1019
4962
3343
2750
3444
3314
8046
5833
6917
5436
123
4687
4060
5460
2263
1284
5877
1650
9878
5344
2751
9973
4236
1242
9101
9089
8052
3299
6886
7684
7389
5753
9097
5911
801
5212
9728
6032
5250
9758
7408
116
3684
2067
6699
3561
801
8295
7522
57
9181
3535
8026
4738
7335
4391
9001
6715
8456
7403
9245
7617
8571
2881
4714
2400
3945
8724
8142
6157
6911
7260
2707
1328
8863
3272
128
5215
3760
8621
4972
7541
8771
5288
6576
4737
8963
6207
3912
235
3960
7446
6998
1985
8520
7886
4642
2432
8234
1095
7938
5102
3321
9958
2242
564
7265
6098
241
170
9369
5577
2424
5754
7916
79
6967
2838
1702
7446
2205
3925
1784
7721
5187
168
6600
9682
8566
3947
5433
3740
6976
1335
9954
7874
882
7477
621
1286
2608
5293
6974
9742
6361
4076
5630
1257
9729
1924
4883
3456
7260
7821
8046
6743
6809
4457
3520
610
7641
2470
6025
2324
5900
9100
6543
6163
3958
5062
4632
4840
1682
7885
2373
1826
3187
3712
2043
9050
5907
7072
6942
8353
202
3304
3851
9589
5021
7257
3235
3586
9424
5347
6144
1926
3737
2337
3637
5965
1475
1227
9190
3131
8699
7758
737
4152
5211
6585
4391
4261
6177
7486
3467
1517
9211
4473
7622
3798
4961
6332
5941
6087
7470
760
8816
1204
4988
89
8599
5524
8732
5305
6426
8707
1055
3684
725
4356
196
3563
7287
9326
8591
18
4782
808
9682
6884
49
9855
7018
6022
5178
3603
7432
7785
9597
4850
6378
6297
2873
140
3430
8242
9738
4422
2274
5907
8088
5002
8451
5466
4639
187
5136
7855
5580
2694
7315
4781
2449
4291
5244
2859
6966
9932
3105
3928
2188
1285
4965
133
7615
1449
9187
4908
759
4741
2376
4782
9499
6349
3483
3531
1523
7277
2458
1738
312
2619
3938
5689
5994
3719
4378
9982
5629
4228
2749
7499
1953
6864
3218
8016
717
1759
1898
5611
6120
9718
8021
5482
6707
9507
7361
9009
406
986
320
5399
8053
4171
4372
5259
7039
3375
6618
4884
1780
3008
9825
966
3888
6280
4629
4416
1255
6082
4380
2434
2399
6269
4941
9771
1989
31
8008
2225
4493
7990
4357
6234
7593
378
7917
5959
7925
1998
7935
6081
8749
4453
7648
9147
3212
1233
4402
5959
738
38
1040
5732
6273
9405
9075
8437
3780
4741
132
4413
4603
2181
8335
8439
8344
2732
8992
7778
2928
7576
8604
3113
2126
1301
1294
9344
8522
6238
7037
5402
961
1807
5415
7208
6385
4299
7421
4316
1859
1561
1738
5243
1286
4585
4336
7729
7956
8821
9697
879
1443
5778
2471
6287
7738
2278
7760
9944
2029
2707
2634
3501
5832
4545
5031
3135
3236
7483
8397
6915
6360
4463
1693
6078
9648
5049
9757
7581
1042
9449
2468
6754
2803
2080
8530
696
7205
6826
1738
3671
7899
5574
7389
1427
4395
1905
8195
5119
7150
6175
8280
9519
4439
5083
1809
8795
1181
1271
1290
703
7431
4492
7358
383
3731
9157
7602
1864
4771
1895
8702
9314
2261
72
6457
9457
8766
6721
9040
5595
3314
2974
4578
4244
2658
5794
7275
2101
6418
423
5707
2971
3414
2579
4819
9947
5544
7158
1451
7427
4409
6624
787
5388
8498
3775
6420
2555
5973
9286
6273
4375
4901
9738
9808
9446
7039
3094
783
9888
5651
8126
5876
5300
4163
3280
1350
249
9526
182
5921
6796
9961
9080
9146
4041
4196
3247
2816
9397
2821
5012
8411
1832
8795
8599
8692
6152
576
4220
2176
9792
6707
2703
8041
687
9266
4072
1595
9229
6641
5514
1112
7801
7449
3605
3705
2429
7152
667
114
7475
1136
6272
9073
6769
2919
5690
6706
4959
9371
5960
4626
4602
6328
8687
5278
6480
9431
5088
471
1836
700
8245
8404
5772
9468
4794
2916
8797
9273
4008
8511
3400
4156
1868
1463
9990
4414
4007
2864
3711
7171
9390
6201
352
355
7362
6807
1819
1718
7946
6333
9560
9644
8652
7097
682
8102
5611
4541
1564
6820
4473
2217
3882
9644
5150
9266
2555
9412
9809
7489
5772
5692
3171
4442
6329
4827
6555
647
6660
3236
4011
5121
5704
7572
1314
4379
2950
7227
507
2939
8526
3141
3971
8229
1899
6036
1640
2261
4325
12
7212
3417
6250
8074
3705
4441
7158
3170
3006
8612
7854
3364
5912
1896
6173
2057
9692
6669
4598
6976
2544
4527
824
3152
665
8471
8959
3433
2479
6469
8951
4747
6317
9355
6108
2450
1973
9929
1405
653
7505
9104
3038
8089
8483
2405
6013
5855
8797
9701
12
295
1869
6111
797
8552
2672
4179
6204
8557
4808
773
102
8821
5064
8557
6119
9718
1820
702
4961
1295
837
3200
760
985
8386
1101
6187
3082
5210
1045
7469
8022
5494
4223
2721
6545
908
12
6180
6326
8773
9145
4132
669
4624
1409
8575
9548
9504
1036
5526
7437
8864
1241
9360
2776
5975
6611
5835
5197
4247
3955
3101
9696
1263
8129
1896
6593
4544
7704
2524
2806
2300
9222
5751
9240
7450
636
1672
583
5526
3752
1
1899
6646
9997
6554
5656
3832
3532
2209
3212
2583
6353
1839
7481
9340
220
9447
9722
1968
6730
3016
6419
9088
127
6610
4761
6281
2306
1653
6171
9603
7846
260
2668
8858
4001
5065
7966
9559
4378
7026
7949
1806
9508
9049
293
6945
2881
9121
5056
3409
9925
2428
2416
9652
9481
1354
3062
4050
8375
3851
7004
9673
8121
6438
5717
1153
9209
8962
4687
4298
7044
6721
6514
945
784
77
9272
7218
9926
618
9721
5543
2478
6859
5729
7358
4935
5649
544
2728
3407
798
3871
8654
3109
7640
8458
7806
9064
7929
7214
4436
8764
9250
6832
9924
2425
496
9815
7427
6399
7751
6903
8581
2346
7867
4139
3152
7725
7213
4606
2256
6350
8162
838
1573
9327
2880
5918
9366
2900
2113
8143
1992
7350
5610
7450
2122
5491
8726
356
7784
4687
3003
942
5343
6619
910
3584
576
6288
7874
8354
7598
136
2347
6919
7745
7594
9441
5798
237
8496
7744
8038
7132
8934
3436
9989
440
5105
3938
549
4197
9018
7050
8692
8347
7558
8872
2038
7713
819
5922
2529
5748
7281
8620
9797
1448
154
6991
8822
3558
8863
2376
6263
1235
3105
4380
5925
705
41
4585
3357
7854
9093
3736
8971
8746
111
975
800
6711
8843
8563
2671
4521
2364
9146
868
8572
4452
6302
801
9669
8599
2670
2039
8449
5242
8975
6013
6825
2670
319
7488
6167
1971
4474
6279
3426
1674
2165
8130
9301
5499
3704
9839
4111
8751
4249
5992
963
5003
5603
940
2687
810
9222
5912
3209
1910
7159
2290
4102
3251
888
7394
2308
1336
8227
1790
2055
9819
5072
3008
6241
119
8325
8470
1258
300
8989
4725
4720
9092
7889
1723
6199
9149
2851
512
5425
4264
2650
9880
7929
125
3016
904
4218
5017
7143
4130
4988
1317
2561
8398
4638
5764
4303
3063
7951
969
3913
9040
4550
690
333
1521
5314
1237
9835
4418
8796
3573
2028
562
6201
3169
5202
2532
4091
6233
5195
2727
3974
9134
9215
305
3664
6933
8921
375
1090
3992
5715
4043
203
5369
4777
1491
404
5428
2240
5442
6926
6640
4015
5205
8855
4225
3083
9020
5580
6749
3281
1075
9929
3416
2461
7019
9099
4703
263
8554
6566
1662
2877
6428
706
6270
3035
2357
5440
1679
3559
6900
8795
6045
2665
1605
6538
4322
3783
1491
4993
2808
2751
1607
2695
457
7086
642
4499
981
4462
7188
7008
7391
2172
4918
7167
7285
3142
202
859
4810
6739
7884
6615
7585
8845
6597
9236
6104
6234
3357
1151
4863
9161
506
8823
5779
7783
5145
2828
8300
7825
3480
5827
8367
2979
3853
4198
4720
4191
2967
7240
7400
1978
5583
8582
6047
1040
8170
5785
3991
4952
5918
6536
5493
8913
4110
1195
8587
7644
6708
1322
8854
5412
2858
7635
6034
4088
7958
3547
6997
8473
7711
8108
4143
8798
7136
4828
9260
3637
6440
8766
6723
9908
5930
8050
2878
4253
7960
8567
8710
6576
3304
337
4490
7195
2192
8614
3388
1149
7411
1890
5528
8424
7767
4490
8530
8836
8946
5565
4939
7232
3554
5798
3167
675
8166
3519
6239
1265
4748
5200
5846
4729
6551
3541
3097
5259
9196
5005
6576
263
2346
7999
3756
7488
3363
359
52
80
9995
9725
3104
8181
8125
3526
9569
3961
9124
5109
1291
6223
2189
1210
2000
9481
4710
7626
2442
1159
3507
8047
8724
2217
6701
7718
9957
5526
8487
8070
219
7349
4623
1200
2112
8409
7516
4226
7355
9065
6554
3078
9430
1181
6160
6664
5528
2037
7818
4308
398
2691
424
6893
1706
4617
7042
8443
4680
5565
8518
7388
4489
585
6352
2874
382
5406
9252
1581
6035
7673
8363
1848
9765
7086
1864
6526
2833
3809
3142
6311
4379
2579
9840
6222
3800
1961
1548
3042
6408
1449
5861
3564
2899
190
2259
7440
5391
2362
3113
2732
1115
8731
859
6413
3932
726
5802
9089
9793
5360
7374
7528
7172
7388
4191
6420
6096
5502
319
3407
9162
5886
935
3595
4973
5849
8381
3988
9990
4961
3039
9362
7240
5908
7455
5659
6461
6378
2122
1861
8251
4888
1718
1625
3854
1185
9016
8323
2215
4572
2336
9798
209
2097
4818
588
8731
381
945
5163
1655
7366
1737
2483
6223
6616
8457
8724
8878
4109
2476
6349
8466
3979
2899
5775
3228
2135
5120
7968
8545
9575
8193
9691
3233
7749
3591
8196
7505
3424
1603
1033
9879
7581
7804
8021
2178
7946
2143
2734
8403
3603
1203
9230
5820
5613
4359
2014
4931
3840
1579
3998
4946
7394
9496
5378
3503
8846
7053
7623
979
5812
8359
6099
1897
3882
5419
5145
8854
3360
7043
7356
6735
8288
4836
7131
4283
9316
6088
3595
6470
1378
7644
6850
9758
5635
6728
6351
9438
5777
5478
4696
6741
2718
497
443
6690
6849
9388
5414
5822
8172
923
1537
6278
5113
706
7801
6980
9619
3689
8968
2281
4912
6312
9776
4329
4812
5669
5847
8755
5921
5335
7755
4171
194
9205
8486
837
9895
5456
6541
4160
9315
9082
8963
9021
2609
7042
7467
2571
733
6078
9946
145
8815
9619
3403
3607
9377
8643
7836
6673
1810
4003
1957
8024
3300
6792
7289
9943
4447
4222
9685
47
6728
5829
5557
5687
1084
5816
4710
9540
5351
1611
4790
305
6609
9248
6727
5435
8456
6070
755
4924
9625
3311
746
2466
5751
7949
7174
155
798
184
2176
1630
6193
5278
9483
3897
5695
9911
4173
7379
5188
9060
6158
5726
6828
5092
1642
9435
3651
147
1680
1881
9592
7615
5501
9387
2096
5959
4483
7957
7382
6275
7538
851
5680
602
9545
4710
4221
4676
6661
9196
8362
7149
6952
5051
9284
5603
1061
3769
1975
9772
8184
1851
3893
8934
5187
2584
467
9068
5698
1818
6541
5426
5424
544
6794
3678
1363
1010
1498
1219
146
4867
2155
699
6422
1164
2251
9744
8014
7851
7736
3959
1581
775
1188
5561
4991
814
9748
8272
8425
9405
6007
3834
8829
1915
7843
4125
8556
8738
314
3144
3383
3851
6268
737
8638
7046
4535
5200
9145
5635
6714
4599
9621
4736
5815
8796
4149
351
4486
8917
3610
8546
5110
7743
5822
1750
3886
7675
5226
4553
5314
438
9624
3018
5921
3107
9458
5468
1275
6422
1881
4854
8480
7840
6914
7706
1732
4914
7227
6304
8815
4416
8267
2814
7536
2741
3015
5542
7473
412
1552
4460
661
8689
1994
9666
9214
8341
3976
9507
44
4344
9795
9544
1008
2934
346
3866
1246
7025
1874
1797
4593
2262
383
5316
3384
5759
9083
351
2702
8692
818
8990
3415
7215
5313
5913
567
4491
835
9726
7037
5112
6906
6749
9644
6861
3983
9155
2137
1338
8289
6721
8304
2842
2441
2649
1426
4993
30
1685
4570
3048
7668
9220
6205
8866
3232
1793
7599
8521
4054
289
850
362
3011
169
7689
5738
5319
5514
5802
5092
4074
2474
6082
8800
4559
8000
2435
1585
5317
9308
7048
4250
1434
288
8186
4286
8171
3503
3147
1604
4567
8097
9055
5699
4306
8800
6618
8224
8308
4482
9316
1585
7409
6387
9113
4492
1508
5230
5534
4753
2212
5176
94
528
4345
8585
1778
553
8455
6711
7071
2031
8441
4625
9656
4359
4089
2517
8852
7475
4092
9839
6763
645
9963
8495
2715
2338
8539
342
87
5861
9118
300
9982
1533
3859
8064
8633
5077
9064
6765
4142
3917
6448
2422
2642
1658
3359
4670
3004
9815
3106
4886
8948
4197
9995
580
6730
9271
4746
5692
4258
8771
9832
6574
9389
9813
5421
363
6660
5782
3233
9381
7134
9748
3151
9843
9936
7583
9590
7710
7892
9120
281
5370
7778
85
742
8612
5818
2781
8740
4421
1812
4525
5957
6448
2687
9981
6507
6750
998
1138
8615
2003
7873
5192
8284
7740
167
9099
1890
6904
3632
626
3399
8688
7401
185
7920
180
9441
1658
3885
5732
7472
8679
1066
6760
4632
7143
5681
7516
5107
5515
1581
7403
7964
4107
8458
5334
761
593
568
9793
2438
4098
5599
7915
1645
164
2636
3433
657
8081
8425
2157
3227
263
2202
7704
9675
328
244
5913
5680
1573
8792
2416
9362
4882
3053
6964
4988
3222
2252
5486
136
1954
3620
2112
9155
139
2478
5589
6511
6294
1516
5093
4951
2431
6650
1365
4669
3413
5238
8586
6031
9045
4075
8104
9081
4258
4089
1803
4436
510
3073
6177
5515
2168
4796
4978
8606
6850
5307
5677
8175
3453
4281
1248
8218
2051
5229
8099
5842
3617
1052
8786
6838
2303
939
2341
2931
1534
6498
2686
1843
2845
924
6495
6739
3287
5306
9093
9602
6732
4743
1429
9029
3530
3942
4785
4423
9225
9912
1654
1054
2224
6843
9733
9001
8791
4860
3709
2453
8506
748
5890
4095
6470
3200
8028
5716
8947
5170
2846
3780
2398
5781
4864
2372
7858
9318
3900
2451
2899
7967
6610
9844
1926
3621
2520
2090
2720
4721
7938
6291
7898
1275
9210
2603
6782
4433
7899
353
5328
7464
8480
6998
1772
2106
8516
8146
5080
5885
4037
2416
3717
1365
4555
3354
8968
9391
1455
5743
5039
3342
1065
289
5762
9843
170
2219
1528
9413
8882
7471
803
1440
6479
5390
633
4217
1156
5633
9631
5728
2833
4132
2148
3534
9876
2978
2040
4894
7596
8524
5016
8792
550
5554
6022
4024
647
2948
8441
8077
36
4546
3118
3390
1072
9792
1466
6807
515
1397
5037
689
4404
1299
3716
4207
8883
4305
1516
580
7029
9731
798
1266
2285
6315
3451
9534
8788
7353
2645
9424
7812
3054
9719
726
8423
5790
3954
4119
3751
628
4790
5957
6305
6639
5049
4316
3947
4378
711
6775
8142
8682
774
8865
7330
9264
3380
5929
8421
8190
6735
959
5112
2406
6417
3676
1350
4046
8950
7134
2194
8176
4524
4960
1244
6542
3382
4392
1791
6003
2076
9657
3770
4100
8371
5289
4537
9045
7141
1693
2927
9848
5228
689
1618
80
9200
196
9571
4339
5034
6287
4665
3006
5300
8342
1465
8403
9584
3015
1524
5374
962
3264
9517
5701
4010
6557
8309
3469
7890
671
2133
9065
8848
5592
6680
7742
5464
9442
930
834
6786
351
608
578
6419
7899
5181
179
8283
654
5871
9584
3354
5422
588
9410
5087
4930
3324
1230
6623
8961
9084
1351
4126
4520
3468
3573
2717
218
8150
2014
1057
9090
9899
4992
8396
3652
2972
9120
7866
8961
1074
1917
5657
9577
4922
4766
4054
5627
6961
2986
3168
9512
647
1142
8379
1110
9203
9768
484
816
7523
2651
1308
314
718
8939
5475
7763
5289
704
5826
9107
7426
4184
7636
7156
6476
5149
5346
7917
5047
6710
1962
5288
955
7784
8107
6645
6913
3405
4144
5592
414
4221
3590
6942
1389
5433
4780
7005
3576
5111
4790
7337
3059
7111
3742
7458
3989
6419
7703
7243
9091
8293
9967
1078
9371
8787
8177
1994
5706
6134
6564
7399
7514
3577
7892
3168
2860
3564
2987
2070
4254
5655
2139
6038
9993
2092
9371
9977
7193
4853
7227
6314
3049
4525
5861
3876
3179
1595
3618
9497
2
5480
2614
7823
1452
3713
6538
7812
1759
4281
3412
8131
94
1942
3957
9199
4519
1003
4687
4236
269
8902
7584
9805
9822
3216
3119
5559
3984
50
7602
8517
7276
6727
7690
3157
8503
3868
2539
5840
7481
7491
9676
6838
4332
3335
7975
679
5251
9402
4190
8415
980
250
955
5449
5524
4755
6129
484
1405
2910
4740
2707
3822
7350
3842
9117
1359
3339
5005
3525
3632
8112
6134
517
8525
9726
5447
2403
2672
2108
8444
9142
9763
9638
8831
5089
9712
810
6687
8077
2375
9746
9757
934
1723
9339
9795
9532
8297
9236
2609
6265
3494
994
8533
7666
6916
864
118
5239
5665
6772
7902
1828
5309
6445
2737
4698
9861
4456
8926
2248
9617
8082
2289
1810
1142
4872
3154
4596
8808
9834
3310
3680
7968
9134
7791
9843
6310
3920
8971
5333
4828
2663
3478
2303
8470
4931
9269
1783
3561
1107
6384
2951
8303
4275
707
2700
9364
1778
8386
1338
6577
9969
6582
1005
2130
3463
8584
7146
7734
434
1816
6788
5459
953
42
5210
6179
4236
5054
1757
6847
861
6699
7408
9318
9143
5720
4216
7722
5996
2279
9059
3511
2990
1085
6837
7905
4291
5522
9549
3865
7035
8066
598
4763
3869
4893
9241
9095
4093
625
2512
1066
9771
2898
7941
1513
1125
1236
8249
4458
172
8949
9809
9230
7443
2969
6347
4415
1492
1442
1422
6354
1886
6956
9119
9544
889
7395
9136
3047
1593
5970
2547
6832
6304
6905
7708
3277
5934
5818
5140
8185
8308
6912
7370
1611
327
7708
1668
800
6223
8813
5555
549
319
475
4100
8110
6495
6177
2627
4070
3668
4181
4602
4739
1186
4244
5752
517
9160
5999
8028
5515
6553
6396
7616
3729
3307
1899
7747
4954
5288
7718
5775
7671
4434
8675
6457
6321
4852
313
6982
5480
6979
3949
5546
3992
4195
3528
9948
8293
5494
3830
1750
6452
5583
5326
4809
5509
9029
9273
4557
1072
5011
609
4597
603
7292
6871
2449
549
3467
9025
4957
2194
6217
3806
823
2388
7176
1863
8334
3586
4412
5348
4454
1255
6281
8120
6439
6234
6872
5851
997
4886
7763
6338
6651
4309
4720
3468
2545
3022
6474
3467
6700
9783
8058
1694
4340
1497
3061
8567
3857
9823
8847
4221
1871
8842
8909
5056
8464
8245
552
6613
2576
8655
9069
2845
8068
9178
3602
8598
3852
6783
1363
2445
7543
4428
9882
9790
3734
2268
2861
5739
2921
7953
3137
1717
7013
992
1917
9849
167
5960
8825
3066
658
8433
6293
9127
4484
2510
3062
808
3478
8446
8171
3995
1619
9364
9550
1029
8368
5825
8806
1735
5465
4811
3033
1039
9005
4572
3310
1447
7519
9738
1680
3279
1022
4606
2495
9378
7582
8339
5089
9031
9109
5149
230
4407
2306
2356
3593
6405
951
8331
1666
7727
9911
737
3080
4208
8154
3220
5300
3231
5230
8700
1392
9159
3992
5787
1871
5604
8488
7295
6038
3543
5914
2018
72
1366
6745
9535
1055
323
9998
7408
2470
9175
5862
7192
660
9787
6513
6090
9746
8051
5527
5701
8254
7144
3749
2204
8600
6048
6997
2086
409
9499
5276
4767
8788
877
2588
8505
8453
4851
5914
3555
293
7556
6266
3619
4704
2213
2918
9715
1357
4457
7390
6662
9276
3300
4873
9734
9039
2090
4009
1131
1855
280
6189
5513
1487
62
576
5111
9437
248
3454
4887
7013
4168
3687
5255
7408
4674
3516
1395
6265
8756
8054
5701
9808
9263
6999
8971
9080
5430
3448
5122
7275
1650
1185
84
1485
239
9479
7580
6525
1703
1327
5122
1912
8921
6977
6535
6984
8182
8536
4062
4714
2728
2133
9221
5294
7054
2243
5759
8631
1032
1846
2672
3809
3964
2237
5828
5314
3971
1334
5276
8473
5860
7360
1222
5011
4842
4764
7208
5165
5956
1837
8904
5476
2713
4894
251
6072
9189
2499
5944
9375
1429
7543
7000
2309
9659
228
2685
8225
7806
1746
6716
9587
7330
3510
2408
250
8255
2988
9581
9522
1297
7647
2165
2618
6107
4101
4586
436
6040
3144
4153
1413
176
2015
895
4780
1491
9947
4883
9568
4533
9661
8415
5761
406
1845
8012
97
348
7365
4826
5004
5360
2788
8889
1170
178
3182
4343
3429
1066
9464
7878
6013
9500
3522
824
57
6183
3110
5770
6897
4762
3036
2186
551
6163
2256
2103
7307
9814
2731
8532
2045
182
6077
2600
7021
7347
7549
613
9439
4240
8407
8290
5355
3583
9364
9319
9808
8700
552
3269
1721
7907
4916
7856
2439
8415
9259
4251
7293
8639
2722
4494
3083
5255
8641
165
9378
7377
4134
5416
4999
5230
4936
1634
8387
4013
6681
7457
7366
2869
6101
9546
5867
6259
6343
9718
4983
9643
6059
7068
1979
7213
9982
2220
1049
5702
1521
3414
1092
9680
7597
5461
7264
2887
6560
3963
9208
56
1045
8313
5934
4520
7858
5627
3005
4814
1451
3119
9082
6734
5812
704
6281
1635
4819
7267
4508
2248
6772
1469
1414
5108
1638
2367
3518
3552
6787
9967
8735
4757
9005
1460
3276
7191
1971
6718
9153
1368
3971
3839
8004
1962
1097
1530
9594
4933
870
5286
5591
8193
444
6191
413
4465
4277
4826
5541
1196
4179
2323
9836
9497
9363
197
2132
4134
1115
8821
9980
3301
4978
4779
5482
2148
2351
5901
8148
7655
7321
2554
2814
4532
9181
2800
9453
4491
8110
8987
8650
32
3047
8091
339
9783
1116
7120
763
1946
7359
8757
8978
1114
1118
966
3039
7535
7337
815
6009
6142
849
1970
7637
5734
3996
3733
5914
2455
6549
8070
1824
6128
2433
4555
7623
3155
3772
7018
1924
4951
2306
6434
7958
4873
5129
7413
5671
2481
2283
5986
3182
5580
3298
9187
2129
4603
1292
2144
4103
6455
319
205
6283
7023
4037
4823
9325
8321
7032
9863
6563
3105
7289
8624
61
2952
4841
4219
4182
8571
2987
4716
1670
4263
2593
3392
2389
6854
5794
2293
4057
6913
1822
6327
6912
355
9256
3939
7385
7349
146
1129
5005
7947
7063
7827
4395
1786
7297
2764
6689
500
7834
6175
4855
3698
2224
5389
2005
3836
6002
3226
52
1192
3415
997
9426
3181
3518
9090
3743
4499
7935
6806
6501
7482
8961
3455
4820
2515
1349
7389
6779
8014
2431
2704
4835
8033
8436
8575
6805
1441
5199
8386
6188
8464
9902
461
4037
9380
8666
9642
195
5408
3652
4786
9919
1809
9322
5399
9548
9591
2552
9921
7320
5086
4380
6899
6735
2040
578
5321
8698
680
5118
7713
5333
8526
8584
5395
9326
3274
9936
5597
4488
207
6867
3648
7263
6869
7143
865
3126
8026
5840
4285
8909
4343
4261
8172
9215
299
9148
5440
8103
1750
8674
5546
546
980
1639
3705
8143
3092
166
9665
1523
8755
2546
660
4810
3402
7707
3583
3576
5313
7536
8420
5037
5070
6639
3567
8294
5758
3368
1815
2768
703
5359
6547
5272
1896
6192
1686
6430
7957
8461
4104
5256
3458
2563
9747
723
371
9787
4407
1220
3871
1628
5466
8252
935
9277
9120
3610
7734
9144
8114
1402
9606
3947
4718
2491
956
2936
6027
7711
7410
6235
1047
4891
9728
172
5152
4622
2790
1066
8875
7135
8167
1736
372
2910
6821
9428
8994
6349
6582
3858
5558
6648
5664
5143
4912
5343
6902
5265
7838
500
5407
9460
5970
2591
4847
5967
6831
3888
4820
2541
8048
5052
4127
2744
6709
2696
1741
3048
5163
4084
9570
6136
4342
5454
9233
5081
2029
2935
8873
2385
6707
9507
2255
1803
1805
74
4484
6930
2485
9083
1876
8440
5242
9360
3211
1904
2562
3789
6259
7436
397
3634
7070
9616
8839
3248
2684
645
9049
9640
7114
6570
8525
8927
9271
597
6204
366
3140
1303
8613
4229
1640
9710
6157
3728
669
2996
4734
913
5178
5732
7214
8125
8190
877
972
8467
7222
6575
6408
5798
3099
4402
5120
2236
427
8965
8499
5744
354
3156
788
9026
5844
1955
2205
3118
7530
6568
9453
921
7319
1445
9184
3831
1190
4066
1961
3466
4194
3465
7502
149
5377
4859
6832
6783
5774
7136
3590
8003
1794
4412
2261
1332
4622
8013
3454
8318
8519
4048
9380
5608
5278
5523
9144
8645
4283
517
8595
7545
8006
250
943
7321
9425
5979
546
8523
7397
6394
9049
445
7864
7506
717
6193
8088
7677
1252
1974
6535
7808
6294
2066
3090
7233
6122
9259
5807
7065
4221
2021
5283
1220
7999
5157
6862
7428
3242
7908
2548
3974
1855
432
2728
8348
8895
2284
9431
185
3170
7128
4830
2652
216
2267
8344
292
3754
3612
5608
4641
6156
4449
4832
5771
561
9934
4092
1644
2075
5919
9310
6008
1182
5297
6263
7069
2415
7738
766
2085
3038
8217
2096
5704
6653
1944
1508
9967
124
6782
4025
9219
387
5969
7359
6212
523
8584
8543
4534
9033
9487
4856
2357
8920
836
6423
9081
4178
8798
7794
6916
5178
9981
4305
5144
537
5180
7689
6503
9908
9171
9382
450
7414
9561
2469
1122
7919
7047
1500
1093
233
1528
6358
1376
2610
316
9134
4868
555
1500
7095
3931
9148
8007
533
4641
8161
2763
6556
335
4422
8272
1204
642
6202
4126
837
6778
4131
5631
1365
1535
8030
7662
5307
3742
8000
6078
2111
7378
8751
6184
7888
3213
5974
717
4465
5557
3097
8954
4817
6332
7621
969
165
5207
1026
7715
2709
8592
2905
3203
816
5031
4124
5782
3548
9859
8470
9887
3630
7206
8529
7735
9010
7007
6653
7569
824
6873
3763
251
4843
4417
3527
4689
2831
5205
8451
7404
6166
4263
7382
6632
607
5729
5480
9475
1901
5506
2328
3984
9695
5382
1589
9596
353
276
1333
6952
7486
3698
1333
9876
575
163
8782
9229
7717
5008
4240
2094
3487
3428
3054
8930
104
2864
8534
6185
9553
2832
6970
9144
4262
6645
2608
3515
7760
177
7106
7462
4407
1602
9283
6009
4033
2581
2991
7425
6955
5708
4174
9115
98
8890
4149
9124
814
7610
7976
6525
1453
4048
9024
1530
2584
5863
501
8472
5092
9226
9064
4398
3639
9678
3280
4797
4516
124
5951
4609
2117
6349
4800
122
3380
1646
4879
1780
5702
6722
3828
7377
1060
6951
6894
5737
4776
9408
7016
2632
9744
210
2923
2357
4274
8475
4608
2659
2189
6588
1840
7857
1991
903
5258
1724
2184
3027
1408
9876
6098
3052
3214
619
2044
3144
8343
2058
617
6020
7182
6366
6282
2909
9839
2096
4013
1115
9208
7010
6927
9816
2071
2260
4389
3070
6465
951
1731
4157
2459
9353
4392
9084
6649
3999
3446
8904
6833
8033
5649
2760
9915
5470
692
1744
2791
8080
2954
2132
4971
731
8031
9364
1448
6863
8276
9654
1240
1677
169
8066
9574
4183
5130
5574
2681
207
1097
634
4782
8945
4724
7614
4130
5453
9234
1455
6233
316
3071
7592
2766
2372
3665
9669
6631
1398
6151
2451
35
6821
1325
1812
7891
3105
4734
6862
1635
817
1543
6611
8164
3296
5092
1659
8535
2494
617
2893
4343
5910
719
7533
9364
8336
8457
9471
8856
9853
8642
4377
311
3392
68
7623
232
6076
9623
344
2298
7720
2357
1430
2741
5584
5190
3539
6111
3589
7229
6846
7271
2212
5902
6037
6801
5251
6362
3093
2606
2136
4761
1276
6103
6020
1154
4992
759
4957
6474
7208
4883
5529
1190
4984
2454
9478
2831
2426
509
4182
6178
3384
5035
5096
5392
2678
9994
3522
6969
811
4767
4458
8960
1617
6648
4148
682
3538
6533
4037
1961
9090
577
7959
4848
4140
8507
869
7330
2484
3365
9702
2907
4764
6584
2598
6250
2546
6322
4576
1785
1767
797
1336
1147
6458
1549
7828
6449
7778
4054
3867
1801
1531
2904
3414
3588
8007
1672
1571
6579
278
5420
5400
1101
1040
290
5332
494
351
2525
5777
2079
1626
7742
9142
9727
4476
3243
5305
8203
3604
2750
6674
5631
4165
7437
5370
5321
3197
5041
8178
4278
978
2197
1856
3275
168
2301
7780
8290
7696
7088
3497
2111
7259
3188
3976
5022
1980
1413
9190
8683
4779
4529
6973
5774
8661
4259
2904
561
5377
9306
9815
1295
3053
2549
6211
3066
2695
3501
2859
8761
9833
1007
3853
2157
1563
3076
1905
7486
9612
1055
9023
790
5739
5555
3777
1850
1631
3246
6018
9041
9063
7542
1862
9890
2572
9999
5283
5630
5426
2566
749
135
9245
5805
4432
4220
4497
6274
6358
6290
3233
8030
3240
4720
761
7736
689
3863
9751
1283
8415
732
2756
8747
6930
4772
5985
5063
2663
2315
4252
4107
302
4816
8706
6286
7206
2001
9662
4354
5179
6350
1488
2725
1302
8524
5785
803
9363
2761
3506
1350
3168
6759
6780
1003
8049
1608
770
7666
2272
5332
1370
7250
4593
137
1163
6886
6084
8143
6153
5432
4708
8438
7547
7561
1452
4047
2958
7498
969
1493
5026
6250
7739
7430
7538
3404
8149
481
4545
7827
2132
350
5312
6717
3644
5924
6396
9114
3885
7627
7844
9560
4
4079
3896
845
527
8989
7020
5823
4553
6237
2668
6099
8243
972
1643
3952
2835
9637
5572
9151
9318
7196
897
6114
2225
2215
9913
5422
3013
73
6995
9126
2913
5419
3049
1765
3041
4345
7929
6296
2580
4359
2389
1270
9404
8574
1866
3388
9327
1336
2797
5177
2282
4019
9169
4659
5652
133
3206
6741
2848
6556
715
6214
6397
6240
8740
9846
8680
808
5318
6135
4193
9958
2335
6390
9179
1072
6739
7828
2332
9884
9042
2054
6132
9559
4549
1525
9851
6690
5302
6579
6243
3449
9151
3211
2941
6865
5611
7299
7175
8654
2986
3041
7539
606
1408
8983
4594
2758
3740
5564
9743
6246
3605
4201
3641
2395
2912
9980
6568
7090
6623
540
6385
9828
3588
7547
4756
4114
3972
5153
4419
1054
486
5914
6157
6275
4682
6334
5912
483
6934
8904
9852
7659
7324
2646
9084
8436
3240
6557
3936
5673
5892
517
5598
1088
5582
6152
8056
6791
4946
2963
8670
61
7585
7046
6212
4858
99
7934
4574
9067
7400
4764
1095
6526
6922
2578
9570
1734
2894
9769
1111
8828
4890
9026
2495
5058
6816
9463
9947
6213
6904
5133
3406
7902
6764
1129
7900
9877
253
5212
554
5524
9044
4892
5076
5139
6274
4640
9325
7060
3768
6823
2849
189
4371
4438
5783
2686
1759
6908
7762
6046
3372
2580
6615
8935
3870
7623
6632
3978
1678
6027
2543
4176
8958
7548
5766
5214
3578
852
7827
532
8410
9738
7346
2402
1476
5
890
2039
6574
3004
8993
8824
5729
3835
5915
1626
2473
9939
5822
8124
8408
3615
5649
5187
4939
575
9411
6899
6117
9683
8999
8215
7959
6758
237
4686
3841
8372
6892
9586
4482
1977
6492
6486
1034
8663
1888
9307
6241
2579
5664
3871
1281
8541
6532
2099
7662
2411
4941
5303
5526
3041
6958
9140
4532
2366
3751
7093
4126
7174
9906
3971
6430
5015
630
2060
2893
1115
8985
3663
5035
4954
3
3239
6796
2392
6989
66
8140
1650
3336
9196
9843
3360
2954
7357
3652
6920
2964
9627
2319
943
431
9645
3622
1452
3076
9838
9197
5227
2074
9818
1835
5995
8250
9768
2781
5301
383
9460
1593
8201
2218
7240
3215
1671
3330
5574
5724
6902
5319
2517
6568
8692
8919
6773
7248
2443
8474
4112
1150
8140
5848
5792
564
5451
795
8119
8087
7095
9231
5710
1320
8532
8181
974
3342
2103
4071
8661
4719
7501
7254
6885
4494
6040
9887
4639
3709
4248
1260
1815
6340
1522
9990
1924
4746
431
408
7558
6384
9571
3871
4372
1565
3319
30
5330
4820
8326
6510
2491
6850
8385
4211
4817
3971
2896
2489
3902
7876
2934
8749
1829
515
5695
2616
6426
1650
1465
5382
3995
7627
508
2293
4330
5789
4726
2457
376
1029
2775
9500
5375
5640
3815
5747
1452
748
3103
2220
1543
4663
6923
8290
9152
4223
6665
2179
5368
5504
7342
8537
6841
9980
9750
2805
9875
9596
6901
7786
9764
9221
4159
8261
4819
3206
2177
506
1194
2830
3162
5545
6541
7690
4601
8928
8555
8972
9620
5882
1616
8775
6882
3493
7124
1175
7974
8801
3620
5293
696
996
2171
2392
5057
5115
4044
2527
7155
7227
4063
3451
2916
2022
5414
7090
6133
5368
1082
4862
3315
5617
919
8060
2056
5053
9488
9503
4687
3679
993
2869
9843
4572
9440
8818
9554
4196
3966
1464
1155
2795
2511
6360
5441
8405
8484
50
9395
6337
1121
2073
9178
5820
5056
2626
2646
5782
978
7898
2693
3250
1101
2727
5817
8518
550
7559
149
8979
7628
1285
9284
8206
5679
7802
8774
1181
4251
1199
5639
9005
5365
5713
7774
1680
7664
2030
5071
4116
8172
1163
5309
5598
6349
3896
4160
3718
7571
2443
9166
956
8219
6121
3018
8872
465
4451
486
6495
848
1261
7397
1330
9512
1818
5266
7376
8075
7331
1686
427
9348
4534
5578
5736
308
3995
7722
6944
6618
2962
386
7620
6015
456
7000
13
4635
3593
1397
9457
4647
8383
8817
3297
1584
4824
74
4672
5812
8678
6145
6383
397
3631
2705
3107
695
1845
3133
967
6336
1888
6116
9693
7835
4967
5652
1920
256
4526
4024
8134
548
3962
1071
9601
144
6319
6827
5188
2417
8250
8402
6035
6715
3850
2373
4835
6010
5609
2427
5376
311
9673
713
2270
2852
1210
9264
7607
9300
4232
4627
5026
7530
4785
1955
3109
8188
547
1321
6673
2979
516
4719
3724
1554
8443
4283
876
7409
7228
3305
2623
8901
9346
8852
3304
3613
68
8017
7492
8636
5082
8104
8778
5070
1560
8672
1648
6536
8617
7366
250
2993
2439
1898
1006
1287
2391
5334
2211
8575
1314
8203
1000
3229
9005
9178
3313
587
3770
5483
6603
4346
7623
1214
529
2931
6468
4940
7223
8425
1219
1944
8836
2461
1816
6648
1340
9836
7664
7322
2827
137
461
5637
3790
4003
5759
1757
8908
4754
5999
5586
3282
7460
7429
3094
3339
1822
3449
6681
6910
6177
2758
4947
3009
603
6507
1757
1916
1783
4411
4876
24
4658
5972
5771
7239
7915
3612
9284
6461
1830
5704
8106
9451
636
7831
5878
3548
2963
218
2860
3353
1910
1287
7226
7111
529
9091
4685
7008
2059
2460
6959
9583
7119
7561
1089
101
3449
2793
8304
7848
4666
8056
2103
6171
5448
3888
3554
6841
8389
3964
1386
6939
5723
3496
3233
5497
2865
3364
2156
6461
9596
6039
6728
4659
5156
4960
8458
7420
1569
3976
551
3618
2563
52
8957
630
6971
6022
92
21
6650
6066
7445
3113
7923
1870
8317
1724
7343
3427
7037
423
4046
5297
9674
4008
3717
3102
3596
4130
5816
9359
3485
4590
6996
8671
5904
1120
5321
8524
9355
3028
51
7665
6786
2183
629
542
5201
722
4289
9204
1350
3665
1861
2796
1753
1363
9605
4471
1513
3817
800
8624
9045
881
1682
6382
1075
5468
1799
1254
1552
5595
2839
733
6021
8857
6914
8714
5938
8370
1480
6442
5082
8865
37
3981
8634
7654
2200
7870
1127
839
1183
9057
1619
9357
8801
8388
5388
1791
3735
8103
2433
1437
7272
3640
3410
7923
4879
3736
3171
9453
3499
313
3020
2297
6387
7337
7632
4391
7716
9896
4088
3134
7160
1492
1516
3928
629
1686
2285
9998
3135
1349
8082
6270
7803
3865
4780
4120
5617
7274
4984
9512
5500
8087
7393
4718
1250
5682
4416
9066
1515
1752
3185
2978
1248
4879
5891
3446
4625
6808
5275
3034
1186
4659
7029
1474
9635
850
2633
5581
2443
9126
9878
6840
7840
9045
7582
195
6550
9869
1453
6177
9250
8899
4022
4665
4537
1268
5052
7849
7449
1373
6027
6058
5748
2805
6097
6174
9029
5063
1324
7686
4033
2494
7344
3760
7707
9834
2933
4718
2643
5503
4875
6642
780
9564
3691
2949
3992
2121
812
39
7027
9033
6607
7104
9177
7327
6375
5781
1509
2493
6376
7783
5175
5016
8443
1845
1600
3399
1707
6273
4397
5706
4975
4704
1022
2568
708
5723
2994
3280
3046
3411
2721
225
5932
3921
8309
3493
5517
1787
4646
8296
4338
5859
8721
311
5626
1690
4004
7011
9604
241
4120
2324
4988
9584
9932
3066
9365
7327
6570
319
7231
1345
2488
6553
4006
1489
1949
1323
295
4373
509
9403
5951
543
8803
3518
2561
2163
5963
1167
2404
8962
7369
3983
9991
2740
361
5719
4402
9861
3396
665
6666
6950
7323
6036
5776
1924
9699
3445
5464
3430
9982
2635
7025
5647
4306
67
6853
7044
7960
9346
5614
5672
6419
5553
4899
7170
6810
1314
9966
5952
852
8929
3788
2997
8223
3750
8320
3309
6413
2423
9124
2530
1340
1771
8173
151
9952
8425
4649
8177
7296
5934
5528
9094
4985
6093
1764
8797
4883
9872
1855
6821
8478
8077
1704
6578
7480
7925
3049
3618
1630
326
48
3069
572
5663
8599
1563
9539
2435
8018
8031
5302
3239
7157
4977
481
6438
7935
5178
1511
8149
9319
40
6375
3792
5634
1249
5449
6962
9358
4501
3818
3300
3135
412
6082
717
7795
4478
7598
4935
1507
4177
8927
1154
872
7469
2927
1634
8920
1836
1419
8084
7452
4349
6593
3742
5519
1191
8823
4499
4373
3819
2181
1094
1429
6690
4193
7926
5893
7925
2389
3656
4304
3996
6751
6835
3351
142
5173
2996
9537
7799
706
6129
7376
9575
2178
7339
418
5559
7078
8220
352
8855
2452
1584
39
8179
798
9953
2736
3444
6381
5706
6990
1426
3018
685
2500
3207
600
6911
6000
4991
6674
7041
6072
5500
4605
2282
6656
8502
9609
5760
2788
2047
3897
9302
8248
2164
5693
9919
6682
1951
2520
689
7409
9353
3395
5060
3988
8622
5773
9497
2633
2361
173
7736
4008
7710
8870
1473
5180
3014
8213
724
2518
7269
2074
8973
1773
4727
5761
2007
4694
9449
1772
2401
4907
9445
1455
6573
1883
8549
5159
4469
3295
6568
3383
3721
2404
7682
9809
8595
4426
5869
2142
7676
3112
3230
2794
5879
4153
6147
847
9306
6759
2472
7260
1870
994
4920
8641
6524
8061
7248
5274
9575
5558
6592
4582
6536
5600
2683
3234
7716
4159
3678
263
3467
1343
8365
8317
3817
9233
7337
1178
9823
2546
9662
620
7212
9994
5368
6846
3172
4782
6325
9130
1651
6755
182
8331
8363
1168
847
4654
1560
1294
1918
8629
1317
8335
9192
983
2712
2647
2831
2072
6088
1436
9439
4960
2943
838
8136
1770
5786
626
7862
4699
1181
201
3404
8205
3859
4312
5936
5640
9203
7516
2255
5964
7583
5675
5569
5420
166
9938
5879
2890
2921
4791
1921
1788
7995
5210
7996
648
4049
6077
4697
9906
9129
5052
280
5742
2950
5419
8355
3187
9737
2524
3783
2671
1148
2217
6717
2913
793
1907
3608
5047
6103
2552
4342
1028
8596
347
3513
7117
9374
3155
8448
7169
571
2689
6334
179
9896
1903
3020
245
6302
3666
6202
4371
4689
5836
7792
569
8659
6481
7939
5329
950
7475
612
8525
6206
76
1682
2333
628
2119
5631
3662
471
380
464
9824
6012
5894
8878
3953
1495
3907
554
5995
6802
2103
862
8999
4682
9693
9406
8957
1801
988
717
8522
8557
2401
4683
4988
9880
7631
2476
2748
6385
7823
8852
2440
7735
4470
2719
7756
6790
9826
1917
2300
3170
7232
2794
2097
4560
3181
6604
6334
2484
3046
8037
3630
3861
2495
4905
7581
6333
1981
3225
1263
605
8273
5421
3632
221
8433
849
6504
3344
5124
7750
7178
6838
2393
2953
8155
1531
5396
3121
3994
1084
7255
9090
6944
10
2234
5726
9828
2856
6022
9979
7035
5455
2531
1632
1403
8992
5388
4249
4747
8697
6172
7386
3849
1985
8535
3343
9303
5069
1895
4706
1938
3109
4578
9414
6353
5057
1620
4225
3735
6236
9742
358
4948
859
2939
8240
9790
775
555
650
4232
3781
1998
9883
5740
6935
8238
320
9594
3724
6777
1074
4365
6258
2186
3782
5478
924
2035
9635
4856
30
2554
2366
1487
7765
4829
2737
9485
7780
7282
5498
9187
9609
4559
4783
2712
2429
8882
9696
585
1883
5903
4437
9357
2520
1029
2422
7620
4752
2443
2793
3467
3842
5804
8838
9583
3841
8907
6055
1180
8475
5301
5371
1760
1559
738
9466
7152
887
3671
2466
5431
1613
8428
1727
327
6586
6645
6154
9149
2529
1887
