3505
8401
4771
7156
3066
8713
9806
569
9833
2150
6451
7501
7393
9246
9106
7245
3138
2278
1107
5512
2247
4033
4637
5106
5225
292
8228
8259
3262
2533
3536
4415
4530
3281
791
4529
6160
2572
678
1536
637
8883
6289
8148
6641
2318
3540
3937
1906
8978
5285
8562
5759
2819
4809
8593
9175
8182
6991
5891
676
2836
9485
2817
7943
1146
8501
9232
8816
8861
595
4546
7065
8556
8726
8294
2481
7278
8872
3034
3840
6634
3868
1537
988
7925
2979
5583
807
7461
4155
9216
6034
2148
837
3913
4323
2497
2657
7895
7470
4529
2024
2596
6323
3683
8086
712
5556
5760
2146
9723
3376
257
3659
3864
5233
4923
1953
2350
8767
7509
4588
1424
5327
4570
2429
2444
2779
3146
7008
4057
5455
9995
9418
7481
4189
2653
7333
8446
6878
1706
2133
41
2838
3532
5846
173
5410
2009
1780
4082
5169
7706
215
9558
3340
1449
5193
4830
6612
6904
6917
9626
2054
6143
7485
9366
2493
3821
7576
1164
9924
560
7398
7879
3334
5887
3714
243
5684
7636
4803
928
8834
4583
6014
5142
2159
4358
5100
9250
4960
9921
3220
1486
584
8993
148
1934
789
4824
6769
5510
9161
7012
1513
9258
788
9422
9921
6654
7051
5663
9456
2988
5399
6049
1671
7011
9708
1987
7339
5916
7668
119
8193
6584
8520
8902
260
3750
7594
9875
7126
9521
9538
6508
1713
2037
6099
908
9385
1954
7865
9726
5056
9033
7074
5325
5
7363
7462
6310
8618
8033
5316
2751
7344
2046
7594
9201
8369
8721
5952
3088
9962
9407
6994
6923
8355
1949
5849
4591
7132
2579
9028
1478
4406
2412
4696
6412
1052
9
4689
9826
108
4709
9764
3068
4133
7539
4051
438
5758
1140
2075
8851
1825
4741
1822
485
9699
9478
3608
7353
5536
5125
9296
6281
7383
6904
8605
9413
3872
905
9026
6668
406
6443
6087
1332
9701
3483
4406
9337
8304
2403
1023
1058
5487
4248
5624
9519
5604
8594
8021
910
8152
9244
6064
2781
8695
2593
4517
8186
9413
9943
7228
8439
1835
8792
6915
1289
1874
8810
5832
3487
2971
9601
6528
1135
3032
6474
4903
4188
3851
9048
3380
4740
7657
1132
5336
8982
4858
4397
9987
6913
8399
7847
5091
6615
8528
1567
8283
3824
6354
4564
4876
8859
8642
1330
434
8591
8401
3649
9997
5952
9019
6858
1561
5901
3909
8233
4589
5846
4403
5197
1405
76
7571
8797
2828
3328
7977
6901
9522
1245
7304
7998
678
6705
5002
3483
2632
6710
140
5951
6062
7488
5753
1068
3624
6895
9762
2647
1042
3763
1766
5160
6038
271
4
861
6091
9655
6938
2973
5614
8627
2824
1562
5707
4230
7639
2256
4392
6168
95
730
478
5614
7417
9651
9253
5004
8882
2106
123
3825
9129
1183
6497
6736
3782
8635
2451
9455
3638
8364
49
8504
647
2397
8286
9101
3084
8084
6644
7576
413
4964
6626
6224
2655
4371
6676
5080
3083
1542
4877
2914
7214
3481
2964
8177
2045
7211
2584
3548
4338
2069
976
5310
1543
5771
7924
570
2654
9499
3426
9115
8250
9843
5982
5738
2878
3039
6777
4761
8960
8576
28
3484
522
9464
9585
9847
7741
9297
7854
3090
3361
3325
3263
4122
9310
8200
9040
9841
7168
3322
9460
8501
9867
8585
7652
9150
8603
2492
519
1233
3093
4058
634
914
7872
288
8765
8566
5162
4609
6122
5862
4905
6023
6674
1855
5630
3576
6422
9751
599
2197
1951
3818
6754
9212
9626
6498
8345
4365
5972
5973
1151
9369
6349
7320
8197
118
9500
9282
3609
7823
2320
7419
5483
3064
9965
51
8941
3440
6379
47
4471
7391
6519
4910
5877
1375
1236
2137
2029
8071
9458
4681
4608
9585
9321
5651
9885
3581
9138
1470
5820
7039
8066
4085
3566
8004
8260
2824
5342
5794
4210
1165
1188
3533
7344
3764
7350
9077
6389
1624
5067
8333
7382
6001
8670
6231
7697
4822
4555
9466
7299
6943
1369
5269
7814
1753
5508
5694
7291
7347
8102
5363
9136
8070
7297
3202
1454
3569
7995
6516
8017
8706
5063
6276
4757
9088
5100
365
4665
4197
4260
7201
2403
4793
5763
3382
9568
5706
9362
218
7398
312
8263
4152
1080
7996
6499
2515
6277
1225
567
7103
5181
7083
4724
5071
3585
6443
9774
1608
2966
3700
5820
7813
2118
7872
5326
7956
1187
9772
523
7357
4264
699
7495
8851
8430
6629
6237
3859
4168
544
6974
3850
5724
6055
102
3731
8895
2758
6216
333
1419
4088
9654
3082
4527
2632
6031
468
5859
1091
6196
571
9415
5695
280
5978
7783
2517
3220
7735
7373
1481
4597
104
6435
3514
2339
3571
2611
6325
1022
4718
8685
5684
1975
7286
7940
7796
8104
7867
4917
7860
4401
4343
9333
3865
6464
4671
9127
2751
9692
4578
3606
3705
9166
2591
5797
2009
6493
1060
8977
108
5269
2049
9039
9980
2418
3610
1287
8281
3647
6235
6172
9042
3557
4694
3399
5117
2194
5336
2064
534
2281
2857
313
8084
4399
6690
1542
3095
3881
6041
5804
7134
3343
3928
7269
517
5037
3164
9518
8763
1910
4905
8781
2465
2149
7867
1394
9679
402
3367
3960
2129
9838
2688
1304
7918
4667
2133
1867
4633
1626
9991
2810
2032
7634
1017
8164
3106
2026
1232
1467
5326
4755
2842
1739
5014
8965
5371
4280
4002
629
2242
