4365
9551
3782
3878
5034
7899
6651
9229
7514
9297
6542
3667
324
3919
6922
9904
4975
9236
7646
5549
3952
2394
8797
5103
2276
2129
2901
9841
5369
2356
9980
9277
4214
491
3111
1702
6252
1292
2276
8693
5124
2030
9831
8671
423
9515
3922
143
9213
6337
1774
8645
2093
5750
3766
4298
1283
9574
4898
2623
1279
4955
5953
9873
4506
3111
1855
3339
6868
4112
1478
8025
2361
568
2929
2692
4930
4440
7020
5742
1191
889
903
2540
5090
3887
1145
4587
8782
4291
9265
6416
8431
8219
3496
17
9852
952
1923
5017
7895
2571
9204
3484
1533
8404
2351
4807
9368
6585
7354
914
9217
640
3182
8982
755
6377
3371
7317
8860
6315
8807
8522
4812
185
2119
7726
1952
6369
6214
2324
1048
3633
2530
3794
3172
6758
1766
892
9166
450
6818
7022
8912
8745
823
5958
1190
7129
4430
4108
2894
9683
6744
8064
7580
5770
7040
8990
7802
6007
4941
7007
2589
3047
4116
8367
802
4513
3882
5687
6487
3592
662
1015
1015
633
2805
1106
3229
1777
2215
693
1786
8559
2647
5189
1521
8321
3896
4788
5263
7150
8411
6160
6904
1007
3501
5672
668
7003
9661
7228
5913
1629
2332
7504
4762
6996
6716
300
6029
9847
1259
4259
3923
4194
7561
8958
9168
8882
9156
9157
2530
9225
5141
5609
2478
9983
4979
8849
4213
2069
5622
2767
4310
5271
8694
7261
7022
4861
9538
4889
7354
9038
8748
1099
1405
8194
1761
3039
7901
1089
214
932
9559
8077
3599
3808
7731
7338
6137
2413
3634
4038
5751
4227
3331
5896
6682
435
646
7625
9448
3166
3352
5353
4447
7760
3901
4592
2516
4684
7627
3779
9444
181
3394
798
5755
8983
8298
3764
6627
5392
5718
368
564
686
7860
2342
8442
5237
342
1276
5637
2365
9866
3470
3897
5206
2517
7299
2725
570
5583
6522
497
6429
9096
1568
6032
3267
6889
1105
6533
1774
2277
5399
5250
4034
7085
6244
9788
3112
1410
5929
2778
1131
6166
8353
8348
2018
8604
8365
1321
1450
2654
8284
6928
752
9980
3462
2992
3608
5522
5045
5219
8332
7107
5713
6965
2485
1521
2103
7026
1263
3295
5445
4462
876
6686
6292
558
472
9859
4194
5491
1795
329
891
6599
3312
5347
3972
9136
1546
9402
7188
1409
9886
5076
4592
6496
9145
9014
1441
9922
6126
6944
7763
5746
180
7894
5309
3793
842
9488
9880
8312
3640
4727
1037
8393
7348
8335
2976
2499
8829
468
1059
2803
7223
7613
7976
6375
4787
4926
2631
8575
2442
505
6024
5613
1735
8580
4974
3051
4942
1846
8769
3611
9197
3002
9798
249
2365
1398
6044
5533
5540
6230
7621
2589
699
3969
5871
9840
9335
8478
5630
6173
1510
5311
2296
3137
2456
3498
4781
3951
584
5593
6513
5425
1205
5064
8920
3981
3793
8123
5868
3907
7717
4626
7294
4419
2031
2661
2663
3404
6601
6105
5209
7679
8567
8309
3847
2610
9661
3150
4509
9376
2571
1581
8590
910
2982
7683
3688
2344
6307
8211
7958
2585
179
5933
3378
634
6230
315
3588
6641
8685
3668
2620
8043
2048
9375
2968
5093
3112
562
3266
6500
971
7303
1226
7973
802
2015
3499
1950
8200
7041
9036
9122
6145
9883
9269
4484
788
7177
1180
6515
3623
3796
1291
4452
342
1425
1104
2558
2319
554
9585
7902
4029
6074
7817
4474
9502
818
772
3970
6723
9081
4306
595
1124
8880
5196
1958
4190
6371
1505
805
4459
3963
954
6222
3947
816
4770
3056
6996
1420
8300
7665
3076
75
9568
9442
6894
1902
4870
8794
2585
9791
3774
1391
8177
6431
3337
6660
4375
5227
8375
5964
3452
2413
8510
8861
4998
2431
6723
7535
764
1914
4969
2387
4660
8124
9731
5857
4102
7512
8951
7529
7309
1240
5538
8283
154
733
3410
7939
996
1319
1251
9596
416
8464
6378
9413
6088
6818
2439
8496
972
1481
4235
8103
8322
6371
3142
858
2826
4532
9931
7587
9747
1623
9090
5419
9668
8062
4746
4773
7752
4202
9097
6423
6185
4294
3121
5850
8103
2958
7378
9607
8918
7677
8566
5905
7121
4659
1932
4945
7710
5206
5972
2284
6272
4032
7476
5649
6979
6726
2485
1151
9336
920
3469
8884
221
9236
6025
9632
999
4021
9559
2439
4318
4938
4462
517
8278
4865
3018
5643
1046
3153
9800
1816
5655
8183
266
5556
1019
3656
4855
7206
5751
7222
4850
3093
2398
4734
7829
9611
6411
4989
9275
517
1242
5139
7271
7687
2100
3152
8932
7580
4342
9083
3177
4603
2221
8689
9992
3030
4688
1434
9972
9004
1241
775
1741
6606
7169
6264
4474
1807
3095
4330
3169
3316
9101
6797
1717
2778
4544
3252
5021
5271
6001
6262
7213
4601
7205
9937
5747
6795
9765
7950
1025
6934
4243
5503
3122
2500
4618
8757
6058
4176
3376
2942
46
2985
6875
3228
4557
756
4541
5425
1882
7601
3037
278
3831
5334
6627
1035
6591
1192
9616
4873
7328
1801
9240
9683
6372
9835
1181
1562
4347
2658
5129
7983
7398
4663
1575
5828
5778
2904
7663
2924
382
4189
8892
7617
5771
4358
76
4788
9424
7489
8803
5790
4711
455
7756
1637
3976
438
8078
683
7951
6809
6534
433
2364
4931
3591
5368
9095
3178
1723
2248
2046
4400
7188
6761
8701
7278
1539
3087
313
6809
7796
2339
2585
3606
2196
1899
8385
1945
4945
5964
3244
361
9196
9302
8005
4800
7085
8414
6530
9407
8836
3609
9198
3646
9687
9875
5506
4896
4669
5264
4751
6756
6341
8250
6826
8697
6116
1081
2148
937
3065
3664
2821
6774
1199
532
9413
4483
6462
8920
9575
1289
8478
723
3298
8681
186
9715
3501
5329
1981
3931
7846
728
9355
440
4750
4019
7342
4209
9717
5978
5436
7757
6174
3365
417
8878
6079
6351
2351
6971
7960
3501
9710
2571
3853
3848
1809
4541
305
6549
8487
6485
8849
1734
3115
2481
4010
602
2937
3609
9112
3327
204
2837
3324
8664
1417
5304
9512
7785
1890
5274
4203
7231
4392
3540
116
7245
1040
2596
1700
4833
4672
3153
9141
5268
2199
9704
1008
6272
7942
4
2560
9981
943
4941
657
9172
9768
8439
8052
6805
2188
4683
3042
3171
3214
4722
7002
6908
7867
8366
2601
5399
8491
7059
7509
4918
516
3170
5814
4795
8683
2983
2402
4791
167
328
3379
1229
3732
9646
4230
5830
3489
6528
6531
3069
9079
9002
1908
6922
5494
8397
149
3548
3069
3536
1462
9727
3765
1492
8479
6238
4444
1701
5969
5026
4409
6636
8277
8632
6880
3921
5683
4448
4564
3038
4145
6257
7876
6351
9526
3531
5220
8774
4378
7989
7065
8874
6652
2420
8816
1519
5503
4173
2747
6578
8562
3841
3353
7531
6875
9831
3617
2644
9423
440
7947
1993
1248
9332
8379
8453
2836
2130
1707
7820
8301
2772
8852
9960
6235
6793
6408
8778
7706
587
9375
418
4329
8601
3227
7978
3369
5600
3754
8508
2493
8866
1849
4740
9748
8104
3184
4353
1281
6019
2589
4788
4627
6958
6192
1579
6326
4896
1584
9464
6357
3038
5625
521
7129
109
5203
8285
4707
7909
1872
4188
4226
3873
6385
3045
8178
5410
9701
21
3361
3331
368
2963
3775
2888
1492
4745
1393
9872
158
5836
6242
7625
7615
1980
1191
9042
757
7943
989
9404
5734
4825
2866
2345
2153
4830
7484
5655
3969
7191
6282
3958
9334
6987
1237
6644
2545
6085
4930
3979
2084
2235
6999
4336
9173
3854
2567
3292
8517
7437
8012
2199
2064
2613
3920
4736
4739
4164
840
9929
6389
5979
9198
5471
3140
1776
4345
9016
5213
1203
8171
7685
2632
3545
8551
5383
2173
6532
8621
4398
3351
9716
6483
924
691
1558
1121
6791
2532
4602
4569
1390
5703
9603
8930
9987
3758
248
7568
9590
9836
8983
2337
5027
7756
8057
2230
498
6014
9137
3724
8412
4238
8685
8790
9677
3218
9615
1689
4005
6001
9606
8627
6616
7595
1957
5625
8261
1896
6277
8972
7572
4033
9862
7031
3417
9029
9953
9528
5221
9929
4601
5688
1387
6400
8447
7977
8640
1826
2069
7035
2363
5676
2666
2666
1949
708
6324
7368
1898
7046
2828
6163
5861
1136
7875
402
9034
5607
8883
1121
1556
7156
1136
8535
5647
6543
365
1440
951
9078
5946
476
9120
7018
9915
2595
143
4470
2484
19
1029
5340
4369
9735
908
1358
5602
8166
186
7510
1060
9878
4451
6531
5834
3163
3387
2368
8986
9663
6536
8674
9188
383
5270
5871
9741
960
9428
2565
9434
1533
4699
9742
9992
8910
9487
350
7608
7094
7198
7702
6503
8729
7814
4985
2908
712
1059
6263
9579
8731
8086
8155
6391
3050
9937
2558
8531
7703
9230
8215
8377
7051
240
8176
1636
9276
2993
6037
6648
1959
9322
8315
7794
6048
2705
2074
7705
4772
2028
3129
6276
3287
2917
7141
4709
990
9174
8461
9779
9323
883
509
5797
8337
8182
8325
4906
4467
3254
7302
2022
3293
6417
3784
5927
6014
2488
8106
9014
9921
7306
3336
9944
2454
3464
8338
4580
6498
1128
9343
9311
8544
4309
1741
8691
8578
8868
4147
7694
4552
3169
6485
9879
4011
7656
19
9435
1895
5439
2415
661
3715
9840
2520
9501
8782
8245
2328
9655
7800
8460
8455
2940
1322
5914
2010
2582
7891
5404
9052
7748
4704
4264
9143
6477
8742
7570
7646
4258
9727
9850
1706
9772
288
3491
1103
8357
8515
383
6059
4258
1413
3478
8282
9422
4349
9749
2249
8050
2424
9394
7973
4400
4221
2718
3967
7998
1074
9380
6831
9712
4091
1182
3025
5951
8457
9078
6048
661
2055
3082
8638
8298
748
9577
3693
296
974
3530
5341
4635
3220
187
4466
7477
1253
8663
7265
2366
5266
7297
6168
6840
1453
637
2327
7248
1461
8638
3295
912
8463
906
7317
1458
8211
1753
3986
2335
6544
3340
8362
4070
444
5947
1031
3080
2459
3143
8546
7615
3307
7054
1262
9343
3851
7804
7537
3413
2006
654
2431
6892
4736
5987
6180
2142
5307
4363
4334
3223
406
609
3045
3718
1955
7429
7304
61
4724
914
5126
7815
6305
9054
6565
2425
4728
5536
50
6737
6241
4187
3798
6091
61
1113
7729
5699
843
3363
9765
3492
7334
5756
882
3807
2783
7230
2409
6327
8162
9148
1487
6345
3927
694
1361
7610
2280
7947
4367
6664
1290
4921
3366
7218
2026
447
9053
1988
2533
8628
3259
2634
9251
9649
5507
3109
5169
665
4238
1132
4827
8457
5092
6730
1954
4009
3606
2085
3199
1602
3338
1871
7108
6587
1812
7909
3339
2540
4430
341
8590
1571
724
3228
34
4564
7150
4765
4112
4138
1003
3534
5057
5101
6678
6365
5046
6956
1560
1184
273
7114
3434
4473
1908
6885
2308
9400
7796
8257
9927
2922
1785
947
2916
2896
8725
937
9767
2314
5358
2311
1603
9682
4122
3756
5387
2262
1270
1091
8682
3501
8627
277
208
6986
6493
5260
6154
8222
281
1011
1597
6552
1595
3273
6942
1559
6770
1044
9169
1409
3360
5457
6508
5324
969
7002
2023
4281
1847
49
9970
1168
6632
6329
4611
5063
6629
7875
4298
6748
2495
9206
8387
1858
8952
3064
9304
3832
5547
6585
5856
9844
8986
9407
968
6191
5506
3483
9708
9434
893
9834
6147
3455
5459
7384
3140
402
1614
4320
6824
758
8121
2734
7822
5484
3539
4981
9332
230
8742
4140
601
2457
7183
2706
3341
3617
3401
4547
5521
8270
8491
2739
7408
1997
2490
6648
8025
2017
3724
7172
1032
4912
75
6287
1808
7866
993
2275
3352
932
3254
1825
4735
8803
1700
6625
9389
6260
2243
2390
6807
1384
6470
9424
9614
3949
8768
8507
8421
9560
7380
4117
9246
5245
4489
6717
6160
9473
8998
6071
7350
7431
9407
2748
7655
1111
8812
7662
8045
6125
2386
9384
7540
7069
4929
9092
978
2996
314
6343
6221
6761
1882
9143
9805
4163
6775
6268
6464
8020
9637
6484
7667
2003
9830
3569
1860
2440
9052
189
4097
6096
4572
4318
7468
2864
6753
9716
7422
3813
7946
1630
5588
2474
6706
3837
5899
564
9833
8097
3332
9688
8883
111
9379
2620
4797
4196
1562
9578
3352
1731
6797
3648
596
4410
482
2581
3818
6355
9511
6278
8390
2646
5343
7230
9423
8460
7706
8005
6228
9422
3872
4015
4100
1932
6090
7317
9898
4473
4238
1553
8132
2707
3637
9730
4270
3297
378
5600
4960
1286
6161
9353
1056
8930
5889
106
2533
7703
495
6105
2506
6968
5241
5503
1387
5470
2268
355
2048
8356
3043
3826
4803
6242
4637
986
3550
9384
4761
6101
918
4112
2624
6611
7054
8998
4526
6641
7386
5411
7791
7286
8305
5572
899
9835
4717
1017
4973
6202
9587
2378
4878
7279
8217
7028
1672
2684
3081
8273
5522
9977
2929
2742
2551
7784
3875
293
5307
583
1728
211
8732
4046
8540
9892
9760
4920
190
8466
4481
8702
3431
8893
4850
1823
5884
7292
8444
9580
3313
1105
8409
5455
9236
3403
684
6540
7716
1317
7147
5872
7868
3884
8747
630
511
2942
8054
4792
321
5501
9963
9139
7840
9842
2611
3971
5182
1135
6299
4653
6396
7789
4579
1276
7012
8004
1506
6050
4307
4233
2147
2448
7169
7809
1584
8882
3023
9604
8665
225
2635
1213
6513
4892
6707
3662
8870
3633
6884
5024
1643
3076
5933
2615
8531
8578
6789
404
8396
7136
8198
8837
1094
6764
7988
2151
5599
2133
8654
8731
3180
4775
1808
1559
8293
638
402
819
2830
1100
3025
3827
1086
8645
5272
9237
2494
6823
411
976
1584
6088
543
9581
2824
8007
6169
5953
2347
581
1698
2936
2243
4828
7059
238
7629
9197
6387
9670
6976
7016
954
5838
4409
8148
8849
7081
3671
4239
681
8316
2944
9535
3588
437
7246
9030
51
4436
2138
9156
5597
5198
6035
3462
6745
6694
2795
5869
5657
5660
1967
3370
99
498
7152
900
6524
9961
6995
1356
3587
1003
7713
1816
6360
929
9387
1100
8855
2612
4591
4183
6053
464
3871
1688
2790
8853
3636
2417
2264
4359
7119
8404
8431
9846
6551
1755
9214
4232
6148
9204
7631
2865
3991
5624
6111
3652
756
781
7337
6228
6157
2657
7277
3940
6636
9991
1245
7436
4124
3598
2196
7853
869
797
707
635
9682
9147
9274
3737
3745
1402
5727
3827
8342
5284
2861
8500
8076
4973
3948
3496
4537
6536
3913
3548
9277
8198
4707
5842
4503
4280
738
4144
2356
3974
4771
3016
485
1209
9475
8770
1659
3618
1640
5077
9058
2349
4151
8245
2167
9152
3381
3206
9112
5054
7870
4622
726
3753
2619
5369
5785
2755
8372
8022
4753
8885
322
4478
9940
7048
2271
7349
2281
8817
6973
762
5519
4666
1136
2713
7722
2827
2616
95
9084
424
942
397
5644
2916
6955
469
9366
6403
576
6705
4303
7853
2229
5636
9586
7726
3873
6872
1676
7162
931
4950
1697
7870
7595
677
521
2657
7704
137
474
5082
1279
6620
5347
4827
8613
299
2642
4491
745
7079
5698
4994
3600
588
5493
7933
3214
6190
1098
1585
3470
527
6571
5756
7582
8573
134
6567
9594
1320
2710
1367
9412
8449
2573
4979
141
286
4208
1568
5123
3115
5743
5016
3270
746
159
7370
8552
4539
7574
7194
3793
3350
5987
3097
1388
6805
8183
1743
1506
687
7460
9237
9889
1327
3424
6959
936
8115
8710
4214
866
5696
3481
7636
4124
9731
4870
7417
8837
771
8245
938
6017
9298
4123
2729
8394
2065
7616
2815
1699
7827
24
2630
1530
4154
4080
1716
7818
2558
454
2161
3530
7356
4965
5913
294
4427
796
8317
1767
5913
3914
4980
2754
6564
1945
3327
3642
7237
6596
2971
4274
2727
1077
3999
8819
4678
7520
4276
2679
8482
7493
884
4736
1042
3542
5612
7895
7925
8790
5307
9572
1443
8106
4925
3287
2611
8783
5105
4002
22
7879
8901
6179
3728
2737
6548
2737
7175
2196
5285
2802
8355
8120
4917
9382
8518
1137
239
8292
9701
5224
8088
7583
1700
1688
8231
6837
7312
2786
1601
5476
8198
222
8691
4953
2673
9567
4504
2854
4112
2592
2571
7311
3574
9713
4518
4930
9019
2345
3592
2193
1200
1110
53
7005
384
2056
2760
1360
8994
9094
9396
4438
2794
9740
8936
2809
9087
4850
4064
7800
4695
9850
7656
9940
399
3525
7532
2807
2135
6818
6090
7217
8650
6196
873
6016
1067
9775
8339
5675
1131
5807
1214
6491
2359
1413
344
375
1677
9919
1296
2522
6447
8867
5954
6979
5841
1000
8250
121
5533
817
1322
8057
470
5526
8823
349
4489
7072
7517
9707
991
6049
5186
5607
1487
5262
4328
9606
1568
2395
7068
6752
2860
1825
1772
9793
1681
9678
646
5388
2321
1513
8267
2812
1785
160
8354
8681
9998
16
5688
5475
3667
2288
2789
4543
4231
5243
1723
3659
28
3960
4472
5551
7602
5479
5370
1569
322
6858
5778
5381
6903
4238
6433
160
2710
2933
127
3847
8238
9970
8650
1609
6970
2160
4012
5525
2452
110
9797
5801
2644
1387
3271
8345
7494
3930
6465
4984
7833
8514
3571
3286
9523
9653
1136
6342
3746
2971
9794
5227
2445
3194
4935
367
8073
8436
2136
6687
3768
2541
443
5414
572
4520
2254
3828
5002
1517
8964
5994
5177
4889
5245
2581
3897
4801
5469
3813
9408
3476
9374
6009
9359
9725
5569
7369
5732
6850
2800
656
7161
8332
7599
8435
121
3859
7665
4162
4659
6725
4039
2058
4871
8642
9043
325
7181
7735
6875
6175
8149
38
7384
9861
7673
5934
4974
9244
3182
4412
1030
4428
8985
206
7623
7607
351
1455
6020
2217
3717
6084
2415
9325
1238
8866
6746
7114
5731
8730
9470
7481
5924
2211
3317
5188
8925
5298
225
5740
2972
1000
800
327
9470
7239
4423
4452
2529
8578
3819
4716
6724
9217
3358
6951
2443
7518
8887
7400
7663
2367
154
407
6050
9264
871
7848
8640
4860
5103
7181
7185
7912
544
9189
7739
2412
2945
4703
4084
5055
5289
5455
6100
1982
1946
1196
4361
8200
9803
8227
9573
1609
8580
8092
9058
3793
2834
3351
3430
9776
7914
8018
8529
513
378
2058
8259
2256
3787
1819
3467
2553
5267
8215
3930
767
2903
1375
7989
6421
6941
5632
1689
8284
5503
8380
729
3962
5660
6564
6707
2611
3160
9504
466
551
4468
3035
9468
2744
9800
6653
1275
358
3629
1494
2456
5832
7431
4516
5043
5721
5391
2162
6367
29
3103
781
4587
911
3799
1715
8476
2728
749
8458
1029
1742
6720
635
5577
9975
8413
9801
7815
1688
5930
6594
1331
3902
7440
3761
9926
9992
8439
3948
3260
4575
6521
5953
6219
3028
1032
9224
4547
3828
6219
5029
6513
1386
6355
7726
8797
9937
6765
2803
5988
9556
8176
8462
7088
9941
1813
6408
7058
726
9831
7012
5810
7799
7232
4141
3005
7148
3443
4456
2669
4410
4872
6677
8839
5119
3969
1608
7454
6587
796
3790
613
5998
9681
3406
4897
4399
203
6525
924
9383
163
9470
3734
4520
1416
5316
5670
269
1963
6005
1727
159
4199
5614
1982
8768
3822
9149
8159
1832
1742
4815
6719
8138
7362
7942
8907
4243
7797
3686
1608
3998
7697
3100
6700
358
3686
3675
5242
7241
3990
1573
1371
8997
8460
5299
4647
7811
7693
9361
6580
7357
3751
3625
8741
1148
6231
7082
3923
7682
5031
6132
2921
785
3411
8803
1289
9990
4044
1142
9004
1814
3622
5003
2151
4547
3324
265
6729
6634
4708
3609
5920
3885
3500
3345
700
6408
9555
8350
251
1746
5445
9262
3316
4562
7534
5192
2799
2811
6560
5224
225
822
848
4555
9589
5082
7114
3235
8246
8235
1093
7975
4937
5932
5520
9435
1623
4546
7932
5239
8953
8966
3076
1238
4924
9590
4214
1070
3988
4058
1270
1287
6748
9966
5016
7881
6059
3473
5082
166
2994
9944
8612
4081
9074
3055
1288
9146
6539
3805
1668
6392
6607
6899
4342
1217
8902
6530
2943
9161
2298
1574
1440
2004
6066
1794
9825
4585
5787
3561
3681
9750
6578
8774
7399
4762
191
1993
6727
1779
140
9647
8432
5173
2371
540
3122
5523
789
7096
1773
1965
7542
1683
8532
4758
326
7974
3552
7248
2939
2120
4338
966
9962
2793
7584
7382
8596
1791
2657
618
6701
3194
6915
370
9016
2854
6665
8319
5822
8493
6467
6974
2797
1526
1829
799
2157
254
4441
7329
6606
9009
8177
1323
8349
4821
7908
3770
7317
6980
9066
130
98
9284
7651
3635
849
84
3761
9418
3316
949
2262
5904
5617
2386
3623
595
4202
9230
2272
3183
2519
2089
6466
9625
175
6622
5015
6840
7606
8332
6790
4032
6432
527
7954
5356
1972
9771
221
8216
4652
436
9802
4232
4360
9484
5679
4472
8530
2746
5913
6608
1548
1155
6730
4836
2245
1080
2557
9382
459
1676
442
376
6619
6384
7669
9154
7764
4365
1889
9356
9385
5566
5442
7321
7525
5463
1248
4960
2456
2101
2583
5143
1392
2036
4460
8527
3219
9207
9914
7639
312
6983
3209
6557
9958
3787
8224
1032
4948
9441
9698
1947
3200
2246
4916
6982
9963
4936
3646
8095
8833
7893
6752
7369
9526
5375
2380
8958
8780
670
721
7998
4626
3762
7368
4180
7542
1828
7767
2689
4762
200
2114
376
7636
3458
4882
981
5888
7185
4158
8187
5457
956
7909
4904
2180
3560
3422
6855
8549
99
5735
5778
3883
1184
5977
7361
7582
6239
6093
435
2121
9880
8824
6792
8826
5972
7025
2026
1319
7225
9203
5174
698
9296
813
234
1725
3284
3143
108
8577
2313
9024
2516
7480
5462
3682
7367
579
8752
3895
6370
8709
4565
8965
9903
4486
1122
5444
6055
5219
1489
5889
6404
3795
1875
11
2049
1045
9078
5850
177
5461
627
2959
8073
8269
5606
8823
1515
6408
3547
7081
5168
2066
2722
3439
5313
5323
2638
6593
3665
1962
7167
5068
1003
5006
3930
7778
7235
7264
5058
987
1068
8740
4902
3962
6774
158
1031
6538
2049
2194
467
5543
1378
4132
4675
3529
6769
6461
4893
4394
3661
1407
1703
8185
6764
7600
9145
4455
5091
6914
4125
3359
6351
451
8326
5155
7405
5312
7402
7521
4812
9268
3438
4292
7725
2014
5981
7239
3540
9761
1731
7780
4078
6790
7820
4331
6126
3484
516
4078
902
6943
9019
4425
8766
8373
5575
6127
7268
9941
9878
6127
481
1043
9294
5269
4868
9286
4387
6541
8573
4267
4069
8947
6408
3874
7650
8390
4531
9590
8207
8763
4318
7979
3407
4733
574
5487
7005
4194
8190
2274
5532
8600
7604
2674
5465
7998
7579
3023
3273
1264
5617
1198
7956
8619
3647
9673
9806
5870
3408
8979
7854
1089
864
7082
8605
8367
4723
7717
6108
4527
6720
188
2226
5249
3480
1510
9009
915
3318
7725
3396
7795
3476
6127
4119
8255
8711
8782
3667
9512
6489
7159
5861
4293
8257
7344
3977
4884
9473
3417
5704
7323
748
885
2075
4493
5090
5811
1675
6952
7225
8756
3815
7819
1929
289
4433
6692
3156
7525
2966
3655
3313
7589
4199
5995
6660
9681
6488
4079
8299
5490
3749
58
311
1187
1356
864
7045
9788
9147
6144
4920
1593
7351
4698
8437
2729
694
8190
5323
5714
8473
6736
3501
4418
442
7031
2941
9585
9470
5668
7030
6306
3286
560
3062
2696
2440
4063
7574
3957
2661
9792
4552
2478
8055
7190
8268
4282
7625
321
543
7033
3507
4117
7264
1569
8240
9101
624
6196
7838
6264
4374
5262
7553
5169
4732
5562
3796
9132
6249
2883
2925
9884
172
424
8748
8914
2834
4153
2768
3393
5364
7166
5014
5660
8448
2583
2910
8592
3841
8094
6988
3022
1438
3609
2872
6640
9805
891
7555
8637
6098
9178
7351
888
8952
8603
9497
691
6730
8457
1421
6881
9374
8661
2886
8904
4750
1527
297
9221
6165
6819
5436
9306
2067
1911
9281
5507
2589
2705
2441
6902
3684
1117
1479
7752
7024
8155
7106
9452
2168
2175
4005
9286
6321
6242
4855
4286
6017
4662
9795
720
6014
8055
6675
8656
152
8557
958
9291
6736
7470
1435
1657
52
2048
880
9919
8216
5980
9324
9201
2114
2126
7533
5812
2017
745
5022
6913
1339
5752
657
2821
9778
2431
9237
2661
8835
9823
612
591
2331
6952
9516
1404
6933
3417
8200
1554
2356
1043
8986
3014
6218
779
9495
5950
723
4318
3503
3077
8001
4960
6103
7991
7860
7501
2325
2668
5733
1936
4615
1250
1552
4994
8721
2882
4636
9577
8913
4133
8233
2210
176
8032
996
6362
456
7002
3593
7078
2412
5214
3830
7746
3417
4876
7496
2998
4247
4329
1829
3877
1275
1751
5429
7487
4221
7088
9789
8935
5744
4300
1657
6366
803
9730
7270
286
6228
2906
7497
7731
5676
4177
6671
5587
5498
2374
9442
4687
2768
3409
7317
2049
1492
9411
4701
5589
8660
2569
8412
4164
986
4218
3594
3340
7063
0
5490
3579
4286
83
1430
2826
5168
1024
4688
9271
2992
2537
487
6762
8259
2535
4762
5817
9974
3674
4476
103
1163
2673
1548
5111
2065
2468
4207
6766
6206
7214
1980
6038
716
6569
3172
6447
3390
4242
8253
6849
2334
1403
8073
3804
2420
5567
6519
8432
7892
1024
4758
56
5413
7500
3521
2529
6650
270
7228
3529
2959
4817
4954
2627
4913
1935
1784
1239
2601
3640
7257
8757
8023
4174
5214
6810
4264
205
2034
715
9748
3352
4895
8926
1590
7918
5457
9225
8425
8252
6341
6306
6123
828
8606
5301
7648
3211
5876
5284
2118
3592
5416
3816
6353
7272
5753
6886
9090
8214
6956
6477
5192
7015
6476
9516
4675
6988
5070
17
6049
1250
7423
4811
5192
8579
4284
7489
8655
8751
2062
2203
5849
2693
1888
2526
5118
4858
9918
6678
951
7533
1884
2459
3430
4273
7568
8246
9184
6153
4429
1933
3608
3651
221
6506
7962
6731
1625
3178
7568
2832
4840
2513
3396
3699
7987
9354
3843
2235
5633
9452
2698
1062
4804
3785
6096
10
1630
3632
7696
4378
2225
9586
5185
2772
5634
9521
8275
6743
3929
4069
9928
7121
1128
7256
461
8263
8518
9617
8228
878
8358
510
1408
7334
9641
6506
5419
4486
3308
1470
1223
1106
3071
8884
1871
9129
4452
5174
186
1387
1744
4037
9116
9352
1633
8438
4696
6275
8204
4406
4165
470
6690
3422
1260
3391
6494
3906
987
4072
9838
1380
8778
3925
6715
646
1960
5686
7094
9052
352
5435
8929
2607
766
631
9704
4429
1671
5550
3674
5646
6922
3400
3656
1426
978
6727
6344
8134
725
9909
4614
2886
5260
3831
6168
3244
862
7646
8332
5206
6987
4556
449
7494
4883
9955
6895
1235
7377
7049
9604
4604
3543
6248
3899
9053
4135
6722
4619
5466
1546
5361
2985
1912
3825
4124
2107
6219
2327
8390
1387
2698
559
8145
7236
6287
4894
4656
3436
5082
2455
5866
8525
1349
3936
218
5617
2562
5902
7026
170
4321
3153
2336
9132
4926
7646
8793
8888
7383
3157
2434
7813
7003
1982
5086
6429
7069
5477
7106
4337
56
7567
4100
9514
9676
8952
8433
3789
3319
3483
8269
1226
9488
4333
4645
5170
6332
614
6417
6834
4547
5453
3590
4880
2828
5407
6024
5985
1829
7195
2892
4180
7871
4269
6779
3119
4614
6213
5826
9108
3615
3939
886
6879
5578
642
102
4175
9862
7438
7081
9790
6276
9651
9206
6159
6387
6467
8562
7363
698
852
2419
2008
9989
4996
6979
703
1879
1033
1425
9144
3678
2985
1794
12
3043
2579
9781
8951
3088
921
339
5296
9837
6155
1493
3126
9075
6208
6400
696
8977
3251
1275
4897
2813
9640
337
847
5314
9690
1346
2383
4647
7538
372
8470
593
3510
5079
254
655
5803
7013
5563
4658
217
2104
3625
7904
2234
326
4516
2158
3485
6856
4468
6986
7454
4168
9347
2635
9674
5128
3675
1920
9233
1936
6849
2997
5245
6399
6168
6037
9913
6755
4
9337
4720
275
524
7214
932
441
667
9268
8871
6333
51
4370
8377
5981
7214
1047
5806
8185
9858
3516
5339
8634
3696
8950
1613
9763
1882
951
2695
3775
4095
2260
678
8682
3460
1856
706
4012
4592
2455
2355
6416
6820
6408
3341
370
3909
1034
4282
3127
7607
6111
1459
1479
280
1477
6042
5861
9671
9897
4695
8479
6271
8615
9277
6512
4547
8828
1561
5251
9992
6524
4982
2691
7737
992
5631
6941
4235
3799
4466
1671
5103
1501
5405
7098
3005
7593
2537
7034
6579
8576
4431
7254
6441
1831
5291
5787
703
6725
2172
35
7910
6727
2532
8746
4120
8014
6066
5794
7638
4051
4842
9068
4172
8026
9214
3863
3746
3204
2556
9525
5954
7438
9043
8984
7120
8695
3794
3821
1819
2831
8719
8766
1135
7323
865
1483
4613
8133
5339
4035
3864
5617
8726
4652
4483
7962
3961
5314
2764
2666
2455
3532
4792
3704
4902
9850
778
3500
135
3658
8251
5198
2151
539
4791
7453
8273
5128
7234
9035
6653
2566
3861
3221
8473
2073
7961
8801
6627
384
8847
6432
8848
6769
1417
7571
5660
9311
9800
1273
9567
4168
6868
1542
3559
1915
6833
6960
8168
2391
1732
563
2813
4830
5970
4389
9577
248
3745
6035
4095
5380
7438
6858
7914
2185
9786
5121
7674
731
4433
7331
9180
3641
1944
3947
6100
7828
3795
8585
2553
8906
4064
6401
5374
3951
3011
3986
6905
4941
8655
9956
1089
66
1278
3051
57
6488
477
2600
2739
4131
4279
1326
451
227
1788
8626
7857
744
7374
923
9482
6581
9416
1801
1892
4670
6300
9587
7052
8219
9959
6408
8078
1855
4690
5767
8512
6466
8440
6570
7260
4521
1423
5853
6791
7752
8453
7837
307
190
5337
1531
3869
7534
7234
2575
8884
830
6096
7833
7559
5032
6605
4515
3801
6798
2144
3107
7765
3290
3646
4493
2503
3187
9821
6853
1710
6620
470
4161
429
1351
1494
9852
9720
4215
4913
5415
7473
2259
6276
7035
351
6710
6150
7418
6135
6115
4921
8019
4154
2037
8499
1187
8459
2789
3604
5737
1979
3621
3139
9634
4771
4985
4457
7459
8413
8245
3498
5957
8272
4497
9899
2523
150
3354
3924
7151
6635
5618
1252
6730
3588
9063
9227
9362
2426
3649
713
7901
6946
7749
4672
2644
9050
9239
72
2836
2865
4620
975
7229
1779
4269
2778
125
2657
8679
3309
775
585
2688
6307
3453
9559
6484
2955
2381
8504
6445
6383
8502
5430
9537
3410
7932
4165
757
3557
5105
3288
976
9589
8548
3425
5914
5925
5110
1348
8211
8244
8886
4502
9792
251
8719
5559
8160
5109
3799
2761
8908
8315
840
652
1805
2779
8940
2344
2424
2500
6081
4230
7508
5217
2092
8716
6396
7072
8297
3091
9120
4141
9841
902
1782
2512
3172
6040
894
879
7382
6466
3523
8049
5782
1929
4861
5569
4089
3352
8499
3339
310
511
3149
3462
7226
6552
3032
126
2235
4145
5171
6444
2714
2283
6215
5861
3106
8942
9027
1340
6589
4183
9109
1316
7317
623
4884
5815
1752
6233
8154
4908
8852
1735
383
8760
4258
3721
9793
5460
8192
5108
8720
4070
7046
7915
2853
9551
7802
541
9651
9168
2655
6282
1638
3658
88
3811
2295
5537
1979
4765
2881
1019
9296
1106
9022
1963
6889
8372
4571
6373
4027
4351
5243
2125
7418
3482
2551
3073
6867
7145
8514
1855
5922
7138
9882
9604
2244
441
1418
3555
1399
347
4061
7406
4910
1875
3342
1059
8689
5485
7595
2742
6657
8517
199
9639
4120
4347
9902
6272
2063
181
2899
5198
5625
9744
293
6185
1901
7909
1073
225
3105
2100
8049
8503
8273
8224
7106
3893
4495
5223
6467
9899
8917
6235
7609
3863
4070
2626
7984
1968
7250
5303
6139
5359
7528
6714
6588
3643
9989
1947
6464
4127
523
3598
5890
7786
7566
4587
7487
6723
6904
5734
8585
9287
1963
1462
5557
6753
7686
1652
9568
2100
3905
9473
862
1208
8259
532
6930
9535
3075
7999
7402
6434
1819
2221
674
9709
2056
5770
8633
4915
2142
8958
3825
7055
3017
984
9631
7209
4382
340
6770
977
6367
8424
4816
9692
7358
4769
6636
9224
8777
4020
660
8301
1923
8771
9527
8833
7412
3743
6020
7576
6454
5476
9197
8071
4048
1558
6122
9955
1184
614
954
5691
1857
2097
5429
6079
5213
4437
237
6923
1291
4640
8530
6756
2265
4327
4868
4221
4677
9695
6803
3382
5637
2236
9187
578
6759
4036
3164
2068
9970
4735
1757
3638
2107
4094
6944
885
9652
8372
1897
1372
3166
5109
4344
8203
1904
9914
9614
1011
3792
7486
5420
4945
1309
8505
6294
3573
3903
6054
7031
6143
5126
962
6494
7205
8688
4532
6294
3426
4647
6979
1540
2062
7990
9321
2313
3942
827
6386
2471
904
1592
5744
721
7070
4932
1055
5370
8468
8799
6304
3680
9223
6178
196
6929
972
84
8791
6955
7595
1450
5654
1090
1862
7574
7486
5274
9785
6416
5107
8933
5248
4354
7849
4710
4495
6796
7571
2756
5234
2936
3846
1802
2962
841
3656
9947
7025
4221
5066
3427
9666
7249
48
5480
6664
51
3417
9455
2281
2194
3423
2492
5262
4817
4333
2817
9882
7227
7400
5559
1076
8129
7931
8411
9539
3983
595
5583
3718
2732
5123
7345
3741
4368
7829
8489
1303
5168
6062
9036
7017
6100
7437
2366
2983
1050
2912
1172
2098
2756
7010
9383
3582
9596
8405
9589
9759
9719
5160
4497
7967
2583
2901
8683
6639
3467
4986
2282
744
4145
5105
1253
1900
7276
4830
7809
4878
8848
1061
21
6763
3690
9958
8905
8163
9805
1206
7293
5016
7527
8011
2806
4642
242
7267
4931
2060
1750
6866
9069
7535
7676
1766
9533
632
5197
1480
9048
7945
7864
1762
1429
1433
1123
7095
9600
4568
1497
1620
6983
7796
4322
6961
3520
9473
7792
8979
2797
3384
3413
113
5656
2767
2946
961
2713
1153
2859
4479
6439
3065
2086
713
7595
9520
5330
6698
1504
5921
4292
9921
9286
9813
556
2365
4534
1777
4310
9079
1407
3976
9564
9340
6335
3181
698
6774
8509
3337
298
3398
9091
8965
4989
2255
5338
9797
8202
4834
4941
5761
7521
3954
4383
7617
9449
723
9561
2581
119
9620
9771
9646
9568
1046
8788
12
4005
3880
4013
3557
5933
3505
4527
4367
4577
409
7541
7210
2481
5652
2876
7741
2308
1275
6902
427
8476
5608
1038
7026
6312
5007
3191
9568
6323
8628
3757
5874
7098
525
9628
8490
4602
5461
3919
9932
9320
2265
6193
3061
5962
146
7936
7913
8930
112
6927
1912
9531
7872
4218
6763
1612
122
4741
7585
4858
5577
9469
545
6843
4615
7200
6603
1524
4949
7672
31
9507
7316
7906
1897
5209
5667
9709
4008
6943
4357
3534
8538
3913
1294
8624
7574
8280
26
5689
4677
3914
2474
9016
333
8732
1372
3467
780
5791
3509
9277
4429
9512
5614
9147
5066
594
4840
7656
9327
2478
1966
3494
2934
2474
1974
1653
5909
1584
4675
9241
9936
9893
4874
611
7163
6482
1518
2178
5921
607
4714
3042
3450
8171
6331
306
1804
9081
776
1459
3617
7492
222
4269
3825
9650
588
2236
7260
1143
5080
375
3638
6641
6877
6321
4063
4368
5362
7064
6734
6696
4247
5627
7514
1007
9742
5945
7108
4689
4260
9828
3844
9700
5099
405
3550
7109
6501
6649
8736
7601
3679
5496
4364
3808
4648
4502
5789
5883
4844
9827
9559
4350
5329
2397
8400
2345
8669
117
5252
6576
3714
3087
9370
2579
8552
2338
6881
9656
9205
5328
3461
3875
8843
7232
9972
7527
7374
7063
1256
9591
528
7093
6273
406
5339
9339
7584
204
7931
2458
3746
9513
3493
6918
8791
9012
9912
490
5534
6029
9039
3590
5663
8209
895
3507
740
5083
3715
7846
3941
5895
7378
1571
1279
210
7786
8857
3600
8381
5019
1227
9281
3744
3058
8015
3072
3932
1440
1759
2089
6553
6055
7949
8401
8974
1329
7300
1887
8238
8396
5721
6663
6543
7494
288
6933
5463
1825
7611
1874
4015
3378
7950
6821
5353
9084
1005
1145
3310
6341
9430
9735
4864
1809
2700
9280
334
6227
1624
4617
1510
637
5140
4
9508
9615
5266
5703
697
7124
1750
8187
5047
3253
9941
818
5193
3032
9045
1814
1327
4457
7363
5882
5414
5651
4788
5152
3430
1130
3299
1143
854
5432
2345
6733
8362
7475
9387
1705
7388
5336
2429
4606
3161
6902
789
2141
82
2473
8394
4602
2946
433
298
5256
5184
2174
3547
5748
9242
7402
7353
8091
2833
1268
7294
4473
4452
6804
9296
9791
4949
3392
6021
8096
2151
5162
6961
4424
4457
2467
7600
426
76
5089
4799
1444
1168
2232
7780
1713
6973
7207
350
5787
9613
1618
3926
9898
8039
7416
4437
7790
1110
8688
5424
5253
8952
949
3183
5321
4162
8939
3371
1209
5969
1836
6309
8738
5595
3220
6755
2506
4116
4581
2453
8745
2541
9112
1430
1045
6694
5009
286
9816
8372
7165
9844
3360
9262
3291
9473
8931
9873
4676
2000
9452
7668
8328
4145
4326
2453
6695
2332
9652
274
648
8419
27
6276
9961
1409
2237
3734
4276
558
5443
4307
1387
8244
1222
5709
3712
8716
8538
4554
1107
9233
9319
5753
6664
8951
1717
7283
2436
6628
6083
4428
8452
972
9636
1384
7402
1323
5095
4730
6325
5371
1010
6984
572
6805
9019
747
6792
5892
8770
9474
6347
7589
8621
4965
3296
794
4385
9911
9839
9998
8251
8661
5581
4868
1369
5580
4462
3832
5943
6759
6585
4726
3017
1669
8871
8297
7938
2073
7670
4316
5359
9787
656
6573
2451
1180
3155
5264
784
7879
2237
9151
687
1810
6534
766
9116
3700
330
6188
241
1264
5009
4438
3660
1584
989
4390
5184
9021
1840
5178
9734
8682
183
5887
9341
8321
9702
2779
4981
4565
3825
985
2260
5799
5461
2367
2434
5124
513
2572
7752
1418
7844
1710
3984
6411
1604
7296
648
5243
1880
560
7561
5684
9875
1534
4607
7033
1902
6032
7716
3415
2352
1026
541
134
9580
9707
8992
4639
8839
9435
4992
2153
1685
1521
935
9324
5648
3401
2480
7766
5667
3411
9422
683
4681
1134
8108
711
6301
1586
4977
1583
2653
8654
8687
982
8512
4086
1689
763
4193
7310
3695
1168
5320
5380
5687
6357
5203
7063
4442
1411
2342
5462
5432
4021
732
6868
8
1408
5096
1239
7808
9427
4877
6799
8542
8265
1462
8084
769
3723
4499
4680
8439
3427
8592
6155
2211
7948
5396
2861
2986
8757
3395
7631
6587
2292
2240
6674
9
6615
1059
8609
2470
4133
3683
2091
3677
5587
3136
6264
2492
2915
847
4797
301
279
1619
9178
5359
4579
3236
7072
6117
9937
2463
4720
875
5614
9194
9311
8353
4289
7634
8197
7238
139
1187
6885
8529
3721
3747
9335
6446
2951
4411
5377
1428
3008
3859
1060
15
5536
9241
7603
1151
9738
6590
6126
7052
2501
765
2380
4772
8625
8601
1431
4963
5320
9938
7841
9358
5839
1523
629
1180
1067
7147
1240
4817
9121
6245
1135
5288
5414
3639
7610
1436
197
6196
9213
7779
7967
2350
3279
1912
2316
75
2475
515
8687
1523
5700
6711
2792
1060
6166
4824
3123
5153
9015
6776
3198
334
5325
5180
8328
880
7705
207
1189
8277
5856
2179
2878
6304
9339
6687
5909
3150
2916
7625
9270
4266
7009
7009
6489
6889
7853
5112
7315
5956
8305
7292
3053
7120
4274
4305
1516
6987
900
8813
287
1140
9773
2352
1128
1031
1956
8013
6353
9685
9735
3322
16
4668
4220
1168
5077
3832
1215
4127
6480
9381
6811
8626
9631
1680
5796
8314
5941
6009
7904
1257
5079
8727
2678
8366
8879
2824
8974
5176
9939
7795
9448
3528
2193
5357
5161
6679
1761
1620
5441
4465
1756
3050
4615
9917
2234
2194
9813
3835
759
2976
6096
9337
5695
2688
5568
3553
4457
7815
5518
674
1728
4269
9307
4489
92
9359
8045
8747
7184
8192
5940
5538
1196
775
8779
2723
6530
2089
1146
4072
9254
7844
8857
4222
8046
533
7071
9229
4777
3974
9559
9247
4780
5608
2660
4543
2583
72
9499
3936
1799
9025
303
2103
6084
7327
5339
6342
4234
9147
3975
7557
5109
1336
3165
399
9830
7064
3398
3367
3363
6875
3102
3141
8570
1526
5142
7008
6981
3900
6376
7337
3689
7836
2164
7650
3144
5174
7017
9354
183
8795
6848
3511
8266
848
4722
2398
4684
6222
4298
4097
9498
7386
6341
8133
7343
4380
5846
7999
3162
350
2342
6843
8139
1555
1176
5305
3517
289
107
3781
7420
4236
8425
6576
6648
3777
4172
4832
3571
9995
9791
1761
7892
8406
3794
5814
222
5518
4856
8193
7418
3986
1899
3642
2656
5739
1839
9119
7621
9107
836
4504
8734
6308
8357
2886
6403
9022
2605
7928
2543
8676
1961
3898
9732
4611
7049
4730
6795
7680
2112
344
1961
8301
122
9001
4685
2488
1133
1112
2325
2672
4424
9562
8097
3813
5257
9964
31
2267
4523
3659
4917
762
7532
672
1294
5702
5836
614
811
550
8865
9801
7819
1442
7944
5389
1125
9614
8662
4936
3874
4637
4572
6509
8424
7108
8857
9718
2896
2269
5609
5485
9945
4340
1035
4183
5830
7250
4785
3598
5698
3299
720
4553
7028
3046
5047
1994
9597
3265
1949
4468
414
9278
3875
9654
311
2293
200
1752
4922
9031
7835
8818
366
7157
8635
3492
2192
1403
379
9909
9139
413
3953
5435
6328
4684
5597
115
8809
36
3303
2670
4063
4181
4545
793
7907
7708
3324
7879
5265
4750
3158
8621
2809
3585
3488
5545
1200
2358
5358
1632
1235
2486
8952
7635
9339
2232
510
4845
8908
653
8312
7148
1495
249
2891
2441
7520
5501
2135
597
9337
2181
5357
5026
845
3115
3646
2636
4154
55
7919
9874
9013
436
6937
3429
5649
223
7276
5548
5402
430
372
4208
3260
9067
4099
4699
4433
2924
9854
2776
3527
9425
468
7975
1583
3849
4201
5760
978
9456
7409
4241
1822
8329
4743
9733
8382
4340
9037
1811
2120
4013
4958
1376
8784
3137
9839
9074
5978
5869
9877
4003
3901
7541
9952
4334
5042
5629
2788
4505
7804
9816
4824
302
3073
5850
4647
5128
2326
9548
8372
87
8810
6076
7355
2064
7529
1582
627
5939
2816
244
7439
970
8144
7285
8803
1340
5307
4652
2164
3787
9596
7760
9800
5136
1923
1404
8605
3456
542
2842
3174
3787
355
6176
7295
6930
297
5063
9377
9074
119
1252
9057
7105
6068
4214
51
6164
4334
5019
9789
3466
4918
8606
4294
9913
8600
3777
2125
6899
3288
562
5349
2436
5224
4158
702
107
4806
767
4191
6419
5202
9443
5471
8125
8765
1019
1364
1803
6718
7980
707
9275
6686
2309
2629
3390
6019
6334
3498
5748
9209
9513
3495
8742
2828
1592
7531
6576
8835
6603
8544
8857
470
1955
2493
5072
4448
9176
5464
6389
7935
6372
1209
401
6952
1290
3769
1506
5048
3414
7129
2935
5062
2643
160
8373
5524
3651
8348
9940
7507
4526
6377
3449
4566
8778
8751
3152
6703
1474
4421
9637
6374
6871
3092
5551
9304
4784
8199
2346
7004
1967
4926
800
8641
8530
9426
1300
7763
4434
5363
8650
7340
6716
2701
6454
2615
8666
1592
9120
3903
1965
9503
9200
599
4472
6680
4859
6371
2236
5954
6394
5203
1740
2861
4500
2143
4492
8275
1256
5294
2603
7621
3449
8881
890
2624
9045
3596
1960
6110
9748
85
5035
4088
5914
7701
9517
105
9192
2235
6049
9390
1206
1040
7056
874
9285
9541
2549
2726
2292
2456
6817
3221
2434
710
8459
7910
7274
1530
5768
4083
8976
3459
9203
262
5302
8644
9641
1819
6379
1589
2435
6160
5025
5479
9985
6184
2793
2629
2784
6815
8861
1286
7143
2297
9114
8382
6420
9124
5672
9076
3342
9003
7896
9919
9078
8460
8921
6585
5087
4769
1190
1222
5143
7866
4816
2365
1313
4540
6611
149
4033
9187
4759
7899
5075
9603
8086
8383
200
6124
644
5071
2990
4412
7072
5115
4762
3630
4662
3128
2725
288
8463
4592
240
2450
2294
6198
8454
6634
23
6519
6429
2517
4774
556
7879
4216
1928
4316
235
2517
7362
9887
1307
7496
8989
7069
6707
7025
6899
5540
3293
2572
3753
7800
5411
9676
5320
2677
2914
7046
5865
3649
455
5833
8845
8780
4265
7084
2902
1625
7746
2912
4694
7430
5947
6948
946
9927
8003
40
6530
3106
8300
4889
6184
4995
4899
4810
938
2767
4826
6468
2205
469
2451
5332
9744
2272
3435
6626
2339
1978
592
5907
7283
9563
5281
6084
1859
1087
9441
4631
2631
533
8391
2602
1536
9763
6260
4466
9183
4119
8674
1991
4248
4729
7446
8905
4213
9932
5458
2064
7539
7939
7386
8113
4717
2560
2320
3740
7492
6759
1982
6594
4008
8866
416
9684
229
7726
5467
3463
6780
1426
6206
9732
5709
1567
4787
2812
2206
4211
7730
1272
9883
1768
4387
4846
6090
5178
9997
6911
4313
8069
128
3662
6118
6972
5980
5003
4731
9702
8412
7373
7013
483
1490
927
9599
6109
3935
3825
5008
6394
175
9071
6925
5581
9839
6334
7052
7692
9757
9411
6246
1132
9995
110
2248
2424
6798
7379
6327
9729
5225
6217
5837
7663
4785
2251
3764
5670
7517
6349
1454
2740
9933
4505
9359
1862
5555
5174
2263
2666
690
2954
3696
4015
1106
5238
2880
5657
716
5824
7659
1761
5592
6414
6057
2025
577
3262
543
1389
7250
1363
7613
5205
5856
2329
3715
8983
6883
249
3041
3993
7393
8984
5465
6740
3721
5659
1203
2580
9129
3269
6525
6764
1469
1312
9501
8374
8885
6170
2005
1240
2657
9271
5393
6546
4379
660
8991
3556
3569
9068
9580
7533
126
6579
9303
1806
1636
511
2101
9645
3993
1703
8144
2949
8907
7140
8204
7546
7088
5444
2952
7994
9006
4829
4733
9183
1300
126
9142
2257
8067
5745
9196
1913
173
1901
7229
6945
648
8729
5641
7239
1775
2682
7736
1935
3638
1181
8059
2104
5031
4464
4094
4919
6158
314
9190
9391
1533
5531
6669
1299
1085
3758
87
6466
1970
3740
5711
6385
5193
7338
3924
2022
8880
8306
5226
768
4003
911
7950
5620
7935
3633
6505
1843
7572
9953
6864
1479
188
9967
4774
92
2818
2455
8399
8251
3136
9777
4402
2705
4170
3704
3369
2991
4833
1218
1192
7963
3989
2526
408
3843
3530
9197
31
9889
4821
6246
2142
1066
8787
2381
4391
4321
1430
7518
8936
5401
1405
3411
8776
8967
7775
7862
4957
1894
580
2368
7656
3652
9968
2319
4926
265
7821
934
4739
7527
6724
5662
6309
1053
9287
1114
6002
4022
8030
5193
7415
495
2028
5893
5799
3190
8109
1496
3428
2910
9150
2254
9165
2942
6601
5557
7507
2633
9660
5025
5369
8808
5877
8108
3561
3860
5004
5482
4573
4848
8077
9387
7296
8370
1264
5370
9026
4994
663
5250
9153
9387
6835
65
4251
7711
4675
4692
2749
3992
1243
9313
3430
9400
6157
2132
5885
8241
9334
2513
5627
1505
8343
1848
5335
3958
3054
5719
6733
7295
4177
793
1546
1602
375
7116
2598
1738
819
8593
3102
8185
126
3868
2284
7515
9375
9306
8758
8859
5033
7955
8080
4382
7601
2389
2655
93
8123
9696
2188
6513
9616
9456
2432
3463
1966
1829
7042
6163
5500
5694
4314
3536
8104
2180
8001
5333
4799
4339
7591
4756
2233
8915
2817
5772
1918
3941
8317
8878
9913
3640
2355
2428
5623
9276
7450
6589
2972
5358
9651
7214
195
1825
8054
7475
2431
238
9672
4378
6882
8146
6758
6128
7833
1590
6944
3613
3683
492
1797
8539
5661
6373
8870
1012
7691
2127
2682
9689
9108
1596
5214
3439
2843
1950
9766
9203
9429
8126
3605
3278
3148
987
309
9188
111
5216
8515
4023
7123
6207
1738
200
3483
8009
970
5149
4623
335
3093
9774
4332
403
2454
1562
584
5639
8302
6023
4096
3143
9692
3126
8400
2339
6216
6484
2814
2052
9629
524
3779
5536
2801
6506
3527
4729
3394
9276
7080
543
670
4337
1606
7094
1839
9139
9967
6466
4433
2416
210
8159
2593
1444
9218
6237
4884
8019
9881
7112
9874
3698
1894
8165
3117
149
1620
7929
961
5427
5049
3412
6250
3349
616
3402
2877
3950
8083
658
1956
1717
1968
1480
2393
2125
1943
7005
3197
661
9781
4990
1926
1307
4816
4130
5379
604
4280
5804
9758
9687
1990
3409
2813
9519
6948
4563
6116
9375
1048
492
6858
1480
6942
199
2774
7493
7298
4103
3655
1056
2231
6315
9245
6957
3190
4585
9607
4420
7030
9192
522
8156
4388
4298
5162
2147
4447
8005
7464
3674
2595
7891
1784
3325
8801
5871
7726
9984
5927
2768
6213
3045
1697
1299
8635
4763
9931
3696
1997
4656
5025
3615
8650
4262
5958
1203
7558
8164
4573
8980
1806
787
4600
59
1266
9
8650
966
6708
7843
315
2011
1820
4266
4360
6681
4085
6072
6292
1578
2872
5637
4287
4645
9107
5594
5632
1889
3957
2310
3522
6035
3272
8686
8537
6136
6844
735
5200
9534
1996
304
7873
6524
2991
9827
7264
1411
1694
7738
3284
1196
6253
6854
2530
5696
6183
3834
7367
151
9034
5438
9874
2488
9532
9120
8877
9663
7417
7220
2598
7708
4490
3276
3934
6072
7972
691
1741
2195
5066
6084
7023
3481
3807
424
1423
3843
1692
7051
3727
2073
3578
8176
2833
4085
9085
9627
2933
3826
1374
1644
5328
2884
7107
4508
7669
4066
5580
4559
9154
4142
6381
3241
378
3701
5955
4046
6682
6193
1781
9554
3179
9803
1609
1087
51
8206
4335
7764
9831
6984
4894
8186
4433
8266
1225
5474
5338
110
6350
7802
5381
3031
4155
5663
1112
1588
1005
5629
6887
4287
9350
4097
9279
898
4570
6415
5099
73
375
3007
3351
6498
958
9971
5263
4337
7074
1124
5394
5376
5292
2729
3961
2804
2216
5817
8350
2587
8736
8008
6490
6337
2387
9902
7215
9777
3602
9973
9119
7784
3319
2753
2807
7446
6546
6890
4780
5566
9873
7156
3744
6413
7307
1184
4465
6311
9961
7947
8111
2044
9185
3572
2951
9258
7089
4779
3184
2988
6181
3797
8465
5312
9637
588
8766
455
5005
3427
1341
1333
7210
5976
873
24
5982
4546
5763
1413
993
5129
1759
2286
8708
8852
9010
5839
2178
7662
3830
5512
4486
9762
5591
3381
7859
5830
557
4409
132
3716
8503
1274
417
6786
8176
9285
6922
8179
2737
338
4931
5927
819
8162
1244
9149
5439
885
8140
3353
4867
4648
1786
5857
4163
5595
4935
1681
266
1121
2027
8350
8588
9312
3402
7752
8858
633
4467
4984
8848
3441
7605
6809
3758
9006
3087
7587
7169
2365
4002
4162
4366
4944
7716
1525
3770
2453
2132
9378
4057
7441
8997
3031
8529
9405
7370
5132
5338
6678
4700
1637
6612
6232
6171
5107
7381
5541
8510
4201
8014
2494
1736
9979
3320
580
5354
2019
6976
2377
9359
5294
7261
5824
2183
7203
3578
6323
5827
6372
9460
1858
7386
2045
6753
9849
8151
9625
7355
1307
1488
2291
520
8395
4562
8074
8183
5273
7998
9246
5145
3449
6202
6855
6810
3263
3653
742
4235
8150
3467
1794
973
161
1361
1732
2443
1289
3518
8015
2532
1748
5559
6438
84
8103
2869
1330
2575
9634
8692
4203
1081
9338
8682
2371
5540
6676
8850
3474
3751
8412
6405
8620
4216
7573
8037
6735
6806
603
5285
3689
8405
645
8023
2502
4886
3463
8627
9718
8115
4163
3105
4957
9620
4175
6372
9541
8433
8674
7107
9102
7092
1671
757
4405
5913
4724
4713
6946
6454
2437
5839
4091
8817
8673
4054
4694
2914
1055
6482
3052
3623
6993
4201
5529
446
6205
7115
8000
8018
8829
9340
3708
340
2413
8928
97
2933
6130
1409
4096
6398
7241
8144
7561
5053
8365
9718
8155
5756
4610
8741
5207
4255
5503
7568
7363
3322
6617
1043
5962
4429
4265
3680
1504
9933
1040
3416
5219
7504
5041
211
2302
2884
7772
7276
9671
476
6731
6683
9672
3000
3574
6224
8555
3600
8097
8537
7230
5678
6325
1376
7238
7317
3291
2884
5983
1265
3156
9155
6321
6988
7607
1905
9599
3002
8914
8583
985
5251
5233
6778
5666
9882
1389
5719
8108
1246
5259
6313
3262
1660
2533
998
2359
3359
5398
4268
8301
1718
3263
4307
2142
5584
9927
1359
7576
7638
4543
4421
9700
4724
6339
9175
4668
6358
6284
8702
2349
8588
6306
3539
3640
1657
4063
9210
83
1982
6191
2235
9309
8590
3491
5006
2862
4349
9957
7491
9164
5914
4070
2923
5706
4374
4851
9190
1531
4960
4486
3018
5412
6590
8121
2876
9888
6122
101
5327
3933
6678
3272
8870
5171
4974
4053
2327
2549
9385
2182
3855
7360
3659
8860
5340
5888
7466
6647
6058
850
2779
9585
7709
660
6377
8644
8072
937
1617
3260
8808
8185
7244
5175
9825
2036
5130
6969
4834
1911
5639
8077
5591
5623
7149
7381
7307
4490
6455
8658
1512
6582
6700
1615
4461
8193
4352
584
1227
8151
2931
3224
2587
8890
2196
4080
7327
2532
1446
5971
3492
728
8044
3934
3345
8390
8164
6453
5854
6605
1806
8840
852
746
5592
1349
5709
239
2983
7991
776
3952
1188
9293
4683
7990
5760
3205
2133
3078
8197
630
8495
6940
43
4477
8126
3264
9604
9599
1273
5659
4437
2926
1297
8579
9393
1607
8545
5874
9763
4008
9443
8565
2488
814
3965
6112
1270
956
8134
7615
8653
9368
8345
2583
7561
9247
3157
4138
8081
6905
7566
506
175
9399
6356
7109
8684
121
2589
1742
6295
7004
82
6732
4306
9216
4323
3868
3850
1368
9432
9442
2625
8571
7445
157
3193
3831
3816
8824
7887
5493
338
1100
529
