3450
2594
2623
3318
8807
6852
1795
7320
6674
18
3315
1208
3158
8785
5887
9844
216
892
2038
6091
1672
6935
6726
4285
2228
1905
5023
3966
3224
2407
6293
9734
8160
8767
2532
6744
7102
7047
6926
2701
6182
1482
8544
7996
7478
5292
6083
1097
7875
8931
9533
8311
1567
8370
2760
3803
1511
9218
9547
2767
6729
9359
8484
9871
3986
2733
6215
7571
2053
3526
6064
4521
3752
8241
564
9423
937
9583
2165
3290
1390
2325
1605
7862
7849
6786
7826
7035
6986
9868
1744
5896
4030
6987
6020
2526
2550
9105
4668
8028
5170
8660
556
4562
6300
5738
7555
1876
6658
5072
284
9437
3291
8263
4064
4621
5450
4331
6617
7841
7744
3617
6194
3614
9772
2093
9482
6841
9470
1597
5111
5301
1737
4790
2663
9242
3862
8921
4513
2799
1397
1409
3082
8981
4047
4827
4788
1551
9639
5730
5841
7393
7646
3815
1381
356
5078
6026
2809
7059
3102
567
5052
8837
6380
4639
3732
8247
7274
4930
6946
3237
9847
5990
7283
3749
1197
3255
7507
4737
7042
6859
1053
8127
2072
6080
2669
9470
7872
4677
8150
3391
6700
9026
3967
8750
6081
2628
5016
2027
2843
2489
4810
5817
8314
6212
1261
8179
5403
7694
6019
4502
1506
538
8801
63
1506
1090
78
1729
7007
2035
660
9698
2170
5314
9140
8692
5148
2297
5782
4219
1374
2531
1469
9184
7589
2415
2521
9025
8187
5364
7926
1202
2824
9346
626
6724
1328
3968
236
5792
9445
3576
5080
8993
9837
9787
2767
1723
4111
1922
8659
4700
3239
1874
2208
3533
7881
9947
6125
292
3890
8813
8802
9146
8425
2008
6148
4372
4101
1294
5964
1376
7480
2263
4149
1294
8041
9921
4980
1576
3296
7058
2146
1328
7802
8956
8581
7876
1196
9083
3021
2240
2244
2094
1290
4369
9818
7743
3290
8129
8758
2017
4496
6260
9004
9797
560
6606
7922
2137
2727
5855
9362
1278
2376
7740
7946
1796
2321
6650
9425
8532
6604
7369
7172
5513
6513
6076
6447
8780
6777
8593
2407
3275
1581
5057
6995
2358
8045
2949
3323
4870
3628
1234
3817
4905
969
4291
4492
8014
7784
883
5276
6105
2847
7779
6087
5124
3133
862
6202
5299
4708
8166
9035
7426
9623
7354
179
1597
9647
8567
3305
7291
280
4936
1802
8168
9432
9643
3828
5198
8543
2097
2577
4608
2169
5858
7298
5378
5057
7083
5105
2184
1520
3285
8008
8441
6291
4787
2895
4591
538
136
4240
350
2237
1026
8248
4111
2489
9271
5430
6153
6168
7386
4005
3130
2303
1882
6966
3815
3152
2008
4583
3742
6320
3666
6880
7748
3523
5729
2492
7280
9907
8795
1812
1570
7504
5702
5255
3346
4177
4362
7190
4369
4921
8034
5355
9918
7364
3871
6890
679
8320
872
5216
6457
313
6497
3880
4039
8765
9847
7821
1459
6446
4886
7193
284
9941
1048
2251
7620
5700
5066
9687
6268
2276
7420
7368
5230
1565
1780
3713
5159
5044
3312
2545
783
1486
4950
6596
2390
2131
9210
4310
9725
1966
7804
2994
7694
7937
3178
9257
9689
7813
2361
5566
1901
3598
6252
2206
7535
77
8415
7070
8313
3472
9811
2172
7186
6500
8933
327
6534
7563
6813
5547
3970
9560
5376
8116
2654
8182
9811
6580
6599
8617
509
3263
5944
8060
6951
5603
4292
8057
8322
118
5459
1976
8357
1400
9479
783
5570
7111
441
8151
7748
2384
3717
8127
3079
7651
2399
1529
452
9248
6560
3171
2712
4078
2689
6816
7248
5675
5122
8837
2594
2637
6056
5536
2875
7446
641
4882
5569
3590
9413
7213
6980
5850
9771
4968
5350
4515
8052
3007
5891
1778
9241
2167
5599
9951
4028
8096
2939
2680
8621
1908
9636
2870
2108
9196
4568
2204
4853
7265
2965
505
8589
3535
6240
284
8647
2982
4975
3431
3204
2282
3140
6605
1413
9595
5030
3637
9550
1583
8909
5456
8984
5610
6554
7351
2435
1808
3281
1821
391
8785
8052
9955
1093
7907
8221
283
5023
2286
1879
7461
80
9920
5081
5557
601
9584
1665
5941
4345
2544
3897
6214
7912
556
5577
8642
7089
9440
9881
2685
5898
9942
9088
7114
769
4635
8254
4218
1317
8323
3506
8767
6909
2323
1929
5118
7737
4957
5156
4531
4211
9849
1652
3646
9153
8574
5557
4588
7643
9072
1492
2369
4819
5347
7198
1600
1845
7997
5047
2509
6237
8858
260
41
3824
7065
2917
6493
7816
9412
7970
4274
9503
4541
417
9117
1031
7923
8626
9256
5987
1956
3975
5083
9558
4508
5587
3178
8726
8268
7021
5176
6812
6518
529
297
3595
7717
627
6629
379
3305
3505
9160
161
6895
7045
1030
5261
9440
5459
8908
3343
2672
3733
4801
2854
8998
5457
764
8935
9980
531
6847
3030
3052
3596
7537
9028
5546
8247
1466
8118
2129
6404
7623
1021
3093
2963
8637
103
2600
2990
6954
4258
6088
5827
311
9960
7701
4493
8586
2668
5984
2750
1991
6783
895
251
7686
6126
2478
4180
2849
4364
7759
6222
2980
2888
498
5711
8743
2507
7103
6262
5831
7168
7312
6820
1328
8720
6684
283
6471
9961
4814
1841
2195
842
7396
6816
396
3101
1731
6638
1180
5874
4984
1668
6451
6724
538
7870
6182
6475
8843
7198
5031
1709
2124
9468
8559
577
2560
1582
8232
6354
8313
32
6248
7548
5407
5937
7463
7734
4447
1242
9169
6508
6336
7115
6231
4423
3025
5075
32
7595
5037
8459
5230
830
9713
7552
7531
3136
468
3836
3233
5227
7973
9392
9688
3752
8291
2544
827
8811
4805
1179
4836
7837
442
3333
1734
6340
2666
3315
9945
9329
6588
9618
335
6005
8465
5252
2581
3521
2845
6056
6998
1336
6262
2388
2569
195
2372
6706
1419
8754
1129
4965
199
8890
4906
6983
4002
5407
5131
6256
5507
3695
5817
6661
2927
3608
4065
314
5699
2599
5518
69
3242
9262
7344
561
8447
3489
967
7883
9356
1006
4542
5949
1120
5654
2837
4197
1296
4364
1655
4433
1140
4409
619
3817
7618
1674
8885
4600
4584
695
9180
4905
226
4816
9271
6090
8060
5110
6672
8895
2274
4275
2794
7398
4451
4999
2015
6563
1667
6048
7794
9176
6719
85
3044
3170
9564
3231
7330
994
1768
9700
2651
5302
6898
5954
7455
1604
470
7717
8194
5762
9600
9653
4336
1349
4706
7534
5003
1333
5297
7485
8016
6521
7513
2580
7000
3076
4672
3675
1530
4987
8632
9508
701
8065
6878
2056
1244
1938
9008
9298
722
6440
4844
2696
1092
205
7107
5842
1902
7550
3004
5417
4309
1272
5125
8941
4988
2483
5780
7538
7459
9111
3995
1528
1785
2542
3178
7302
9202
5896
9150
51
7187
9893
7592
272
2554
5747
6361
693
395
1812
7097
4679
8053
5626
5991
7666
1236
3106
394
7289
9759
2859
6661
5847
7617
8129
6297
2417
1141
7259
2149
1802
3194
413
5289
9666
9382
4538
3832
3452
4791
4665
6636
5179
1316
2547
7363
8568
7395
7639
2902
9890
6867
4506
2667
2627
3609
8478
8336
4971
4137
382
5992
2748
954
9699
7427
1505
5628
1686
3029
1195
6949
2867
3272
2809
4934
7222
9773
8723
1117
4740
4446
2563
7556
1257
5407
5265
4678
2857
6963
7242
3666
453
1307
1084
8648
4877
7753
3057
3168
1820
9011
5173
6202
7684
2323
8821
5328
9751
5226
2950
2599
6543
5493
3599
4245
6699
1544
2517
268
2326
1750
8977
484
9285
2707
431
679
5341
3361
6422
9350
303
6118
3759
8329
5665
6303
4083
3380
7674
9165
8630
7653
2938
5262
3322
8553
4692
599
5890
7326
3065
8605
420
739
225
1427
4969
1596
7304
6381
6020
3202
9908
434
7100
3655
5199
3697
5448
2055
7845
8171
5862
7802
2842
7374
4569
6326
7049
2097
8717
6145
7349
5499
8359
8308
8734
4351
4605
3482
819
1746
159
5672
3006
4348
593
3256
1072
7356
4295
9853
1097
7782
8316
4203
3188
9768
3438
5022
9405
4763
2377
632
9664
9125
7150
8473
2895
7035
1616
8902
848
9187
1900
9500
6641
6663
4786
8750
9417
1910
6244
5579
1420
1460
5897
7771
6778
4242
8495
1399
7236
2185
7851
4024
5180
2031
8990
183
9593
5948
8262
148
9876
3190
2109
3939
5826
1160
323
336
9709
9857
9395
1779
3585
1561
2580
7470
8689
9566
4014
6964
67
1485
1591
8212
2431
1373
8217
6946
5215
8100
9522
9319
1043
957
56
4511
7828
2593
4855
6512
1746
2898
3736
4906
685
7799
2399
9530
5180
577
3441
200
7710
9405
9552
2161
6459
2866
533
9951
8373
6506
9513
7539
7280
6317
3488
3157
6571
200
5938
7458
5899
2205
1911
3205
8243
6788
5199
3872
6689
6127
4187
1977
9160
4092
1899
8402
3461
1763
5989
3472
800
2079
3023
6765
1793
7178
1657
3417
4380
8640
4826
2940
9419
8262
85
502
8359
6355
2311
3239
499
428
7104
9482
9877
1598
3980
4156
5089
1732
7965
619
3779
3001
7079
9913
201
9863
6888
5056
9243
5502
8257
2911
4136
9648
5701
9490
3006
7289
1165
5057
9381
6907
3781
8879
4553
7144
9863
8642
4115
3465
5922
3250
4771
2539
3174
1690
251
1465
8271
6428
363
1780
1020
769
6548
704
3579
9022
1131
9864
6994
4114
2621
1682
3916
2844
9081
8380
7551
553
7999
4966
6710
2235
9443
9737
9392
9509
2253
9205
2020
4530
7472
9736
8398
4838
6613
586
8779
9260
5731
3334
8077
7983
8413
9667
2283
7636
8009
6129
1352
9828
8408
6846
8975
3640
5655
328
2376
2525
1793
6733
8537
5495
4654
9262
1148
1553
7981
8626
633
9778
4729
1830
9952
2427
5131
7603
9541
2477
6732
760
7688
5944
2164
246
1391
2559
2164
5099
8259
631
4812
3925
7908
5469
4410
680
362
4183
5169
8379
8009
6450
1954
1597
9392
379
2073
4997
622
9274
934
647
3585
7929
7318
7186
4940
7458
3613
2134
724
9814
6851
2675
1288
9242
2584
5116
7691
2299
4885
8794
8576
2242
9905
5454
1952
7251
3548
9406
8042
63
1579
5313
6728
7930
657
4230
5497
4871
1191
4621
3441
3823
9240
2521
6938
3840
5291
5885
5332
6786
6989
8660
3760
9493
42
2237
2101
8998
9864
6931
6429
4928
6464
7818
896
2991
5754
3301
5739
6368
1461
8069
4220
4901
8528
6876
8636
3397
1303
8400
5017
2079
5965
4522
4063
686
2978
1710
4099
8280
9761
9621
7260
8449
7193
3863
9438
9565
6086
7572
196
1411
4507
9441
9897
9069
8254
3552
6035
875
1841
967
541
983
2968
7427
7360
7891
9836
3382
1805
8783
5163
939
2233
7574
6233
938
7654
6104
8695
1671
6922
6947
8366
3813
237
5882
8552
1416
6324
5656
8652
4232
8229
2381
9332
5697
3095
9863
9052
7400
1128
460
201
8
506
4372
8708
7721
5099
8387
4818
6274
5823
9364
881
5782
6076
1793
9041
410
9842
9742
9372
1510
4581
9638
2404
8426
2984
4174
5975
3688
456
7413
3377
8255
786
6557
5087
9176
8562
7523
923
8649
3737
361
4457
8263
7562
821
4013
6744
9585
8883
3062
9398
224
950
5547
6896
4904
2411
2625
8698
9136
3982
1286
5925
7413
198
4013
5418
9551
4331
8598
8527
6987
5176
5273
6172
4746
587
5503
3351
5605
4202
6669
3179
7147
2272
8718
8471
4233
4996
2012
7699
4069
5354
75
1918
4007
195
6978
2642
9749
6400
9447
5465
6217
7556
4581
9257
33
3767
5948
4571
6130
7798
9782
1433
4250
6664
5906
181
4737
8124
1678
86
571
8974
3877
2429
7453
9288
6787
9703
5449
5989
6945
3291
6824
609
818
2515
9458
5036
6841
2439
749
3453
2196
6388
7936
803
1385
3004
547
7623
7323
1175
6885
2349
969
5752
3913
4841
5155
1210
8190
2495
9658
1449
8010
1699
7443
6701
2050
1550
9800
4512
9369
9410
2476
8881
2786
5205
9064
4097
6739
9529
2822
2427
2024
5436
4201
2225
5313
4155
3159
9937
3434
4001
9653
8966
7573
6046
7949
2779
1797
5267
6222
2346
8777
6265
6624
947
2804
7969
3475
4184
1957
150
8579
3685
7256
6462
1866
7645
7848
7552
2578
2223
7327
5968
2277
5320
3291
598
2947
3761
9455
4332
5823
2457
9571
6118
9511
7614
2745
3051
1150
1941
5038
3922
4503
8313
104
6104
7424
880
7186
3645
6569
6200
9617
1839
2895
4737
5714
3903
9018
5892
5075
5247
8351
1585
5962
7644
3698
1607
4486
2185
5405
6379
8272
2513
3893
348
3629
1454
479
6701
1235
8727
3935
9377
1013
4435
2280
6581
9181
29
7749
871
3206
8816
6770
7141
3379
9729
8328
8320
4414
7676
7859
2576
1969
775
9378
3728
8347
99
5803
6601
2431
1984
6248
6333
5871
4672
8962
9178
8017
116
8424
5663
6107
5922
1852
7370
2592
5608
9050
8175
8695
8730
662
1622
7412
4888
7873
4363
7669
3179
3607
5641
2875
6606
3289
2256
2851
1065
9426
530
9072
7160
8072
5102
7623
3322
128
2228
3271
3685
718
3832
2130
2423
40
2289
2877
7352
3942
8865
4912
2075
5033
3630
3578
483
3909
8223
2788
9266
6892
4371
8496
1133
3528
2090
8030
3979
5012
3031
3370
6156
2887
189
5846
7254
5023
7735
64
4171
3126
5172
3007
551
1716
7887
9391
5381
7104
5148
5479
5216
1716
4991
2275
2871
8844
4231
355
1882
7626
119
8767
2545
906
2900
6805
3116
5725
2970
8865
5237
5428
6202
3080
4994
9627
7486
8864
294
3103
3134
7199
2791
381
9978
5343
8170
249
759
4843
5050
8104
7399
489
7272
5226
4257
3444
9373
9511
6559
9844
554
5253
1862
7484
1056
4291
7329
8833
7868
4534
3942
6322
7770
3277
9978
6471
4298
8338
6048
1498
2080
9296
5852
8668
7797
9004
9350
9366
7467
9425
7546
1534
8718
2316
3965
5362
1094
8385
1946
9476
4057
7735
1705
3313
8190
1191
4593
655
7787
6748
4085
515
8768
6487
6746
8557
1132
8515
6905
5985
8941
8735
7551
7074
5830
7117
9505
3596
8952
8951
5341
5054
8147
5913
1228
3299
2774
1406
4372
6476
9922
6426
6954
923
3676
2097
9093
5966
114
9971
4029
518
2565
4101
9041
388
3956
3053
3320
7583
5545
650
7056
6740
477
7837
9107
298
3046
2520
7991
4592
7153
8961
8884
5350
3787
162
3296
4901
3577
1985
1990
1052
2295
9319
6886
6168
845
2016
8981
6335
9902
8622
9669
9497
7002
1225
3264
3211
8116
1687
110
2977
8397
1044
2278
1927
7327
3918
7152
1781
630
5248
7673
6949
3400
3225
9728
1154
7430
9336
4605
3055
186
8199
5233
3760
2384
721
7321
649
3953
1408
2540
6930
907
7047
4036
5155
9260
7753
2633
4562
1789
2453
9833
1862
1292
5471
2884
294
6577
7883
3251
7220
8290
6120
2328
1983
8146
5015
5009
217
7236
1447
2566
423
4653
3679
210
1198
9623
1319
559
3984
6786
8131
1850
9266
8534
4572
117
425
3283
6653
9051
1185
1705
5079
9214
7274
3012
465
364
7711
2735
9472
5392
7636
953
5455
821
7547
7092
2475
9446
5123
9242
1438
7392
9774
9018
182
6937
2478
2465
1473
2649
4779
852
3159
1254
6083
2777
4787
6207
9694
8918
7647
1038
8525
7713
4956
5840
3471
6342
5355
1553
9312
5431
8987
7296
2734
3150
9519
7234
3097
2653
6555
8594
5238
9911
7675
3622
3808
6951
9952
4748
5996
750
3480
5364
1063
682
8489
8631
7534
7938
4297
6757
2585
4254
2253
9229
8661
1011
8028
3461
1134
5661
9792
6633
7829
4996
1208
2736
5379
4929
8685
9194
298
7994
5679
1893
7380
9561
1946
2319
2379
8363
1147
7014
9220
5076
8809
2219
9737
1135
5954
9077
721
7427
4563
7666
7357
1378
1907
5688
1474
8123
1228
5578
4991
4239
9671
6950
3882
3761
7604
2667
1051
9878
8547
9848
2612
9467
3538
8559
1003
8198
1843
7240
2054
5781
8808
4546
7650
611
5166
3940
656
5961
8420
7618
589
8849
7318
875
7148
2085
986
6719
2338
7686
9174
5006
9357
6233
1788
9628
6930
8075
2100
9184
6994
5862
1556
1179
4504
9547
8638
4054
3489
2559
1254
6133
3064
7747
751
2680
2862
2059
2449
8767
5075
1648
7320
5549
9043
2224
876
3686
8672
4531
4633
3314
6711
1385
3066
948
386
8319
503
1763
7994
2673
7832
4311
2918
1593
8645
7136
5940
3173
5052
6672
6755
1527
7485
473
7115
8198
7861
8401
4937
2449
8550
2098
6171
2756
3375
2606
1652
6547
7293
4015
6253
3731
4910
1197
5929
2104
4733
4360
4626
1673
3631
101
4869
432
6137
6102
6151
4109
8508
7234
9907
4458
6190
2500
8769
8313
3510
8206
9284
410
8756
8942
6832
6329
6827
5481
8229
5508
7931
68
3085
2778
6511
8050
8910
8270
4000
1848
4813
3099
756
5148
4624
6802
6615
7867
2269
6894
4164
265
8612
7817
6736
36
5637
4327
4451
6705
480
1568
115
8200
5256
9035
1935
9356
7682
5974
4470
2978
736
4915
1009
1699
5572
7788
8723
5932
3267
822
8924
1891
6089
915
1092
5668
3538
6241
7978
2169
828
7041
3625
7048
3431
8946
7268
8838
2933
5276
6894
3977
20
1672
3304
748
7669
8060
8536
2987
1880
2101
8610
8046
9638
3053
2470
4579
538
7996
8806
308
8733
922
6545
6935
8222
3346
8321
9956
1818
194
2462
801
9853
9408
3053
4969
7957
871
3400
2284
5902
7151
987
6944
3344
2954
1032
1173
4946
618
1480
8965
5001
3312
2175
7498
4193
8543
2394
8634
1094
303
5896
8318
7727
7374
6370
1328
1016
5936
4009
371
731
3799
7114
3516
4779
5359
7584
7853
2748
5648
9446
5539
6194
7958
871
9477
3108
9917
5908
1837
1212
6773
1393
2051
3791
5013
3037
6885
611
8700
5101
7779
1330
6947
8484
7606
314
1455
8896
7985
6446
7378
6275
2831
2556
3697
1484
7868
2027
9568
3043
9888
1073
1961
30
3222
9791
331
3282
7450
7514
5071
5865
7521
8327
3654
1740
5059
3074
367
3533
4003
3274
2676
8804
5151
3965
6996
7876
4050
8075
9836
1801
6375
4569
6238
2225
8217
9269
3107
6436
4693
865
620
785
3473
8734
4196
6886
2710
9814
8674
939
9928
998
7771
4940
5398
6678
5156
1505
2109
5351
9108
4604
9095
5080
7544
4383
4065
3524
2337
5991
2442
3003
5256
4777
9270
1740
6193
6727
2627
1260
861
2910
4436
389
3433
5136
2520
3534
5076
3561
9535
5811
4318
9952
9395
7169
5484
1532
1857
1536
7577
3008
1435
6893
598
8772
2502
8307
3761
7090
4718
550
7923
1978
6442
3515
1716
2178
9018
8583
1993
8574
4829
403
7613
3208
799
3529
5310
7788
6303
2013
3566
1330
8814
667
6347
408
3187
9369
7976
5451
9532
552
7721
6643
9487
3181
9326
1945
5039
2470
823
405
1370
8763
4310
8456
6975
1827
8337
5522
1341
4800
7942
4801
6870
4760
298
8936
9186
1473
2362
7767
8608
7528
9027
5405
9575
4525
6892
582
9131
5903
6657
1474
6300
5520
8539
1237
8856
5044
9546
5060
3776
3595
8452
9938
1127
4409
8423
6999
5079
9263
7803
4522
5838
7175
5428
6699
9926
3313
8771
2784
5459
8325
6107
7065
2021
7860
5713
594
8525
6176
2428
2261
3787
3444
3388
6009
390
8257
1992
1099
7158
6359
9775
4983
2731
6220
6576
4931
128
5436
4965
8
2137
221
8618
8414
3786
2541
1740
7411
370
4666
6556
152
5348
8590
578
6104
6118
3270
8527
9046
6226
1997
3243
7970
5626
3673
1180
2407
9496
2162
1704
3444
3460
1562
2274
9925
2350
382
6352
3949
7115
7207
5101
3042
6221
9693
1354
86
1067
3177
9808
5165
1232
3493
1633
9072
463
2099
4508
9132
5652
1191
5198
8807
4997
9169
1462
8690
5671
7499
9537
4132
4189
9323
2372
6568
571
5061
4025
5812
4554
273
4528
6948
2468
9876
774
9652
6798
5854
3171
7687
134
3455
5821
7638
4353
2230
794
6504
1079
7800
8435
5978
6139
8617
3061
2796
3042
3947
1505
7784
7797
3568
9058
2287
7362
397
9614
674
1948
9325
9830
7722
1938
7486
5336
1380
3981
3901
4532
8653
963
1145
3691
9381
3145
1510
5155
5043
6262
5617
3735
5701
7778
5835
8155
9922
3261
7044
6845
6431
7340
1333
1528
2842
7150
7769
2914
7366
5997
8361
8613
7891
3519
67
9099
9545
6060
6230
98
4097
5354
4269
735
6096
2117
3237
5663
4113
1738
4509
7960
2142
3922
8457
782
2507
140
7011
9617
2175
5283
6655
5492
5199
4303
8632
3288
5897
5191
5644
7431
378
3988
2290
4093
1052
2336
6675
7041
9824
4477
3340
9025
2404
6131
1006
171
7265
865
5104
5176
2307
7557
2578
1570
326
9206
686
2935
1129
6542
7165
4918
4930
6614
8548
2613
1758
5577
185
2709
7539
6218
4197
2781
7156
5986
3320
6980
4544
4673
3892
3371
471
7350
3703
6502
8154
4585
8344
3546
7598
166
9917
3970
9052
5764
2327
1116
217
5507
8347
512
9533
7397
4349
6049
4850
3731
1307
3228
5755
7264
4851
5117
1886
8250
6914
3329
5808
7868
4586
4358
75
3137
9791
4335
878
1076
8511
2324
1073
1683
3580
8998
5780
2897
5271
4863
2195
4138
5130
4808
2328
7569
1
3796
8909
7782
6502
4954
3692
4499
569
1872
581
8293
5416
2194
1531
6072
9488
3794
1723
6347
1376
3466
4954
2387
6135
1741
2986
5836
8314
2363
4809
5913
195
3699
2023
636
296
4275
5505
9826
7847
7370
1327
8534
8364
5631
9174
325
6415
8875
7946
1441
3661
7425
5892
415
4753
4445
4332
6988
1998
6682
6308
908
6635
6254
1040
7619
1996
1472
9493
972
5450
3082
5965
9590
5214
3641
5348
5727
2607
7169
3235
3993
8325
6686
1575
8905
8057
6885
2092
7774
2779
5016
6299
686
5311
8425
5373
3884
8838
2262
9483
9190
1860
6098
8260
8363
4803
4277
4602
7194
4532
8217
121
773
9597
8053
725
7652
979
4087
9935
3814
9477
8266
3363
2995
9938
7000
1681
5469
57
5176
6342
3828
1723
8104
6231
8776
6255
5382
1946
9369
9522
8200
7777
2283
2696
5244
1939
1814
5684
6729
440
8025
7007
6260
4640
9502
9832
4239
5313
5241
1497
6987
7340
3386
1234
4623
2779
9682
4213
5409
5369
6818
957
3632
8093
9646
7563
5620
7317
8209
7438
2446
1579
4490
6478
4025
7734
852
3462
5762
5344
788
5612
8099
1455
9819
3662
5610
5427
2859
2026
7769
6171
3863
5705
7959
8980
2595
4170
6996
3086
6858
1783
7513
8893
3470
5222
7918
4057
8633
6926
5205
1650
7011
8548
4323
3413
4525
1665
7455
8083
2249
5777
3379
2596
2381
6331
672
471
8604
8664
5246
5268
7684
7394
848
1281
3831
3866
9094
9085
5393
5414
9356
3820
6312
9797
384
8256
3106
6224
6193
3680
6928
3568
1330
5752
3959
3670
5678
7372
8527
8394
7398
3146
2453
8355
5670
6011
267
5103
4133
5814
1567
5937
4523
7378
4313
9061
3453
1941
4398
6832
4835
7885
2482
3752
459
4362
1642
5117
3015
6471
4320
8708
1889
9667
1871
4958
1598
176
4285
5033
2064
5255
7625
6691
5270
9270
5866
1078
7470
5176
5703
6532
6635
4639
7205
1264
6338
3568
6171
582
5469
1099
5969
7689
2530
3301
631
3912
4414
9476
8226
5387
4075
7302
1489
4992
8033
4318
7534
4844
3033
5037
6735
6336
2332
57
1964
8298
5514
8908
7212
501
1942
3100
5112
8078
2350
4930
2209
8835
1785
8985
5757
2666
4089
4981
4700
6300
1568
1742
3080
9165
3471
2664
8843
1784
8746
5455
8668
2139
1527
6244
7201
5980
5845
4847
5960
6311
7497
9855
3360
9221
4771
2070
8914
986
5679
9210
2909
59
1464
9001
8255
8810
5559
5084
6719
7120
2425
8614
519
5590
8174
2266
1248
7488
5773
7719
6565
7799
1958
7665
265
5217
1648
2220
4581
8318
7136
7751
4298
1218
5947
9491
2916
5258
9234
5695
7951
669
861
3346
9923
9009
1843
7299
3163
8374
1908
4280
6580
2035
9513
7082
7073
9115
3044
8577
1851
2539
177
3729
7733
8436
3998
7425
3533
7087
7239
4531
3311
9586
6057
1893
5603
1421
4745
5987
1207
5985
3053
5159
8872
7582
3927
6927
6905
6999
2915
9656
710
7477
2214
3884
6147
5396
1109
214
7613
9550
2136
4366
2178
7698
3907
101
9004
1361
8980
270
9016
9381
2108
439
4933
6894
836
4756
9048
5466
3665
886
3501
9583
4961
8140
8711
8680
6405
3574
5544
155
1353
4706
2349
1779
8622
1766
5441
8543
1497
3896
2722
5718
4757
3053
6032
1957
3283
2556
7649
262
3458
8590
3921
6366
5801
3509
935
3332
4704
8598
35
7881
7727
3636
5796
9144
2030
4939
9126
2684
12
4629
5016
9448
2252
3164
9915
583
9081
6477
7415
2705
2138
5765
6232
5574
9936
9307
7333
3226
4540
2490
6609
2189
893
1897
698
8150
1575
5528
8351
5739
8752
1641
3519
7488
8229
9833
3260
7305
4393
2666
15
8958
3933
9022
5525
6954
2602
3874
7302
9951
6523
6676
9686
6475
2296
1283
1317
8255
7774
8258
3601
465
3402
6136
4331
3680
1380
9207
6023
2079
6568
4438
7469
9793
6063
8141
9132
8415
3020
6381
9102
7432
2131
7770
7143
1318
8340
1639
5767
4745
4837
8700
7711
5106
1405
1621
8128
9918
7693
4586
9774
2653
6713
151
1652
4158
5076
1383
3698
4761
154
9202
1633
8712
3910
4960
7750
6771
1748
4872
6357
1254
6289
9834
7069
4401
7694
9174
9553
9517
7604
7479
4295
2166
5169
4159
793
4041
2608
7055
5146
5419
1159
7123
4194
9427
7866
7417
1562
3493
1884
7564
5939
4252
102
2385
4048
5779
4016
3421
3620
6177
13
5121
5318
6639
499
6595
3969
9622
3463
5306
664
3802
695
4422
1462
6957
785
1913
6820
6577
4226
7894
5876
8846
9640
9813
1290
2812
5576
687
8363
9790
3916
4396
7949
9579
4772
9191
3406
4778
5005
1707
5472
8361
2112
2429
2673
42
1761
3157
3465
8219
3383
218
5565
320
4251
600
4529
1151
6682
7857
2491
7016
4197
1405
4770
5535
4376
9663
6676
8280
631
119
4311
9869
6659
3197
5207
2191
1228
1504
5054
5783
5281
4907
8978
9575
132
8848
8201
786
7225
7989
5639
7636
4092
8248
5144
5359
7121
8623
3049
3588
4551
8288
3120
8506
8230
7178
9676
3662
4200
9871
2551
6952
6404
6782
1815
5365
4485
6753
2292
774
6537
6528
5637
8500
5461
2752
8259
4879
3814
6939
543
5154
3362
845
9087
7300
8013
8888
1987
5613
2088
8021
2198
8386
2323
4088
7568
3968
4547
1742
6584
5714
2543
4518
9063
5966
6676
9065
2792
818
8937
903
5515
742
3517
559
2777
1598
6427
6587
4337
4447
351
5926
5137
3355
3299
5371
6896
3883
8019
5499
2344
9400
6399
5802
8946
5925
3726
2135
9482
3773
1342
7975
1873
7428
5578
5116
9440
3133
2277
2647
5882
3864
6627
983
3803
7333
4439
5020
1325
666
6599
9405
5193
908
9852
5826
8458
9613
821
4815
4797
7363
6634
7630
7412
5377
3438
3096
7946
2004
5534
8879
3154
8060
5623
5243
200
4469
484
7519
5785
8561
9988
7399
9070
4355
5258
4545
7154
1483
4094
8853
9397
1049
1441
2658
730
960
7614
2758
3355
1240
987
4313
2988
7088
8959
1783
829
8366
8542
1304
7240
6036
2991
7966
3947
8369
7374
4458
5104
2977
7630
3100
9447
1699
9382
7445
661
8341
3500
1802
2645
2237
928
6167
1549
5254
1903
9454
2668
9141
4631
8763
2160
8936
1322
2597
2068
58
6988
9107
1318
5541
3527
4664
22
6932
6222
8604
890
2292
6414
8169
9502
887
4240
9631
3033
9796
1275
1236
6636
9390
7366
3820
7363
3887
1339
1616
6990
7873
7271
5870
4665
5881
526
5517
7718
177
8476
7051
2493
8657
2534
3574
4954
7161
3583
9891
4596
4477
1190
30
7630
76
3421
3902
9718
271
5764
948
1963
8027
9956
7344
8140
7891
2200
4624
6300
5486
4853
7831
6241
512
2042
6325
8955
2807
1682
6616
2722
2517
102
9935
4760
7092
272
2327
9213
8795
9819
1780
1250
8860
2598
3374
9269
1158
9239
7541
7899
1358
3036
578
7307
86
6396
4987
2295
9799
8413
5282
9462
5392
958
4028
861
5034
1668
6697
6284
8631
2275
229
1588
9703
2018
4490
6566
855
241
5055
1719
806
118
5025
2559
1093
7810
4156
9569
7707
9827
5
6469
5426
3602
7624
3137
6241
1181
9738
8054
5751
1503
9898
9431
4049
5051
4937
7668
5032
4824
2002
5716
298
1206
9719
9313
9411
6383
9194
461
72
5144
5925
4307
2495
4070
4391
8505
2462
8494
2364
593
9695
9285
791
4558
5453
2902
7230
4339
9647
1730
1603
5655
6829
609
4154
4789
8755
6854
3899
464
4161
273
390
4276
5468
5055
9838
1943
1781
2956
1892
79
5316
2184
2065
7693
8561
7270
6303
2790
7470
881
9845
8083
2932
8618
3037
9854
9289
4781
83
4365
5259
6594
3692
9851
8572
7855
4816
6721
8169
7978
8150
8228
2009
9867
187
4632
159
1024
1407
6419
3659
7851
3628
2572
3459
8166
4099
1586
9353
1383
5365
1880
2586
9790
9547
5230
2627
7387
4642
7755
895
2700
5414
3798
6033
4644
7290
7764
9947
7000
9618
1020
4393
9459
4493
4103
2189
1417
2514
3763
5656
1464
5589
4294
5025
2314
6886
4559
133
4903
8231
4952
1019
8152
3192
3879
8562
5110
465
6116
4042
4049
9675
662
6764
6364
4091
8486
5495
8246
8844
3477
104
8243
9224
2297
4021
2121
7747
6258
8054
9431
6500
1451
5984
671
5664
2221
464
3845
9364
909
8192
4863
8367
9685
5257
1388
2667
3343
549
4657
86
5678
639
3966
8145
2135
2762
8688
2948
3565
6346
319
6187
8331
8595
3479
9026
7209
1869
9221
7448
8690
2785
6583
3731
7116
8658
1990
3872
2934
9642
8367
5877
9232
6000
1884
1221
8356
515
7186
9150
6514
8518
2276
3891
5961
2200
1860
8305
7010
5774
8425
8833
2806
8512
3053
5129
9104
8029
4013
574
9613
8923
5396
619
9168
6255
6849
7111
3106
7029
1700
4773
4743
2653
7048
2813
9131
6610
7434
3971
5179
9128
4727
7969
8688
3825
7156
6630
5525
637
4999
8074
2666
1612
9235
2669
5842
912
5393
7163
7447
196
9305
1758
6190
3523
4640
4192
9636
4006
9563
3546
4375
1598
4066
1150
6641
1290
1280
2798
1903
1301
3351
7368
1057
9152
8320
9310
4874
2792
6304
8342
3798
4723
6022
8891
4859
7868
3185
6029
3704
1800
9630
4652
5147
6420
4942
6380
5759
7357
4086
7653
6450
524
6129
2170
4500
3196
544
8788
6715
6777
2450
7195
2164
1367
1742
5568
8132
764
5517
5690
3116
5483
4197
475
4571
2446
6815
4126
8861
3999
3642
8751
6881
3795
5401
5046
3865
8355
4311
5554
5098
7977
3099
3855
8436
3395
5142
1715
6651
3271
889
2378
9395
5860
3748
5724
2666
2048
857
6440
2320
2691
1455
5504
4242
7567
6051
5536
1779
2955
7576
4204
2539
2875
5727
5317
122
3869
4994
8007
8485
482
2314
7122
2641
3302
9504
6771
4206
1038
4624
8847
6794
7550
42
1547
9207
5589
4723
91
2438
7845
1544
3109
9186
3538
5490
6865
4154
6247
2277
7792
3030
7887
8226
69
9659
2055
7437
4164
3705
797
25
470
5681
4596
3278
534
5396
8248
349
363
9047
1464
6938
6738
5891
2245
7016
1832
3880
6885
4099
2961
6482
2740
8023
7864
9684
2376
9678
5683
4864
7952
9798
3409
3528
856
4880
8675
8815
5803
3925
6949
7625
7414
7635
2136
2641
6197
213
9629
3673
2620
9489
575
5164
7508
8139
6574
2800
9088
2999
4468
6023
8971
7164
3061
2980
7024
1300
8824
3354
6644
3519
5132
3040
3828
6871
2329
2033
87
2862
1989
4480
7536
3219
8031
553
7251
2132
7403
9731
8897
3741
394
8993
4066
1407
4854
6408
9949
9356
2375
666
2007
6767
6085
1409
3366
808
1194
3511
1456
9109
307
3346
2117
556
8851
7565
4629
1172
8900
1617
9536
9940
1115
9572
6009
4739
2998
6888
2214
4511
5285
6915
3014
4825
4531
2830
1343
6573
9711
9943
9299
7455
2011
6706
4158
4769
5392
6300
7887
2321
1948
95
4160
1663
7289
6706
8388
3213
9179
1976
8013
5631
9206
377
2423
5825
5642
621
980
2920
6508
500
1012
8288
5330
4819
8672
9077
5690
4346
1059
5326
3016
6673
2839
3011
8298
4287
7704
2687
1497
6013
2470
6064
5918
1327
4092
7771
2863
8050
296
1037
613
7636
6103
1853
3211
2684
2126
413
869
778
8919
2606
8426
8633
5782
5155
5792
8081
1383
3310
8755
7113
1735
8247
7697
9946
4459
4716
4021
6159
720
1505
6734
8473
1072
5640
6331
2206
8382
3164
6693
3425
8734
6951
9593
3293
964
4692
560
9611
1399
9055
8653
7027
9330
7448
979
8526
7143
4134
4849
8154
6400
440
8154
423
115
3286
8085
5327
9905
1079
6622
2291
3116
1452
6567
5264
643
201
4399
7200
6507
2116
508
396
7755
4582
5144
4271
1444
3934
7014
9462
6171
1925
399
5684
4293
6412
7853
162
9870
4561
8068
2724
8741
5265
7960
1126
7816
2359
8943
6677
9271
3314
803
1354
2696
741
4467
4641
9382
5256
6392
9768
8118
5852
1568
7250
6393
2556
712
9164
6695
9775
3802
2855
750
794
128
5220
3334
497
452
7214
9824
5598
2455
5056
8955
6330
730
2343
274
3961
1260
5314
2069
8531
8848
167
3570
3356
5290
1935
4881
5028
1158
4433
5721
7642
20
2028
8482
3532
1556
9790
4408
2474
7851
66
760
8265
879
7462
6554
7907
1669
5882
220
3163
5476
1589
7319
574
7381
3841
5711
6133
8954
2518
8572
3271
5400
1445
3632
44
5298
1610
7013
2380
3715
7573
7316
8133
8744
9234
5380
6571
504
7444
5822
394
1856
5136
5801
3320
3471
8325
4118
4582
4235
5738
3306
4196
9679
624
4115
8388
5202
9495
8617
8918
6100
8748
147
6659
2055
9423
6883
102
3016
5970
1631
6964
6441
5950
3645
2172
5292
9488
4602
1050
3901
4593
647
4837
6013
6963
1360
1112
9527
3814
2106
8798
3681
3403
8393
9942
1633
4528
8203
9766
3577
3146
8309
7948
2401
7201
3847
7328
4543
4853
7774
5237
5205
3966
3047
9486
5879
2129
3947
2365
2359
4926
7627
1991
7407
6918
7657
9299
5754
9594
7824
2433
3488
9711
9874
3591
8652
2846
7388
9878
1228
3800
9607
6700
6677
4502
3742
4755
7856
1806
9335
7719
9012
4866
5377
9588
6689
3746
7752
4765
1398
4369
6631
4553
2480
9766
8170
4184
448
4537
4831
8996
4856
8893
4137
4595
6978
77
3441
2440
1020
7439
105
7801
9091
6005
7070
363
2891
9314
346
7609
7849
4841
3730
2068
3982
9873
5331
484
1360
3830
8340
9549
3030
169
1448
5709
7823
6839
4450
3681
1120
4502
869
9063
9273
4844
3895
6655
4770
2154
9154
5562
9063
6182
9943
3460
9485
4790
7951
9471
5904
5032
7567
1029
5482
8671
1943
8702
9298
1991
2567
5426
5007
7369
8750
1878
1160
9371
2209
5443
1209
5247
7333
8005
5556
8235
1593
5903
4913
6921
2914
6459
851
1332
2308
3263
1033
243
1306
6636
7614
1442
6403
7247
7038
6236
9129
2122
2389
4133
4895
6045
6853
3124
1878
1166
595
3485
1836
88
5151
5100
6690
6335
2463
9934
9032
6273
7287
4921
8103
5704
3238
5309
5290
5053
1840
5922
6714
1974
3748
1584
6693
6512
441
2653
3466
9624
6858
7440
1476
5442
1514
1829
5457
5597
6182
5882
4989
3134
4070
2934
7600
7672
3360
3225
7456
558
9049
4159
116
9615
9544
318
7207
6784
4282
1470
2485
2295
907
6088
1781
5795
5495
6055
8707
5289
5901
8411
3625
1578
1501
9005
2697
1344
6606
5757
5834
3063
2654
8103
4460
5432
3047
7700
2217
7713
8186
8332
1195
4848
971
361
5028
9070
3689
1702
9902
3928
7448
7063
4735
7785
8141
8802
7432
3956
2917
75
490
8060
6771
5614
6550
3478
4356
1269
6448
8726
4544
5450
5855
8359
7951
8486
5283
3783
3589
1751
1667
5902
1644
1136
7811
8783
4732
9098
3119
5382
3914
5384
7750
8018
618
8665
9957
2140
514
2647
46
1365
4333
7468
6870
3455
2425
7236
5848
8753
6782
4413
2521
5150
634
9851
953
8927
5182
888
2482
9437
175
7208
2417
5403
9929
4091
1726
1951
2647
7516
2873
3217
8615
3367
1475
1644
5838
6471
7062
2194
5848
1340
1778
4445
1225
3963
1205
4047
8661
5536
1831
2571
4553
6831
5615
5308
7556
3640
8053
3427
5333
809
6148
1374
6626
6637
2683
372
9570
818
7121
6845
2312
3209
9635
3598
7708
1862
2348
610
6264
4567
6751
9668
5916
3249
6804
7482
6862
8917
9821
1227
3953
3506
9203
1824
5569
2164
1714
7832
7113
59
1374
4486
2753
6518
8144
1381
743
3342
3041
5260
520
4367
9505
9949
6347
8513
8580
4311
3371
5365
8875
9163
5087
6395
3595
123
8904
8672
2091
1646
6022
9348
159
961
4215
1417
1948
24
7757
8808
6199
5730
9483
4670
9807
8201
2300
6404
2004
1992
2032
7628
3330
4360
3123
855
2190
9763
2684
7747
4523
8234
6751
7330
4186
8002
1423
2502
8028
1656
84
9928
4132
6710
3669
6280
6494
3293
9202
4494
7543
5634
4496
4895
8087
5782
1809
8491
2226
1005
4848
323
7094
1327
4647
8553
7505
9901
5053
8879
3443
6396
1742
1809
316
3453
392
6351
8114
1197
9200
6019
7360
375
5536
193
6142
7448
941
5083
7673
6459
7288
5268
8944
4962
9905
1068
9914
4406
6403
3562
8439
6838
4961
8649
2465
1147
9899
4681
5086
5292
476
2310
4165
7389
8786
8038
763
610
5419
4203
7465
786
3449
8008
8316
8311
690
7392
2360
9409
9479
1179
249
5258
4511
8194
7656
8500
8063
9433
6455
5647
2392
5980
6809
359
1501
8610
2801
1305
6607
7038
6677
6198
5991
9509
3278
1344
5023
6186
1775
5490
9469
5012
9568
4397
8909
2257
9686
4396
8186
1044
2672
7465
3161
7369
8929
9672
6739
409
4405
1713
1596
4586
7217
5723
5524
5406
8572
1396
1370
9995
3508
2621
5928
7899
7710
7298
5839
5225
9294
7688
2880
3804
2031
8510
2531
2689
4207
8726
6584
2960
5162
1229
184
6049
530
518
9287
1591
8776
6085
6120
4538
7641
7190
3180
9619
2792
8974
3497
2272
2164
6538
2467
6567
5013
1108
7674
1783
2921
3603
1728
6235
6405
8642
2453
3256
6154
3049
4657
6565
9366
1607
5293
522
7508
9538
5550
6384
5665
2533
9807
968
8972
8199
7946
9240
409
4060
2466
9345
7809
2981
6672
7420
7130
499
9609
338
543
7977
9784
4699
6924
8335
5837
8766
6680
9107
5217
6823
7694
4426
8501
6246
2954
1043
2214
2996
1229
9149
6319
6817
3117
4927
8588
2521
8893
9509
9878
2261
788
8907
3647
4381
2636
9073
6572
1515
3561
3758
5722
9115
9107
5105
3070
3358
1538
7843
9645
5326
4150
3896
8981
2092
7424
4997
3558
7189
1377
2907
5905
7539
8605
4721
3227
7199
6714
2736
8717
7045
8923
3047
9164
2864
5540
2319
6640
2292
5497
7785
1091
3402
9703
6212
552
6373
9647
5690
2021
4148
1658
8970
5326
5345
1934
5312
1871
8230
3532
9872
7958
7759
8466
4723
2571
9290
1636
3592
2413
7483
6626
5147
8171
4044
3286
3410
43
6130
7068
1796
634
1739
4014
7141
4721
2339
5035
8781
2192
7493
8356
5366
5146
3342
83
3428
8908
6286
1767
9455
9227
872
2944
3995
3001
3881
4084
8649
2804
6677
9244
7910
2411
7164
8831
2657
6750
3756
1608
1674
3553
624
470
8390
7596
8343
608
8975
7250
4495
5235
1272
9436
127
665
5903
6258
580
7656
9035
5669
6387
7588
3732
6924
1806
2194
8433
2424
5170
7354
2461
4342
716
1415
6963
913
9403
3759
8585
3954
8129
6698
3593
3669
9396
3681
5449
2569
2513
6420
76
9091
640
7991
9778
3360
290
6330
5098
7509
3095
7316
3576
8708
316
555
2338
2222
1393
3907
580
287
3289
2849
3667
4394
7930
4282
623
9650
437
973
177
3347
7343
3849
7092
3659
7166
9788
9232
4056
8976
906
4817
6190
4
3062
5286
5813
476
4560
4758
4701
1962
795
1037
1759
1239
6937
5603
8418
178
6742
5934
6311
1254
9294
206
9313
1797
3068
3270
2420
3776
4416
8010
537
8072
8747
2340
4795
4319
5514
7857
2385
3400
8093
4280
7304
109
3299
8315
9549
5711
7684
6534
4372
2695
9178
6804
135
4507
7629
8208
9359
8781
4858
3161
1288
429
5327
2863
436
63
2950
3819
5934
4007
9899
3243
3593
4865
8379
8602
1013
397
7211
3549
4910
8599
1154
6042
3985
9189
8468
9044
2955
1465
348
2097
5487
3366
7814
4316
5876
4016
2534
1974
3305
7308
9656
3960
6310
5734
2549
2115
3952
4978
9806
8072
3801
7946
1673
1812
8466
4325
1957
9107
797
4873
3707
2774
5811
8439
5171
2942
1999
4645
7488
5432
9461
4186
2313
2579
4979
2914
2949
3884
8578
1968
5282
3115
7064
6003
562
4662
7102
7905
9955
915
3353
2065
7066
2843
7879
5621
267
1706
4024
8932
1415
5507
9079
8741
7426
1169
4259
4631
3295
4888
8286
5854
4667
649
4961
6487
8579
7716
3962
3325
2835
5096
4115
1364
6988
7526
2224
8563
9921
3652
3909
9439
5151
4717
2945
6178
1270
3461
348
1258
3224
6427
6760
4285
8732
7687
2934
6170
1647
4898
7353
3772
6889
165
7647
328
6135
8634
8145
6373
1898
4271
7112
155
2028
9209
8122
8195
7770
7764
656
9183
6034
328
5861
4947
858
9576
2173
240
9019
5860
3599
6786
7128
3215
9937
383
1663
7771
3983
1023
1866
5775
9767
347
802
8122
8963
7582
9378
882
8468
9913
6787
1413
1912
851
8889
577
2552
925
7305
5103
7313
6227
2581
633
5709
1262
2998
7164
7516
1398
2837
8489
6436
5301
5238
1446
6627
2199
545
1906
8300
7053
686
6741
1142
7649
6860
3413
8845
4980
2895
9557
1746
1843
6036
8664
8038
1512
2705
9139
79
8381
5518
4145
4756
603
7578
5616
6603
8161
1020
6072
5292
2159
5463
3468
9746
1010
2888
9881
5662
2810
1055
4011
2807
4359
2760
5887
6690
3267
1189
5107
2553
8344
6554
3594
4315
8722
7860
7740
7441
2415
790
3897
3416
8467
5810
1726
5808
2617
8817
3952
2016
3619
1791
4998
2339
6274
9894
6483
2531
5921
7317
8608
3328
6860
380
1832
4173
2782
8999
4733
8568
7224
1333
3209
548
8093
9107
5983
5029
7050
8730
4047
2727
3955
3202
8872
4123
6553
353
7175
542
9479
2885
4222
8952
7980
857
5681
7326
6275
2999
9321
6341
6733
267
4571
2228
6160
7791
3315
7364
9865
8280
1706
3223
2414
7004
6598
9138
9006
8351
9552
8904
6809
5577
5121
2276
7516
4629
1478
2994
9028
5768
7299
5675
8292
5020
6900
3356
6514
8425
6638
1122
459
5711
1875
2948
8551
1682
9893
4492
1047
7538
4178
451
1915
6837
2845
1544
5408
7907
2734
3965
998
1295
1663
5439
5728
9085
3767
1151
1781
3764
5540
3378
8707
7218
5137
3921
8899
4022
1495
6078
6135
7118
208
6436
4416
7293
4774
7657
2093
521
2250
4467
5837
654
8001
6596
1957
9858
7065
4291
4893
5174
5849
5144
2741
8598
8022
6148
9894
3822
4786
427
4707
4232
3022
2655
6397
9798
3824
5338
3142
4200
6097
5927
2413
8619
3101
2222
5448
5551
2429
7898
8608
8979
9505
7449
4150
1230
5142
1823
6147
621
1304
9351
9742
788
8305
712
6406
5427
5024
6943
2367
8135
6644
5023
4218
4281
4823
2290
476
7335
1896
1882
6608
5869
464
6632
2553
8944
4007
4504
4688
4423
3151
7431
4460
9142
6973
6115
1231
2632
7832
5581
1436
7000
3674
7725
4023
8204
8835
7491
7589
4079
9261
2549
4243
3305
2667
6090
3010
29
9754
9905
5359
4928
2089
8639
5601
465
6421
1507
6588
2057
8989
8168
5122
8959
1029
3878
8185
72
1205
4997
9752
6090
9969
6496
970
9212
388
5346
101
7436
3653
3423
1909
6508
3788
9457
6946
1962
3566
4974
7600
7210
1235
8738
9540
6146
4041
607
8084
1921
4081
5277
455
5917
55
2367
5148
7721
784
7460
6599
4239
7740
6455
3702
1695
1466
2900
8417
2180
6091
8886
9824
4447
7838
5346
2374
6867
5211
8826
5803
1868
4652
8015
2104
860
9620
1366
9580
3508
5043
4581
699
5275
9570
9691
6229
414
8201
9145
3669
2596
5361
177
7360
9757
6771
1673
4205
4070
7006
1292
4932
9772
8952
4493
9071
779
7116
5513
3053
7233
2674
7368
7845
9588
3244
4960
1432
4076
3228
7894
2303
5278
3075
8449
7987
9318
4212
6829
1820
8113
7511
5769
4913
9748
4362
9214
3726
1261
8290
8300
9940
2276
2639
8914
4634
1869
6765
4169
465
13
7847
9102
4229
3301
5126
5515
1615
7808
5942
801
5463
1318
9546
5012
7687
7450
9782
1491
795
7495
6762
1330
9429
3649
3039
7942
2973
7291
9450
7740
7093
9829
5325
150
5002
7247
7181
67
1286
606
4542
7146
8883
3193
3450
9171
4234
3122
1664
4530
5625
9852
1017
8769
7283
5245
3991
4744
658
9921
950
5420
8119
4440
6756
3969
6002
8909
3949
2829
1149
4436
574
3099
610
3792
5355
4185
7997
2254
1373
8127
4429
8417
8691
1419
6420
6683
2697
5453
2333
9124
7750
9548
2685
7626
5375
8196
8434
7574
2057
5901
5096
1094
5244
4345
8042
5021
755
8825
3622
4723
8527
9660
9257
4634
7963
2262
6362
2142
9019
9049
2275
8600
3981
5986
361
4384
6962
6226
1085
7964
5542
8119
3306
8793
3386
7079
9103
9156
5443
7865
3511
8822
4603
8848
2243
1898
1782
5268
8682
1372
3231
9054
263
6112
3232
5728
3520
6028
5057
7407
4743
4404
1431
959
6761
1056
7806
3785
1299
2603
8113
2939
2405
1882
7110
6188
1999
8806
3783
6490
5096
7401
6043
3506
5757
5857
9395
7836
4038
1044
7536
7376
8612
6657
6993
8569
2359
7694
1370
1028
124
500
4913
1300
5315
4979
3202
582
4559
3922
2451
3148
6951
887
1745
5833
3145
7999
1081
9400
622
5259
8259
1177
5017
6568
3432
5640
3305
761
7620
827
5789
1987
1062
3209
2407
2341
101
4290
5545
3329
621
1214
1836
7531
9159
7782
7312
9774
7910
1417
6830
5189
9005
988
4473
4493
9487
8594
1858
7044
6430
403
5659
7261
789
4508
3715
4836
1425
5298
7120
6056
8634
6404
5355
3066
4639
4077
1093
5649
8479
6979
5112
3415
6484
2175
9864
7475
1354
8121
4648
9187
5486
7391
8664
6230
2561
5138
1756
3700
7500
9741
5913
9451
9309
2978
9896
4007
9359
6419
4813
2700
3848
1978
3441
7939
5164
2998
6395
8159
7230
9634
9533
3355
4103
7891
4474
3426
6159
6350
6550
1866
4408
3476
7622
2557
6443
2988
1399
5990
5946
3803
1482
2341
8244
1650
668
6415
583
6291
9012
3557
7103
5073
4902
9166
4620
116
6533
2756
7059
3990
549
4712
6075
2909
1773
3907
8775
7109
283
2459
1971
3002
1250
5374
5160
4094
3519
6110
4842
3869
9946
8200
0
8971
7815
6178
1555
7093
667
7569
4287
1293
1260
180
5912
3084
322
5553
4902
1331
9561
9050
7520
1842
6104
7052
6199
708
4204
3331
5273
181
9246
9037
5542
6818
3763
746
6687
507
8514
5148
2890
583
5664
2897
1618
1364
55
570
8940
1576
7109
8328
6772
2522
9233
4642
1669
9815
4136
357
8120
1537
6390
6472
2948
5802
8800
3210
836
6297
2989
1931
934
1655
565
3076
4959
7577
9794
2211
2668
1482
4995
3047
1907
4196
9232
4869
280
6394
151
8165
811
1621
7589
6204
7999
7033
4224
5334
1574
452
2913
4095
5463
9058
7311
367
1986
4208
8678
5712
7482
7163
6743
6941
5489
68
2617
9401
7873
6770
6829
456
9110
3636
6863
3694
1914
5538
120
7250
456
3038
7104
4287
8530
9837
1761
8839
9054
9404
1015
804
6475
4320
708
6733
7057
1998
9296
209
6087
1284
4845
6051
3934
6994
6472
9298
3850
9865
8492
1827
4304
5006
6688
5597
8651
8154
8369
3265
8473
2865
2218
5940
4563
2205
4095
5451
6441
5015
8234
4738
4763
2738
6492
9864
3045
9556
4757
4267
7762
2289
911
4075
2353
2405
4981
9790
6677
8750
7873
1120
7238
4420
2242
7812
9557
8166
9436
1435
5612
9347
8777
1887
6868
129
4398
6861
2288
9005
633
4718
2199
8624
230
6224
2047
9737
9361
85
9925
6205
5461
6712
5273
2777
3763
1639
9525
943
2655
2161
222
1540
1236
1454
4452
4629
8359
5525
3588
8961
6313
2814
2572
6744
5861
4869
7054
4366
7898
2775
2606
9515
8771
205
6886
8034
3266
1346
6504
4412
3595
9426
3203
2033
1356
5329
3599
9778
6314
533
7075
5045
9511
1328
7174
8366
5008
7694
5682
871
7955
1512
8036
5180
7422
1475
3488
7765
6865
8616
5682
4673
837
161
3455
4635
6759
2028
8410
5820
6013
2367
2690
2973
6585
9064
6745
486
171
3088
9759
6600
4144
1372
8093
6420
9561
4270
5885
3334
8231
6431
806
417
5329
7665
4966
4360
9976
3109
2329
1894
7426
7896
9430
3899
9618
8842
4952
7364
8953
2845
8505
8918
3670
8294
9034
5622
1833
7091
6064
5320
1109
8777
7897
4626
9251
5768
8060
2444
4387
5613
5679
6022
190
5061
5137
4502
8215
6217
9719
2988
1903
7898
6388
6356
2904
7482
2690
1848
8113
9781
6669
5407
4896
5658
6942
4262
7343
7050
2150
1593
5821
7227
7840
4703
7332
1481
9353
655
1467
2650
5467
9618
81
7132
7861
3350
3114
5166
1302
4396
4375
2248
4568
5616
7645
8055
2842
6707
1576
1289
5078
2214
1641
8529
9281
5844
4026
4216
1168
2204
3810
5760
8904
3162
6883
1926
8782
8753
6481
2276
9629
8600
3389
3616
4805
6702
1040
8996
3393
7707
7475
682
4913
5892
907
9588
8230
8474
9922
4518
2972
7808
3760
7681
4913
40
1481
5548
9316
6297
7743
1361
7865
7806
7192
7841
2296
3086
6587
2693
3813
4435
4596
4338
219
3641
9319
1080
7202
4022
8273
4551
4608
7104
1946
5902
2219
5471
5574
9218
8923
464
9658
9880
2766
8403
6684
8943
3910
6819
4596
4509
5613
3583
3247
9540
7112
1401
5234
2448
5929
7210
8635
1808
6127
6591
8498
462
8329
6901
5407
2205
1879
4445
3270
6990
545
5627
2765
8239
8289
3617
1662
9809
3755
8211
3607
8772
4109
8407
463
7169
6977
9211
131
9267
8255
2018
8671
3619
1551
6956
4392
8463
5021
8897
6453
9159
661
5114
4478
2819
2414
3341
2829
2692
5459
6931
3665
4326
8220
5655
8498
8014
2219
541
1695
422
3331
9900
4290
6690
4867
6137
7349
5550
8591
1858
4573
7638
7743
7940
8692
753
9553
9834
5782
4555
4602
9139
626
3134
602
4397
1168
1996
254
4452
8529
2748
3838
4593
7089
5854
9830
9633
7113
9133
4850
4995
1297
9232
4403
3293
8675
5644
3950
6156
1596
778
5044
3398
8299
6608
8988
4735
5419
1663
2779
3587
14
4281
8710
8150
2335
3228
3967
1974
8297
720
8027
9113
5990
5273
3124
41
7855
9672
6906
7288
227
1700
5780
1058
5267
3409
2372
1662
6777
2555
3801
5376
6537
4993
990
3966
1632
8800
8191
4877
713
2875
956
599
1263
372
806
2283
8700
5178
2295
6466
799
782
686
3017
7260
7092
2488
9200
1982
4179
3210
6094
600
3976
9498
4974
7913
1150
8797
9402
5229
9282
5899
5234
1696
1014
623
7449
3261
4724
1722
3453
4741
8124
1719
2545
7483
4108
9290
1160
9117
1740
9538
9200
5773
9667
7261
1977
6765
4569
9339
6705
4952
5129
282
5773
9069
7698
176
6613
7079
524
3576
221
6424
7394
5891
4076
6692
8447
7008
8235
8937
4089
3574
5051
9117
3989
3261
5715
1840
9557
6141
7573
9664
8821
6495
8652
4171
574
6847
3589
30
7876
3603
4790
5836
1763
3941
9823
267
2977
3132
8892
9913
3375
9129
8404
9692
3185
1629
5297
7542
9592
6536
3388
983
8345
8492
2580
7948
1196
6864
7307
662
674
5744
4366
1462
7843
7122
2366
5988
9188
3508
1183
7166
6322
9392
8365
8637
9869
6049
6838
1076
6804
3424
8569
3618
1801
8807
6376
2759
8848
6966
7436
178
921
8948
278
9657
1336
8637
6941
562
1069
2250
121
8910
4501
2191
603
3462
2701
797
1175
4733
7582
680
7151
1812
3529
6018
5053
253
2047
1558
5996
5320
318
8961
6692
2473
5268
7659
3232
1450
5489
6692
686
3004
829
6249
9298
7673
5395
3205
9895
117
6137
9476
3555
5523
1565
1683
5014
1252
8125
7987
2207
3722
9507
445
7595
2922
7115
7871
5099
7440
227
3636
4384
1948
2222
7298
4054
2731
7012
4653
2330
3553
7994
985
6666
2737
7177
2317
3031
1311
2718
5426
9817
4396
4798
7834
2016
1393
403
7902
5346
6279
3239
6048
9686
3539
7659
3423
5611
5343
2517
9337
7221
7075
5093
5275
7974
1523
3842
3539
3525
3682
3557
119
238
2580
7137
6526
4822
4913
6126
2508
3704
7541
1329
235
7889
4420
7817
8372
6645
731
3673
5213
2636
6962
7165
6717
5868
6333
7355
4683
1251
8914
2407
4229
3698
5236
2210
9980
8449
4862
9472
9291
4579
5116
4517
6041
7335
5651
3756
2212
4887
6641
5748
14
5025
1487
2967
8292
6688
6867
1863
5688
2422
3729
2247
9168
2552
6210
1844
6327
4806
8477
2847
770
1525
1425
2648
9421
4939
2117
4471
5620
8631
9814
7130
254
8426
8928
1303
1459
7334
2008
1500
3390
1233
5477
3419
9821
8022
9455
3835
4549
4456
7856
413
2787
7844
4904
4044
6269
6882
4892
5263
6791
8199
9422
4879
4498
1851
6680
8384
7759
5586
913
638
225
2937
3282
7844
8783
2862
6386
7548
8265
5036
7357
1774
5698
8626
1780
4519
9436
4863
6510
504
5634
749
5789
2247
8670
8711
491
9447
6667
9271
2818
7983
1380
9616
6523
3033
9611
1797
8590
2649
1798
597
2952
3528
5428
5956
5851
3020
8894
6103
7295
4389
9768
5499
1494
1191
5622
8898
7645
8591
5436
8555
8463
5652
9773
7101
2724
8748
3733
8960
5606
5256
4930
7480
4564
5357
941
9342
7007
4927
6855
7021
3777
5275
9566
7830
3166
2386
4047
8305
259
4638
1413
4368
4955
9378
4063
9985
4657
4402
8128
8497
8895
43
2496
4760
7668
8593
2528
2948
4117
1044
619
7013
9130
7998
4055
9218
